fbe23cee779c6cc4a7bf66ce957598d56de562c03fbd06890c7b73a1c89a2916_adv,0.5888042449951172,1
d726385afcd60e400a0b19e3e66ef820c9e07eb7e9d877163a96b83b943d86a0_adv,0.027068044990301132,1
f9aa970fabcf5d1a77bf699f065b2abf83816907f7dd03b562d2c60c883c2396_adv,0.16159012913703918,1
2544b57d84b55d081e8f74a81fc47b6ea5901bf7cde57f45915f5ad99ffeb285_adv,0.5700443387031555,1
55ad2df8ed69ed1bb3f99fef34d16ffe2623f8f0b332c17278d4e216a85d6c98_adv,0.1127529963850975,1
182323b6b2123e22f6875b8be6b7ded9725b968e54b6a87cefa1cd1676c9f0a1_adv,0.9997878670692444,1
16e0b062a7acf9d4ababed81fe37dc336c1ad5fe24e0b6d22594e6bbf27e4324_adv,0.05523299425840378,1
aa25cab61a789adc9db0b41dacff6cb1da38d0428720c8c6554480f22879e9dd_adv,0.025112928822636604,1
60cb2c74ce37bf41cecf003d79201ed308bfe7981beb2adb293b883a79fb0fe5_adv,0.40855273604393005,1
fd36f8c285d9b5526933f36abaf2cdee25eb6666bf99932b7f6f22c9f8c93cc3_adv,0.2907010018825531,1
25d788ea2c38a35afb6a8ffd6a7d8c45a095ee1209e2992930fb00a4deb56701_adv,0.1899617463350296,1
467b078c1d5ccbf2bf2c44ff13329049d8cfcc2bf74db103804a7e4ce7671aed_adv,0.027679141610860825,1
050c10d0d2c188cfb63e1ac11f53bafd56f4def73802858ac1d4e5ab580a24fa_adv,0.5489416718482971,1
1a88a783b641d5922ac793ee5a251b7b8ea4dee001b9f2d90301e83c5e2545fd_adv,0.4313540756702423,1
464fec1471b14270ec0db1dfebc88ceee3626a065503aa99465256d8a0d8c034_adv,0.09916691482067108,1
15b196e90b607ea68d9f0aadd44d1a885cf04777b5388b004549a86ed4819377_adv,0.9251176714897156,1
2913ad82660fadae2a8873daa6c22cfce628967f846e306545fc57f860e75b38_adv,0.027330150827765465,1
98e47af11fa4ffc7ece43b33bd5525b96d7e565d23ecb66e78b82a803fbaa36a_adv,0.12080579996109009,1
7ce9adc144650e27608b7b745956db51814f954ea98502314e87ee62c0ff03a2_adv,0.4348604083061218,1
b692aa11533c48c4b73ae97b3f8e4bfcf6e9168c7c4d0e3498684f80cf4645f4_adv,0.03520582616329193,1
0a1af5d752fd10158790c99dc5a4730e252a9ab8bc0a2e4a51963a79a27b731a_adv,0.36745738983154297,1
8814453d55f11523cf400d74e68c8e6a4ab7bbf6dfe266d5abc95b0ae7740678_adv,0.4132062792778015,1
ca80ad5cd84061e7fc5763df3c2b09dcc21ddb200435dd9b36edb77e6c718a0d_adv,0.19469477236270905,1
2d7fa785dfafa7fd2f1205e55eb9f32312045ddb5555a7d993691596f9277f86_adv,0.050335612148046494,1
702658145d3c0e03ccf47718fa1f50da95627831061898421b9a88c8a08c2bcf_adv,0.4222148656845093,1
c45fee74e519604f29f65f19c0e84bf346d3f2811373da25bda088e79a607ecb_adv,0.9772579073905945,1
6fb6a087d78a5b3667a4ac293ecf59d39448af653ef99d1659ce1eef17bf3adc_adv,0.0651574432849884,1
b482bcc22d265d02f60bf0ed0fc361fe79128b5c6386c4a0ea060727af6b8690_adv,0.9998030066490173,1
a8fc8548fb54ea6a183b74da95447911c9bbc43fca370d6df8e0f5d2fc568641_adv,0.9664009809494019,1
13635868077fed793dbebab6032ad1573e5d3231a929986293de7a2527569d69_adv,0.15333467721939087,1
7bc608be56f102cab6098d5805f04c02834e787dc111a2dfdd64b2c35cbc215b_adv,0.38787582516670227,1
df3c0846ac862d61623e7266d0e24fd995587098b0a6a54069b10c2528c95bab_adv,0.10369177162647247,1
d7580f273e6e96986b5a2d55828f0ad4abb8483d38749a297e4797b8d06fbc93_adv,0.06657823920249939,1
287c180514e4d2a02267245ec168adaceda28672718d6285ccc57de58f591974_adv,1.0,1
1844e6c235714046116773f6c8156f7a975e90c98ecee91c3bbf00ba482a119a_adv,0.3940587639808655,1
bd0867b82672dad5b1a593476bd0b7e50b5b0d97d9526af6799fc8e105701f46_adv,0.023015707731246948,1
2f4757831f4af59e25d51e8242aa182585d411ae9ff6c4eb9c9d156ee052037c_adv,0.9902371764183044,1
309388052d499f91ec8a2b521ae65e365510312f6f8de5ba5320eb618ab0331d_adv,0.018800023943185806,1
40cc65a365b4902ed5d276fc6861b04d0ff09601d787476439436d596d3111e6_adv,0.4081234335899353,1
608251df4d750e01fa5c63c2dd8653928026232615997e37b0cd278678a47ec8_adv,0.22975865006446838,1
fbc275ea57a24a291f01985e906f2dd7033e0d147354f45acd8c8ec5272dd67d_adv,0.46521860361099243,1
f7cd3fa17197f99cb2490ee55877216c2f66ee345ac9921cb6cda3bb0ca4a84e_adv,0.0418824665248394,1
58c8a7f7eb8678b7e2cfab34b5792bb8954049e166954cba662d2104563b6b7a_adv,0.026320520788431168,1
64eeaeb7d275b2cbde24402db37519f1b589d7d26ee5827dea56a732a66d8fce_adv,0.011188175529241562,1
4c647d716bb3dd33efedf25034976be7301eec775ece4043d3abd84cbc3f8d85_adv,0.2673102915287018,1
7b1c2fbf1436dc37a9752b62e356cd8eca984f274d1b2759a6e3fedca863bf34_adv,0.011880283243954182,1
2541f4163a9c56441ad272f9530d78f3caaab4e5dd4d690cb62131f333db7207_adv,0.5508273243904114,1
8dba23ca015fe3a9994e38cc81e16d2e242f3eab463144b69425af9e21e382ec_adv,0.07755762338638306,1
5b8797dbc02e4019e1a9007b5f044a09f400aff50579eeb23b02b859524c457e_adv,0.1554003804922104,1
99579e147822119d292cd962c2ba7a9b1467f7b1c9ed4be94b8a54eef684b54c_adv,0.09331905096769333,1
c3513cbfd4715003a5c390496996caa61c5427a642dca150c03ff64e07e2bf8c_adv,0.43745458126068115,1
e65d97e91bccc25c9db79107e44fefe2e8e525c630eebf8a8a56beccc7bb2aea_adv,0.04363682121038437,1
4e1ca745fec96dbe37058f62d48e6be0cee029d6098f8e8b1d22765e18192014_adv,0.2870389223098755,1
cc18472d84b41efccbcc291cad14509d7b3195259cd2296b1f7cb3ddf032e189_adv,0.9902371764183044,1
926a2c840ed09ef47bc8ca22003e240fd6c8b3714e3887c1daec532db96147c8_adv,0.01748734898865223,1
b5ef6ffcaa5072c2edc2e054931ddafa334ee2a71daf1e699d0e6a97c6bd0383_adv,0.36361896991729736,1
4775605e1e193720aece4c89beecf822723de2f1e9a71534e06803aa92c51ffb_adv,0.0771397054195404,1
fcbf5fed7b383dbd728c7e2e0e34848f3bf91ef0b7ccc0a3583e55cfdae5a968_adv,0.15472689270973206,1
d5760534bf03803fac33b0f1082d22050fe3db1d86c02b890a8e4748b413be94_adv,0.025357114151120186,1
ca10d24994b2e76130bacfc3a1dc977c224f32cda9de1801204ab1dfaa6a2403_adv,0.4256332814693451,1
46231913e92a576de9cd3a8eba006f69e3ea94f510e76eb2015acf5c81f126c4_adv,0.4210425317287445,1
3c8314dd42d644ae3ff41fbda8e6a9a21d294e7e3274b3fee8c8985f638bf467_adv,0.05528024956583977,1
97d8e9ca44d806071f781cdee886a3753d0cabe865a3fbfc8cac8eea53877611_adv,0.06741710752248764,1
59721194dc0467ddff03246975e8ed314402a2618f9d63bfe8f15e4c2e5aaaca_adv,0.03568250313401222,1
bf3f4de49e8271601d77b245f04b4792ca619876c1b3d7f72f2f9c39f9917281_adv,0.1812903732061386,1
60ce20a2c884166e0b9185349a081a94457f5bf749008e2b5800e944acd3b576_adv,0.41221389174461365,1
259951566dd1914bb63dfa2fbbf88a433dedfacb899b6e5e99c62239a94e1cd2_adv,0.14016592502593994,1
819e124a1db8e06aa72f879675701f0007fef3ca273dee414a8cff3650d59287_adv,0.40403446555137634,1
8df9c2718fea0cdf00489fd62c5d8fed40be411914a37f6a99b73a66e934fbb7_adv,0.9999401569366455,1
1236076d3b0a43cdf1f61d5d4950409d6ba37a00a926dbe6f062ba5aba6843b2_adv,0.992223858833313,1
8c69f104867ede77f76c56a9595b8d55ad3d4fead6dceebea112daa7a873635c_adv,0.3501356244087219,1
90ee7691af1447e27f7b5fa8dc6948679008c065b9592d634f4a21798868c6fc_adv,0.29050159454345703,1
f72a9eaa1f2815a14086fbcf866dd1b7edcdbd6bd9e8ebf80cee48eed3325d7e_adv,0.13321731984615326,1
c2da1f45d108f0d35c6b51e9113e0f0a470a34dd8af2a1582859a87ecc11e75c_adv,0.14182977378368378,1
6c613f8f851ba4eea1e3c8ff7f9aabb65322289b845cdb0152959935f7e8b760_adv,0.06150948256254196,1
22bbf72f286238192a2ac1c655c34deb074bf0175d0d9ba1308d4a1b9706780d_adv,0.090810626745224,1
bcbc67e597d1a2d5a60c40c21325cba9771a24b6dc639ec39d437156eff679b9_adv,0.9991121888160706,1
f54a649f6c7d8b86e325601c19efd7ff3dd1e98d40d99677752bf4262eb4b7af_adv,0.02633202262222767,1
4370c5b8e01798afc0e6c419c299e6511f7c03717bf0579ffa7f7b64d99e594f_adv,0.9094361066818237,1
15c26e9ff37b98f47da10a38ae06bc1cd168a51389cdfe3ef7466aa64dba87e6_adv,0.051395442336797714,1
4890698e2bc848c5df73198f4b8fb15f5ddad5c7bca31e86a501efc0f474c50f_adv,0.529237687587738,1
bc3c772ee1cf1384af85961c3eb6e2821c4a7b6a43dec43373e89b7c9cd8e5d4_adv,0.06189299374818802,1
96ceade7576a1c04941e02162f6f0e7135444214334dd0313a2eeab9bab0b935_adv,0.0785912573337555,1
9aaa1343e0dcd1a3fd4ce873437f102d7be405659181f23d73e21c2b1c7cb968_adv,0.1226094663143158,1
2cdfadc5ec3d419d97116f125f948e928d84cdfa26fb1e4d7958e4d59139dc3a_adv,0.8951389789581299,1
6b7af2eedaa47e995c816d2bb840499259cf2f5c77c681b5a674470110bd0e0c_adv,0.17625634372234344,1
d344e38df981d7b9c4b46dfd9dc7c0d31fb34601116bfef0e0cc04e0006d6128_adv,0.4132062792778015,1
4e9512d88eea499a5ffadd2de3f3e8aae9ecaf66f5dd7a4bc79ad89c27878d38_adv,0.2827223241329193,1
1f4cc185b853b41ee5d0a56d7af47afded12280aaa4c0dd9d1c74c3a0114253a_adv,0.5500321984291077,1
d37d2ab8fffd300cc9e4b1745eacc64e41001f2e6dfbfc52afd61cfbdb1abe0f_adv,0.09703322499990463,1
452a8b888050b42fef41467128ba8c4afb08408a66e23fdbc913269ee67ac7c7_adv,0.05528024956583977,1
f6909e21edf4bf2cbf9004bab2310a2d6b397aee131080916558d2827c105d8c_adv,0.5225014686584473,1
62d09eb74a5b2c46669fb43ca40cfd9b4d1ea49b140c3c7a2521fb748af97b8d_adv,0.1027599424123764,1
c5055276db32e4f04694db10d9ab906aa6d72a8dc4293ceaaced89bd2b9ee8a9_adv,0.9961735606193542,1
318d905fd10b6034bab4e2f8abaca724027ab4dd0b6675080b1aa5ce8a266615_adv,0.13867418467998505,1
c2318cfaf3c1f75b7bf94732249d34c2490b4328db7b3ff22f6b553cd75f36c2_adv,0.15638719499111176,1
507669c536b2dae90fb83ababd555e7bf165f9e6a6241929b1fa3ea514eea1f6_adv,0.037909265607595444,1
15b4b3c2b515a5baf09dc52a7cdcb79ec86dbba0dc234a4b439c494ec04a6fc6_adv,0.9855585098266602,1
14bb779dba2f308772d790527d75f21945aae81b553d12bffd8d48757a468f75_adv,0.09017147868871689,1
eb3a982fbe70ef6b5675b1474e26a0617e1ffd1da22a8c429470593c4badf1fc_adv,0.08132971078157425,1
87fb0ea07a67d62a21c024eebaaadf1a7b2f6b008544f4cad0492e2bd9ed5010_adv,0.14392931759357452,1
61b4d2c3a3660dfe9790de9faade570dfad3288de362e8a4def1a4764a52a7ef_adv,0.9179776906967163,1
19c72fc6c8084d6f4d545a0e96fef8c0064c813180b976fcee4c401a1f5820b4_adv,0.6433086395263672,1
cb9403caf67545ed9049790088f16c08a6e3ef8e6385b7bb40c96fc5a4fa1331_adv,0.3972870409488678,1
640b6ed886c40f722e9c307b813a592749beee012e3378404663e02e29791a74_adv,0.02283095009624958,1
1a7e9beb5e689b7b500d87f4aab70e6f1715dbbe2c29a3fa3bde7d5174a66990_adv,0.7425784468650818,1
8578198d75f839d8f7600e3ef431e4c09d36a859c67fd8b45cdcd6992239352e_adv,0.4132062792778015,1
ae3e83f00b1e2e4abdfb5e0deab318250d05ecec1f4e29c8d8ebe663e6faf02c_adv,0.1653241515159607,1
5316c05b2d151846c8613d42189ff5950c8ff5ed41d37623a2b1f6eb5f4b3148_adv,1.0,1
65c422442722c71211ad76297aeefa522b8e975f403b3197e5aa973d75012cde_adv,0.10369177162647247,1
4ed9009b855b280780f39556c38953b88dfbf338e7f55405a4e5875af3c7ad09_adv,0.32162463665008545,1
59fbe523326daa53210a8a854fe57e3ea2261cde5a6a8ce0e5e2663b836862e1_adv,0.17809048295021057,1
273c942111375cf75e70dc67d8bfcecd1d87253f57eadedb2b0d4d01bbd1794b_adv,0.13903437554836273,1
3bc7b7c230b536896b1c8033323eadca35e4d651b351658a006a3bf2c7438145_adv,0.15472689270973206,1
73b2338c57d7816f763c9f5001519e67d53ae8050b5388ce9c91e754befa28c9_adv,0.4132062792778015,1
ded17484831a748ba784c18f60a455a2ecc1fd07ce2e576c70f4886f50d2a0f3_adv,0.9946240186691284,1
a3b249902ead7aee8a83de6d9302e7e1d939f07ababbbea806b42acdaeb96e79_adv,0.015234537422657013,1
c091069d47b1b56209bf207054437070e67bd851f69d75bd932502b0f2a3c4e4_adv,0.14638088643550873,1
2251e5db697ed297aefb817300289dc3d2afb5f7232dddeb765e95cac9c168bf_adv,0.6052582263946533,1
f45eaecf9bf3a6e40ca8bbd34b35cef06b345b2f95fb3f6550c145d699899150_adv,0.1899617463350296,1
61efa6c57b5b5c080a77ba620761bf1585f17847e233e81412eefaaec215ab3f_adv,0.9179776906967163,1
eb7db4f82bdb09af43cbc0894a6f41c04fbd21f19196659338e80100e41771b8_adv,0.5760935544967651,1
06940bdba646c55474a7124e8ce0aa684ff5f9bbde7bf27eae6e0853927691bc_adv,0.04886395111680031,1
a0f2dab1a3b900bde76af5648afd41788d91835c780ee9ca09b41a783f1b45fe_adv,0.042763322591781616,1
1cb537c74d370df4abccd0de2bac6aa4000122b1d1852f6a9411e7e9af37104f_adv,0.41221389174461365,1
4b93b497231a0fe8b6d2e5630640f1b7e3b86a79bb72f37e6ebd13e98c177afb_adv,0.06290164589881897,1
478fd62afd027e034defd4e240a773aacd7e33d3003b46bececcbc76cb506bdc_adv,0.40428459644317627,1
bac4f53a66b2c16d8f1b26da96174aa30cd290adc78a0b1787f07b1f720e02e8_adv,0.1957482099533081,1
3484ffcab3326419282f1ceefce6a617f3207733875daa3522d72b3452f8f442_adv,0.22893822193145752,1
d2f6753c406c0c9b3aef80cb4516cecde39f401b5f29a50037b25ec2750a17df_adv,0.7515591382980347,1
6e46db1e16e418c9fd86b39d7a47db0546f4c245cd93dc9875756775a8211275_adv,0.8074038028717041,1
b85643ebf7f9e5ef28e9f6f6af89a716feed35260f18061e2ed6f324b27a339d_adv,0.02212216891348362,1
b59ca61715ae382b4fd2afbb1721a6ddc2dde3045257d667cfa5dd0553271ccd_adv,0.9791256189346313,1
dcc84414acce104d10d59d9e550551325e056a7c5f1acae3092561f2dc1baf6b_adv,0.10369177162647247,1
4fe89f52ed55410b1ee544e52d5758322db4971daeee7be2d97443955cc09a68_adv,0.07741515338420868,1
f3fe6ce32fb102611b42c10cc0f1b7a88f23155e2ed14dc158689347dab6fa18_adv,0.2405215948820114,1
8056f48692d03ff491f5f5b4710878faeb443b2c4e799b3859159cbd9a699196_adv,0.9998278617858887,1
30f387c2225ad14fdaaf596d3336e2224512f026cf6b42b1c58f746dab744a62_adv,0.9455116987228394,1
4410b01a296ebc6df95b573f0e651fd100b2b098b79e47db2271824ed3aec538_adv,0.36743515729904175,1
3a79c00dc9577835aca3f9f0ec61d99e91e7123057adcdf0cd12e302892e9b7d_adv,0.529237687587738,1
5abf3ef4e7a38f8ab53c93a18259d22eeee717464a2cc286bab2cc742aafd841_adv,0.06290164589881897,1
2dad38b4d6f1f4029a07c97451662e0fb8c9d74aa03ec70960dd9c3d3fba96fc_adv,0.999818742275238,1
f12e0871812e586d4273b2b36d520374c75f3f77f76c9990fa93b7d2bb11d98c_adv,0.07487395405769348,1
faeff9b238505d9fcb553761cec755110b08e31ea88c3d8a921055958af7ff2a_adv,0.02283462882041931,1
c5d764e13a3d5cc73844e7ee7acd5cc286f6cf9030a005a0a12f12da5d744789_adv,0.09328634291887283,1
e0e9ab34bc4b96af84c3111b373e181924a080953ef66eb595f1b6d16ae4c0f0_adv,0.06054118648171425,1
09a246cdda60154a85eb91bdca7f3373666435f9be81d325b54c1a53a412f2df_adv,0.37775087356567383,1
af68c0f9da9ca7cabe8bbf5b83a4e2927d6e0f076b30c66a8522d7d041481db9_adv,0.06651826947927475,1
14da21c13590482ecdad50ccd1f1037f9cfc02593b579f39999a11793799b765_adv,0.15472689270973206,1
814f57d2827ad457780b50b17d91c9f99fd32e08473170debf3b43bd478ab561_adv,0.981479823589325,1
8699bea92a52e3c482dc6c3d23f2f3d891a98fd9f3ed6a9868e4aa63eeff9f60_adv,0.056326963007450104,1
5cd82a3a45c14c6cd0175d84cffa93776eca838eb4a59dda470fe39cf7e1429b_adv,0.37408646941185,1
f312e20250eb56e6afb87dcf4fc5a63d1e59682d1c1a11d7cfbbbde202ab5983_adv,0.9992221593856812,1
5d7589bb13f0e85380c0c93b8ccae981700afbfe5777a28fe313300e41d7fe11_adv,0.9737825393676758,1
1c3c1e6fbebe38a46282bec768628c0aab7ebbb7d9893d3a5ac600cb3567bae8_adv,0.0436476394534111,1
c9cd4ebdb665429c89f8d40c0076264867db14883dcfaa443e6135bc707a0cce_adv,0.1253882795572281,1
a09925bb091f958be5e59cf968502d80532f9ad299622c45133a4209142cefb2_adv,0.3624386191368103,1
8324cf3189197483a43a22176c9e886d71ffaca0aceee65839d05bbb73baeba5_adv,0.11501332372426987,1
cc86663d7a767ba81fe334c6600c1bec984f67bb8b127d75850c632ea80c0cab_adv,0.9664009809494019,1
39cf5ea18a5b4a073b4453c67c5ce591e1edb2c0366208d67dfd8c3d4d4d53af_adv,0.33612310886383057,1
4177eeb3c7884ff5c1ba22106b44966b6223b022a2098125dfb6c1533ce04393_adv,0.12860892713069916,1
b7a5c55c776cb7080658dd47c8e961f26258df5c7e672cf76d0ec0585c04acbe_adv,0.4413900077342987,1
392cab59776ba4e0fc757196a1e3e8fc8f77682c512fb7d01ec76aa43218ca65_adv,0.7532086968421936,1
72628e9d24745681b254c628ddef80d4850a1bec202088c539aecffd62623ae9_adv,0.28415408730506897,1
26e65dc38ba7cd0907b6d0c180eb064755d8eee52086d5bcf7f8004fad0aba1d_adv,0.40371233224868774,1
69539d4458d4aa074372bb8aef2db32552ad926458b51e7ae9508c1268f8b6d5_adv,0.031021680682897568,1
5b2bd21529a78a4254eea1f487f5596c0e933b5e1a7ef2553adbfddc860f7912_adv,0.5371654629707336,1
026d7d7c03748e0cf7e57451d4a9590499ea35947bb3c5b69d13971fe5bf1ed7_adv,0.9997931122779846,1
e942b29b875e33e195f48d7c80e374b4e7b4913853352a15a7e5f98635228694_adv,0.11307048797607422,1
2c9430f6160f424d57c05887b2e1c4428222ff5a72cb691f354e3c38937af9a2_adv,0.0621846579015255,1
704b8c3aebe3f7fe3470bfa0dee0a2065261912118ee1d5bee4196972ac8498f_adv,0.11358066648244858,1
fb9b76cdf41174a8b09c0bbe974e6475a0987019166d75c69259cc703e577e74_adv,0.08608904480934143,1
962c6c21e5b26302382b2ca11d36c3db12cbd5b0ff5e2f771bf151ae8bfe454d_adv,0.9994279742240906,1
afa728f9dd946360174e69d02ef069e471f676d3fe958b6a547935b05e9e7edc_adv,0.9930517673492432,1
5d2f54f3e121110418088ea98a0417944c149dd1542e5013d50ed5f18d5bcce5_adv,0.9997748732566833,1
a62b0440fa17b7c04ce6543e69b4e27046de1950faf73a6806819b683f2a8672_adv,0.3823966979980469,1
9fad31c3967656b7fdc8c50322907e63786a3f70e7f2fafa7c6605ded1830b32_adv,0.32816803455352783,1
a6e96afb9fddfbd9c69f70e22230c83ca7876e3d6ed03b8546c800ec007fb07f_adv,0.13719697296619415,1
0e0869a3f6a90a41c6a955c5e40c0e2fdb17c1b01295e6db2630e6a7d6566889_adv,0.057390011847019196,1
c58f6be8255cde764bf5bc0782f4283aa1777351587501ebba5a127ea1e9b7c1_adv,0.2978993058204651,1
08a365c7b8e16345771940796a16d312b4c5f381e2845aea1b79690c772d1b2d_adv,0.9997023940086365,1
fe4c0a61307f08d82e5c441c7cab9d1132db02f4530957435a81e2d380a85f3a_adv,0.22975865006446838,1
c1f657841eff0689e339d3ecc0f1695967ce2c8514540ce9feef167299c4c400_adv,0.031021680682897568,1
f6e6aef70bad630832a52a2bdfdd069b661e1a2b84efc5370043c2798b34fa58_adv,0.01283346489071846,1
24767e2eb54d3c5b4f045b4e0760db6cc99529147f1f8e7d2a0105bc9c411239_adv,0.16460472345352173,1
4825009b163089931a0ea8274bdddfb73949ba7d445c81ab7b569d9ff9e5a3e6_adv,0.9967719912528992,1
d89b3db9ed2d19598531886b3df139fd9b046955b7709aa5f9eed14e7be032f4_adv,0.29672032594680786,1
d5a700f95f6d077d33603f603e027c04db7be5d93f3458b5375a1c299e311505_adv,0.09986356645822525,1
00c50baf52bc23e1459c2ac9e71b541b4675c43c8613c55dfe041dfcd4445dad_adv,0.2522519826889038,1
ec7a8a3204800f1e6c8e0d1bb985436910c53b31a9275e8d565ca39de66e5c63_adv,0.09703322499990463,1
647ee5c6c69dc3a95765da6bc738ba03769c85f7be7feb5e9fa46dfa100be153_adv,0.08772837370634079,1
fb9155ba0eec1d8dbabc4f83b4c67ec7c79517b35e200ed4d595e46318c55d00_adv,0.19128502905368805,1
556633be80d3d9387e2fc857c539cc73bc4db71526c45b5714bd30f29df71672_adv,0.3972870409488678,1
4a32f217f1836c4f93935c20bb66cbe2d40fbe54324ce19f80d15c013307921a_adv,0.05555087700486183,1
106e65388a9218515f8c9688345ef3fa97cc22b1c92329675aa87247b968f106_adv,0.15638719499111176,1
26c2129a7efa6ad390d5e4852bd05b74ad6362c40907c9ed29c3b216aaebcd57_adv,0.07974226772785187,1
c9d970ee2c06d0bb0c5f219fa9196cba871109504ea20e8ee7d48b2a709055b5_adv,0.029894202947616577,1
9b491a92ca3d5b6531881533f953a950382355e4cb8efd4696e4232747e93d9a_adv,0.12070854008197784,1
f947a7e5fc61b9c1a292c6a2751a7beb6c0e2ed25626d51ec6cf21c5ec7adc63_adv,0.08305446058511734,1
a043929ff5614776ac5cf3a6cf024d6429fde05e4c23aef6a1251b1c20d3085b_adv,0.1802055835723877,1
5fa7cf9770f90995a74807b4624ddce1d3a8a4a23f9da159daa088d47c63d665_adv,0.07755762338638306,1
a47b2cbf63ad7c55a41ac4037328dcf47569463a2691274bd7127c22b09d93f9_adv,0.004513994324952364,1
98bb614d49eb60076b62b37676c10c34db33364be9e428075458da1a49c1b652_adv,0.13577239215373993,1
c3cc1eb30b9f88a2bfaa96ea6b9802acd00be7bda30145e09c311c8283b883e7_adv,0.17154797911643982,1
56dac5fcfd4cbe60cc9642cfe1a833cd5e191c4c05502f2ce0d4e7f37ffc6689_adv,0.4118693172931671,1
2e58918c4976101563e71b376222dcee67f7a1f48bffe377d685be2ded9f7846_adv,0.020140139386057854,1
f27756313e034c0719ef81143e4994c1c7937c18b532a746b706edd08a4432ac_adv,0.9782305955886841,1
f161b24a8650391425438decbfe0b1b761fac3cb27c2e5af66a7c8112aad0fb1_adv,0.014294177293777466,1
9cef8e57def1322f1b637d3868cfa50f03f977a8cba555ebe5faa228daf6cb0d_adv,0.21244683861732483,1
d3c2f067001efeb98fb11cd77bc6dc6491c16a65f60b6260bf8074cec0e4f528_adv,0.9902371764183044,1
dec8e23937e39436a5b4d19e2180e66911df192b76c0aea76e8a50ffbdcb459a_adv,0.46338075399398804,1
08ec0f31d7078d3702d4447c4e8881b850dd4762fa0723046c9c104c68ca7cce_adv,0.12091373652219772,1
7c19f23416df7b2b82f79674e5d5d690d483d1ddf9b1364a67b8815ce30acde3_adv,0.06076224520802498,1
70a8781862316f0408d8ebeed1bab9e7bfce0ce21e073106ff08582150c27947_adv,0.9989417195320129,1
68330aae3f0cb2294b909012f99c660f65795e263c6048d4aa880cd1b6ce6c52_adv,0.44859424233436584,1
242093218cbd4b388566475f1e0b0e30ee461a3751be14423de5508ee1a41d5f_adv,0.2942267060279846,1
9e7767e50f32a73d8692c125dfa3f4e51cb2903faf4ad367b07d3a439c72026b_adv,0.12090509384870529,1
f88740ffbef56c8b3a6bffc067a8ee0bb77b2e4afcfe6efc094d59145ed21b8e_adv,0.3232230246067047,1
8f10c2d02fe1c362fa447db13f4323d6d8524fdb68a7de2b8eaed600c8f3253e_adv,0.4989093542098999,1
62e62e90f7ec15a99ed9d4a4fc674d100932277168885426407b0d60f46e3da0_adv,0.022644376382231712,1
7716a390514d514948714de783af1988bf8ff86b92edf3e2abab21fe82e4e2cc_adv,0.09986356645822525,1
a83cfcfffff6740f55125b7c11c939a2efec15ff2d5de340d828ee4baa49a6dd_adv,0.027679141610860825,1
60008ce6961113cd1a17911c2e387db0e4ec8fc7e4d841a959e83356042862d3_adv,0.4132062792778015,1
cc29645bcf37268c9fd1b76a27598eb60f87665c33a6313223cca88c66549d12_adv,0.408449649810791,1
fd743fcdbf16d839ce3058271b744632b7d5eb12c329f26981535760d69687b2_adv,0.7519000768661499,1
3bd274400bc8dfd0ae065ad5b1c379d2a76d11561ecf5ce0528bedaa923ad593_adv,0.8063545227050781,1
dce97dff24b1450e1b2038c4cf2713d17ed3de1f3bb4ff702efd2756ff8bd5bd_adv,0.7001095414161682,1
ee4e7f63c6f1e12cadd980dcd65af48a99c7cae33ed55b0a09f393533f78625a_adv,0.24194207787513733,1
26a86730ebcafa6749caceede08e4d0a6858f0ef3b3e3f842ad020e0668450fa_adv,0.18564262986183167,1
43009ce448fb67a6682140d7bdf6ad0ad49ab8fc5ea7faf3bd54ec4e2596554d_adv,0.031479571014642715,1
1efdf1fd7407a7264fbea872832882454602a359e1891d984255d16b637cb839_adv,0.4955286383628845,1
d86e10938e1407c11410dc2c7e6c891ba4dfd1c1b1ed5b48eaf0ae365b3f3014_adv,0.7476884126663208,1
e272042e3401e322370518b02f5e4bfd825d9b83dede42316a1b3fdbd05d2bc8_adv,0.6526013016700745,1
e6126330f4d4484ab26b82c0c85a96e208c4c66078187d9e1937252131ba64ae_adv,0.4222148656845093,1
8e12cbe9311e2b2e38273cea1b8fd41c7a95bc104801cdf48dacb837103ecc38_adv,0.47377729415893555,1
3e310fb00cb1ac46ed42a4ce40d32097620debf9293026220ccf67599e4eb49c_adv,0.10924847424030304,1
43d406c8b49bf1d8c12ccb1b7a31a7df1761ed15a140477e10eb8b69aaba5a75_adv,0.03317131847143173,1
cd712daa48d80a239cf5aab6c6ef2ba739eb485c45e1ac19ccdfc39a3b9100f7_adv,0.056326963007450104,1
cf70f4dc23a3e77b16dd4ff0b0b7d7800414a822c6d07e264e431ab967e34a27_adv,0.28238824009895325,1
b81a6ccd34f85de390b8d7d2deb208ed54f85af0e6e6dd13c9b1e3307be69d67_adv,0.3872164785861969,1
135969481d4f777b518b7e7245c4b17a8363552980956ec10fe82f0569105581_adv,0.2008187621831894,1
a029cfcb4fa087bda6eff9abaa53f045c725d059b4f8d0fe404a9f98dca51aa2_adv,0.3071431517601013,1
21ecb5d0883af14f09d4a2a05d3cd233abefbab5191ff7776120bd5c60c4e778_adv,0.44983917474746704,1
fd9c8f225a60c9a2c9ee031e808e541de0f3723cd2e1664cf7303c56b78c399c_adv,0.3972870409488678,1
d4b9894c4501a334ebcdfd73157108cd1baa34a482412349202cddd08742f6df_adv,0.2857668101787567,1
c886e7e18f6fa9a1dd6a185305ec2fe84248e3e95a09d4dfc35c7ce30f536e5f_adv,0.9999858140945435,1
1e1dacdd91292d8da4d72c9677d2bfc3ec47afacd6a10f848ade1f7991718ce8_adv,0.0915130153298378,1
fa3ba952a5d345da2a1a4475e0851329b3996d1c16a2c7531005be8a21e5c642_adv,0.4286143183708191,1
584a79b170ee6bdf2283bea03972a4347dee6fbfa2c9351fd947914695cbc187_adv,0.3972870409488678,1
0de7999d195e019f1365788791a6083969915b1164a335d3f78169ea4d8090c1_adv,0.4132062792778015,1
3f4eeb827862ed1bd17065e9ceb7aeb9d1ca98019c776ce389b5d448e530def1_adv,0.01273440383374691,1
85082f57b7fa952883775708e6ac348c9270b43125c4aab6ed763b3cdc618f36_adv,0.15638719499111176,1
22055107610cf121ec22cb180fefe22c1599c4a4a054267ef2ab71117e1b494e_adv,0.9996540546417236,1
2fbaf7790aec398771812641b3a5f7214b0e32d10dd25d0ef27ae08912bf754f_adv,0.793113112449646,1
810dec4ff5b2fdba19f8326d0b5d16a9715755aad02c7ee480e415eb92533764_adv,0.718847930431366,1
e654a660cdb44959fd53a8071f3a9eaeb6203b0409f4a173e6b128122ee7d43b_adv,0.3452468514442444,1
6374d4a579c99efaa6e17f65eb09518921b579d9ce058ea3553abf6db3cf2a45_adv,0.46338075399398804,1
ff0df54dbbede8ba0af2a62344832a6226d48ab8910359a1d4bd7cd7efd7beff_adv,0.5436594486236572,1
a848d4973f0d40b380268dcd6d19d89e2621ab8e22e3205db55f908a7be70e60_adv,0.23359183967113495,1
3c21eaa984ad89805593ba5e4f5ab9c592a1cdf6494bc235689f4ec1f0b88551_adv,0.4145500659942627,1
3623b0b99b0d350b30bc9b35bff086894c28f2485f1dd47ef00fef7f1b18b33e_adv,0.024116571992635727,1
4b484eacd7a6f7c689c6816e61615c082bc53088e3e1e89edf12a1ccb4c4399a_adv,0.999800980091095,1
0d3de4da674cd08a2c0e02ab15c9846a541ff6b506e41df58902d0e766ecda96_adv,0.5208927392959595,1
14f15fdc492e5dc370d4901350ca8d6222e49d561e23530ab3bcdd5f1fcd9b15_adv,0.24371953308582306,1
61f53ccfe18af444cfaf4ea1d4fa5a50c5b172eb217e2b0875d97284803abe65_adv,0.9997988343238831,1
f87db13d83cd8cf8cbc02fe2f66117e13287e6f616557227bbbd9a54d93ce116_adv,0.9664009809494019,1
f9a1e11bd40970f3b6df1ee18d2ad88dd80ffbd2a678c4da4c3e079bb6c396f9_adv,0.6662047505378723,1
c1d1e0b4bdc48759a6878cc7e2d4e18e21782ce8f7e846c9794172d0d4c59678_adv,0.2962307631969452,1
a2e123cca6caa61afa1db0a71d6f1bef8227a158a970fcc95f874f10b6f3b3a2_adv,0.9902371764183044,1
197749b08a796671971368640613c293260adb199efc28ca9532a58a93ad917f_adv,0.40630850195884705,1
fed5b3f52520e46222620ca63f238a23d53a94e609dd278e187434268a3ca4c6_adv,0.13284221291542053,1
34fe6c091754ecf879a7f14f6ec354f22bf86c5c4a60b8bd026310af8010c917_adv,0.9994959831237793,1
995cc7e976dcbc7e5208fa13f940dbf63e275bbc60cfaf4382dd3b6a92cdb904_adv,0.03082328848540783,1
a27f7fe4edaeb18b0e4dc0af5f09236532d3b26c08a19f3c6eb4b90a9ea193af_adv,0.06447432935237885,1
cb0eab0765a14f46f11a94ead37548e262adcd23abd1be341f6cda078263dbdf_adv,0.15472689270973206,1
ab1ba5d3cb3814ad9ba8b4d352ff96f35c362fd1aae0d80d5d2e92cb1d27003f_adv,0.050277337431907654,1
f96ff61cefd1621da126772a59dc93fef310750dbd736a8f6efc5e40fc0a8df7_adv,0.013140575960278511,1
d60209ba272c36dcf327546dc6eb556875dd905e24028742ff173e2ea76d9f4a_adv,0.05528024956583977,1
b6d6957b4e70123be97dffd36d9d12e2b733dd26f9a19c58e064f047fa72472d_adv,0.11371879279613495,1
6b3e442ecd0a8f627d6d8ce9bf9a37bd28ccef70454a31d93580345280c18d34_adv,0.07877567410469055,1
6cc375f2bc8ca5090b8732800455964cb3d0625562b9519884799bcc909b7503_adv,0.913260281085968,1
e1e52e71ba20f5fa8d53ad2979826e2bce0cd834b2add54b291e949de57f91f7_adv,0.8138270974159241,1
b300de66658e5f1f53d6e9e766715eb3893a61f136943ad8314cc244e1c62b93_adv,0.03478573262691498,1
8cc1ec2f5542999b5b5b2c1bc495c90669bd150e97e415fd9e8b53b2cd9604c2_adv,0.025833960622549057,1
f18f4025c5c32e908d6faee3380ff6dd1f34c3ffa06a25ded0367648119c48d1_adv,0.04616985842585564,1
172b4fb66ad0629112f9107eff7002fd906806d01938a9625b24c387f5aaa53f_adv,0.02650318667292595,1
71f3ac1674b7cd2fa59cf969e24817ac488ecb2771fbfb96ce66262f5f2b0e41_adv,0.10497361421585083,1
eae1c9757dd68df8b14ef019508180d665d9741058e8a1d398593fe28d7bea67_adv,0.3835794925689697,1
5396e4ee5649ffb48cea9b4ffd5d68503e2f9fe491eda1fdc5564634021e46df_adv,0.7283586859703064,1
d29ec78436f4eccdec7a1fd8adc5e668f3800e3e4dbe82aaf695342de0da5d2a_adv,0.08574789762496948,1
a26554c64e58cf9f924744d2cf9a1c3224160a57ffdecb08514b722ada27eed6_adv,0.9643290638923645,1
70e792b8dd17236be082c1d174709e91769cde7907cfdd2603fada03e413c0bc_adv,0.4056197702884674,1
5db1d1e0de753920dd51654bbc4cf0344a696db5d1e5b7858fd22f6a2515de24_adv,0.48383185267448425,1
83d400f8048d1fb7dbeb37f5465617c6c9e0b4ed84758e98fcc8e8d96da9726d_adv,0.06315132975578308,1
f77330283bff4719b598fb60f0bc900930bb61280e3e9350a85fb78b2a6ab11b_adv,0.015550668351352215,1
4fbd60bad5d1b2087b8a1de5fa0afc9e8e7bc2569697f2bde0716fa035fe5695_adv,0.4211115539073944,1
cb279546df331405ac6728ce52e60454687517c6c3b76a957f61f0774d046e38_adv,0.4132062792778015,1
ed0193b2d7933e9e5d269d88932e1d0a09c26e49c2e10d00d60f2162d1bc8b00_adv,0.9613684415817261,1
9a98ef881860c5ef677bb3dd8026ca179398e9b242e4b35712fc0ba3de5143ca_adv,0.9986629486083984,1
8cf4a16bcc515b33caba0fa4f923be153f69ac208f3d0c335e2fccb1a83969e5_adv,0.20300975441932678,1
9199a8b1e7e5cd26254b51bdfac8153996a9b07eeccc9e8e79b7f4191baca711_adv,0.41395044326782227,1
eefb2ab10788d6c6201c733b584cc79acebfecc42f7be9d0ad08ff567677b66a_adv,0.15472689270973206,1
04ba813854e040b0eadda98fedab5d540ce60c65b545c2f4800b70cd217ce3f1_adv,0.07160186022520065,1
2f0074ba5ebabfd74ffec12654336dd6e880f585b8ace7cfd1521d899e3b447d_adv,0.9998873472213745,1
95ef9769d3275e8f375d43abd2a9e647d43a5418df8abec71051b248d8f01ec4_adv,0.3974476754665375,1
70b031e7bb66470a706d06655b4ad7fec20c966c4cf015e912882254cce7b0a4_adv,0.09099284559488297,1
87015811da10d2f88e71ddfe576629bf58d8744bc6f4e7426b111c179c988104_adv,0.0593763031065464,1
047d202be580cb2a2ccdb2f440dd1ea055acac30df35017a264094a07e54fa61_adv,0.016778085380792618,1
3fdcb990071fb585f3ee9dda01258b474ba939985be025b088068442fda234cd_adv,0.05950923264026642,1
1c7d433a18d21b6e349b6ef2ea43b6cf7efebb08fe7179aae63a7eca76eaceda_adv,0.07174737006425858,1
04693023554c44c35065dfea3b9082380cc7da33f6bcbfb8ff8925bd23afb0ce_adv,0.531867504119873,1
97bccce6b1c34a70225171d6b9b1e23b5fb9a48bd227dd826fd42df982f61ab1_adv,0.08982991427183151,1
5d82b490d99d62e4c34bc8770d44fd627b063473f154ebd1326116186e7e09db_adv,0.031021680682897568,1
89ecd9f9ab31b4fe92f56838c1d59f0398c19b6d0458e65b686451e428a1f4e7_adv,0.05528024956583977,1
744244beaa9e9a0bf733e78468186c9214bde1dbf85d7041cdd3303280e634f9_adv,0.007508857175707817,1
6b2668bb3c5aad40d523a39f79992d9d211ec6123cadb1d93f91450cc441315d_adv,0.057551492005586624,1
cb0c3974bf24d30850d416fbe49732c0b1f31ef1eceb658cd4392eec9545fa8a_adv,0.138855442404747,1
f8e4c31bd72a3cd0b08460845d9afcaa5dcefb08f889c13f6e254ccd1c36ba9e_adv,0.06540579348802567,1
71427b77285316d4c8f0c038c3a80a9a690d94adf7ae511e9a19e44a683c3926_adv,0.27237194776535034,1
9a0ad0476f00bd2196c887ad33f30f1e071d993eac236ba5850be7a1c69fd7de_adv,0.028833016753196716,1
05e44238ab6c3fd38949af6957ed184371579016e60a158d0c34e8fcb0603398_adv,0.9997931122779846,1
8b1061d52d0fb13b1b75c6eb7c53ff04950bf8d011df343da65438d554b4904f_adv,0.4111636281013489,1
84844ce56a6efb99290831ed3016b2b542de18998df6c85ef1d98645255e1a45_adv,0.9997996687889099,1
f272bfede3a2ed263f3455295d66a1f61cd150707c2d6c34a6a41761cc2c56a2_adv,0.35661041736602783,1
2c8df2e161cc754fc66a54e4136541146c9e2e4dcfee6161d3a6b070731fd3b9_adv,0.43282270431518555,1
d077aa247260b62f7c09d177de1b035a14bf37d5af6b184a36e5f881eba52e0b_adv,0.056326963007450104,1
48d5d0a260a5bcd5fa6a397da3c9f62500ead6c555bd2a347dcfc27c0a11a882_adv,0.14303117990493774,1
ae05ef8033dad98d1000d1ec554653e5d8129a8229e742aa28274e87c7494be5_adv,0.9966670870780945,1
5c4c9a29bf297f59b23f2d8baccb02d6bcc8fe6ac238bd0f7eb680cff661cfbd_adv,0.025712905451655388,1
ed3014473acde400f626024ea219c03cdc205b9fed089e2614badd3d6bfa6e7c_adv,0.12126009166240692,1
264604d22377fec0b64b45075c7c93c97479e341804ed49aa3fedbf1471796f8_adv,0.3386206030845642,1
64ca4b29b67cb73b3e22d5753469c802a7b64a4265dd6c50e3f6ba0ac61f2b75_adv,0.425111323595047,1
9229c5f026c2c4a8564de7995125b558e4f08b299e979a433ec7c4b2a620d8b5_adv,0.1881282925605774,1
b00a6ab6723dd408280ca3cc061750713b73f34b01888b4affddf080d2ded7f2_adv,0.1899617463350296,1
e93c6794b4314fc7e872e170191748a087e1dc2c155ee4d850efb54814d8092d_adv,0.13198760151863098,1
0a96e33a4d1b3c09e2f61058aabdd91ca8a215e75576a9308f4da1fd38b3dfa6_adv,0.007569270674139261,1
5099039dc0c5f4b60d929b6f82869c5468af1151163260d63a7a2a2009e21f09_adv,0.2740873098373413,1
5c7dd0956241ffc813e7851ee334d5aa46817ea18d22ef4044805ed29258cbe7_adv,0.06171515956521034,1
aa948b882b25068081fef9ead140b89a06fc11e9dac570e48a3718b74ae561f8_adv,0.32095175981521606,1
12ba5092db99b72da022868efb6084437234a9d86b0ced17ffd907965487a553_adv,0.35952228307724,1
93e0f7c41f4e4a8f76d6145f66fa0c9e6f807acc0ab0e0fd261d12049ebc550a_adv,0.46338075399398804,1
8566b099c4fa70a2cfa1f37ea66e6fd5d87d4ea5173a8b5a38a92b8b10c688b5_adv,0.09608345478773117,1
180b13e04a561c97d6a5247d5ba2cd7f2c230afa7111426e5b78ae5b0a4d7053_adv,0.41682127118110657,1
f7a225819ec88f6e78b2e41a8cd77fe489033239ae20e98b52e982ac4cd783e0_adv,0.5109570026397705,1
cabbe7f20f660b2d81ca62887b497a5b5319ae03e946cccff90a770a24187bcc_adv,0.9749823808670044,1
00e90be3346b8802c63ed1df7124c4b56dbf12b7819a8d5a37a63486b2de5717_adv,0.5648648738861084,1
49495f6b2c96f65fa44ae3c6226c81c91e5ea77154ef0489685d905a47edfcfd_adv,0.24036742746829987,1
3d37d01d9f1aab2d7dee0be490e66f533c83d481f13eb74aba07aa788539032b_adv,0.3761458694934845,1
fbc84ac547ca77fa84151293aeafa8981bda6e04a40236746b06a16e2f647921_adv,0.08465847373008728,1
a269a76c5db80c2ef28b1974ff5cbdd381f763b4a4cc2d5d073f69c4f0eb6cb8_adv,0.9580581784248352,1
e7c0655439b0d6c719b002c6388ac043464be1bc58310e573f4907a4a351b43e_adv,0.35661041736602783,1
e97ae2c7dc9baf5000419bb18f89ed87f5b0e003bcc9bd780aafa71d9603787a_adv,0.29131388664245605,1
5e82f9b86f2fd9706567d7cae701b188cbb43b9f74688f75215891f7d67cce8e_adv,0.2743629217147827,1
d40adf385504c119eb0864a251329db1994161a642fa0da32be5e2fa15cc15fa_adv,0.9989883303642273,1
3fac0f56b93d61fd77bcd103e6f2dd435c2faac99b4394c3a69dac7e86cb7b2f_adv,0.9691001176834106,1
b4069d5bc9ed15ff6cb5b1d1eb7b1689b01c7b59972c92312daf6588e4a67d52_adv,0.11449768394231796,1
9a3a9999ea67587377a91a65739d329cfa81240d0e0ee976013bbb7e5cd8c736_adv,0.16077351570129395,1
ecc3807d8c575216dc8061ea373e9b09a0eff985655f312858763613a7273708_adv,0.31094640493392944,1
00124dca1b7eb0706dee318ab61b1e4be2ebe804ae45d37524c5da0432bd48ce_adv,0.11951741576194763,1
232f926cadf30730eaa8b3a08b9f3e76e378c85ad2e46b1cdba57e12ff1ba704_adv,0.8372217416763306,1
153bb126f5a60c38c6e1697a87f7b28a0f0ab2f17df5b2666131bbf5e94cf767_adv,0.41277140378952026,1
1733f9ea154bcf270f911896a6aff96eae1de2ec8908a4f37eda834f7d191d8b_adv,0.5413148403167725,1
086772fa58d2d27ddd7e65fa000544953f235fa9534f9f256a8f5d9f4a0d05f1_adv,0.9610454440116882,1
40d529e30f3ccd51f56b59c9c7ca16c03233affb0d3c9f62999113743fa1d2e2_adv,0.9997920393943787,1
42924cdd9fb54f15cd9e84c26d5ce629c7f2d646ec58c92b4343462a798197a7_adv,0.4553104639053345,1
5039a075c2ab15c23b15aad23733c154fa7b620d958365821fdc7504cc3e46c6_adv,0.047368571162223816,1
97c7cdb86ddc8d0e6cbb92db0a8206170622930a409bb6c4027154f78f158dd2_adv,0.07127343118190765,1
12b766f30d7474ec61b233285a4a0d0274c5d3f1e071780af64e14af6b9b49d3_adv,0.19184018671512604,1
a4288bdfbaa577a27de262dca249d151dfd48a938b9e0e2bc6d781b4cdbf832f_adv,0.12889087200164795,1
94009dbd2fcc62f1793fabc2ffaef51436ce11d843d9117c20bc07120b923a82_adv,0.9999020099639893,1
f97df04eecd0fce021780f85d98938bf93b1a511a4a33321b00c17a3c81b84b4_adv,0.25195419788360596,1
98fba75a9740dfe22cef5de3b7c88bd9a4d71be13c9401962277c478ffe23a92_adv,0.4210425317287445,1
bba914e07473146d10fd278fabb80b59a39d66dab38f1370e8c33bd029a9f9fb_adv,0.3972870409488678,1
59bef5b6fb3573d2bc438e955783380960db725a982f6b80f58c878c87c14440_adv,0.0514642670750618,1
73e05623ab74ec25b22df96ba63be46f904cdb8f3e081a97c9df0b4eb06187db_adv,0.2667499780654907,1
c0ccd62d48bb0a58f45c3e29ec832d7d21f81307f8585aec591c8dc9907432ef_adv,0.8962733745574951,1
b2dedff6cdfb390ef3b8a34067955c950217e448600d09731183c38f76d4b66a_adv,0.026688793674111366,1
cf9824fc86002f845e052e05a5d05ecab6ac3d900b94b5a295bbef368ebf8cd0_adv,0.057855911552906036,1
4d475506a24b5c01a583862fe1b61df02ebca2957ba0d6d2a30b7e1fdbdf25e3_adv,0.15472689270973206,1
6621c423e495731d5ce4734a3ac417febdc97b2011e6b538f38ef24eeee7b5a4_adv,0.41172415018081665,1
e5456f2dc492d5754792e514513b6f1aa60b79866975e5ba5d2ad5240a738b7f_adv,0.013845967128872871,1
b6f2a5cc32c5b46d4907e72db5d62260e1433c3902d3a5446f25e481c1348ee9_adv,0.15638719499111176,1
fef452450063630edd85c54bc7a534fd143307299b0382dbedbc7d6b1a1f4414_adv,0.07753915339708328,1
562b8baefc7b423d59cd9c27d01c717f5f3e704c4c4da45c267a750ff3f476e7_adv,0.21092669665813446,1
2f73f9e2339863ad35abe846c877f82015d9ff65dc527d8afe0ea06f72381063_adv,0.1489482969045639,1
b24411d22d08fa7390fa4d2b5844f59786d74374fa52398e5ddda6114b73c538_adv,0.026320520788431168,1
52bcb52c61877d8950fd136777db8152d0b27f9c27556318ac237b4fcf83b9e1_adv,0.08442199975252151,1
cb51a007d893ce44be6645f08291c0a25d50e3285343ae3807268070763ab282_adv,0.20713761448860168,1
b8f1ae9c6eb8622125b0298f35b9fb7d68c21f2df85a63be02a7d97dd478fb53_adv,0.025032242760062218,1
d64e0a6c79626e858c289a5d836a92e5ea2296a576e6c9953ba9cf23dd3ba020_adv,0.058584608137607574,1
703230010edb5f439ffa7bc0bf78b2c6519e29303807c65d264d9d81a5783b58_adv,0.999782145023346,1
4332f8a2a2c33324e86f48f7eead903dd347f44817955bf4ca19e50c18b54d84_adv,0.4132062792778015,1
e269395c4462848ef0b08c89322a5a31d6dcea844c628d239fd12f34e10f2c61_adv,0.21543867886066437,1
48c8bb37bfdcbcd89437ce5ff38c9dc798920ff0e73f8a7671b23be0453e5af1_adv,0.9040789604187012,1
02c9a83ea73450492c6654b2bbc7127aaca8236015e0def09cb3ab5d27b11a4a_adv,0.12066728621721268,1
2857afbd7feae825661ed6448cfd65220d95e4502ea37c2c734f380274213e21_adv,0.15528224408626556,1
a0ee7cc62686e231ccfb97c844002dcc190c5b4605afdd848d45af6a0466dc60_adv,0.41588807106018066,1
9f383d4d6d1d5d81214ce0547974d8710572069b5511a852efa3c58384cc4f78_adv,0.8368815779685974,1
14f5bf46027aecd1a47e11c768da88225f0e8ca5616bd84502b8e7175ca0abe4_adv,0.0916186049580574,1
7a6f75dd08ac4f65f8b96df319022b81cad68fa6a4263c5092af44b9c24e2a83_adv,0.3972870409488678,1
a65b812f562d7f1393d20a8195f5dffe5969a96cb574e57b6ed0c6eee3fdc7e6_adv,0.2522519826889038,1
b53d2804055bfc92999208450af1a69e6700e6675ef3bfd7622e10d3128afb8c_adv,0.30995967984199524,1
a13f9f4bcae98ef26c47613b4c67493fbf0ef469125e2db46d3e51266e66a47c_adv,0.080404132604599,1
5c668e28927dcc72d015972dca4e631a449942a7e34024dcf429a21f056cffdf_adv,0.440197229385376,1
3db8060f1a4ae866cf13faccd5855f005967d413ed25f026f212979438effe44_adv,0.5882147550582886,1
f3f3f7a1594cc8b2eff5a5fb4d9bf7bcab8a5315067eeac73c9c3487fdab5b93_adv,0.9181158542633057,1
f879b99598480ed8b07939f25a6078a7014755401f4b2ab6cd1851aea5a5574b_adv,0.11875240504741669,1
56059054112c675ab42d6969f3055a347bd0c3b5c4e7d3ddcc6993fcfa384751_adv,0.16240449249744415,1
5d479e51b790afc80ce07c5c0b33325aa8cbb5e099a2bcee941df181593d147e_adv,0.028195837512612343,1
dca1fe7c7f6f75110b58443eea1a2edb9d8168cb2f9e842820326c0a23742080_adv,0.9995102882385254,1
4add305570a8e0b206cb3c90d1885375f9f83ef8c9a9a13d27c4dba5011cab35_adv,0.999826967716217,1
012646389057716d2b2fbe65d548da5774a1990fbd05dfd894e729818da2d91a_adv,0.991032063961029,1
41020dfe20711e51e84e39e5628bb9d3d21b1a4b7e7a77d339b72f1374776be2_adv,0.030308978632092476,1
b83216e968b116149328dc1da1c40d36d07c0038fa0faca894a92fa354fe81ac_adv,0.9914059638977051,1
31184d1c1c00d3d936452d5887a7faeaca10a0493c4a6debea56b8270103ed5b_adv,0.015534836798906326,1
3bfd1a25095f8ab0cb84c423b8b3e351d5de9d2c5d532ffeab3d9317f631af4c_adv,0.6831853985786438,1
44d2793f5cf9483325ce4293d7abf8e7add05c13ae60730abd9192bd9ee50b01_adv,0.20007367432117462,1
3df0fbeb294d4a4ed7cf9db519e060d91ac6299885623b2a499ab02027018c6b_adv,0.4224573075771332,1
2b299f2229960236b84da89fdf89d0ed777f15833f70b6ae5717342e88e28a96_adv,0.1027599424123764,1
fd70274dc999f0882cd0caada61ae044562effcf72232727135cd27b2234a592_adv,0.5226911902427673,1
e44cd2f60b5b5b43b41d993cc948d165d86d45093a5a7911f696d42057d22206_adv,0.26185721158981323,1
eb3b79cedfc0a27f814f2a79f7daeaea7aa1bca13ab329c296d1e4ae013bd376_adv,0.9994732737541199,1
88de2ecfdb6396c4af4a5bb955c757f3ab5679d2f96ad9f3787af108400db91f_adv,0.02234138734638691,1
9e97c374ad8d4a14110e2f7e1fdca2f15f516afdbd840c7b3bb1c2848e9fad89_adv,0.02712838724255562,1
ae71b1f053c90b000216068e7aa64d855704c64f30926364689fc904c994e593_adv,0.04783070832490921,1
fdc97fe08910106c5a5d013f5d72b73229b320b26486671dfcb11b0106066ca9_adv,0.056326963007450104,1
6b9d8702d640fa744a341a4a85475ded00d3404ef793a08a1e8cc386dd4a2743_adv,0.3972870409488678,1
9da62d065c91bcb31ac8eca7f26d484789e893ecc991eaa182ff9ff2bb2d4795_adv,0.42839762568473816,1
dc01fa67b8c1f42b4fdeb8af71bcb38caaea6cd2d69ef867afe074115341df38_adv,0.02201692946255207,1
2570b5a6d81ed234a29bd008d3df60156cde43962c7639386f4c28a48ae60ae7_adv,0.11692024022340775,1
a8ff6b5417c8eb5fa93aa9790e68e8f434055263b01e92b163da7f90c7d56181_adv,0.033312294632196426,1
48c0916e81502ce369b779acebd7fbfb930dc354aa28c8f2c6c00b27d931d71f_adv,0.4084947407245636,1
30f931f9e9b5e001dceb0fb1270be13d47cd1822112a7f081d5ee3ec1853b9e7_adv,0.42511487007141113,1
e481c8dd3c8f5f9d7acc85eddbd7f04c138ed9a00cc4d2671f01b5e196c30544_adv,0.5274883508682251,1
a1c7d540a2a6e2c33740af11056093e3e15a7dac6c2301c1e40e013771c99e3e_adv,0.3025954067707062,1
637ca80c46bc004c461493fa7d0c0454e7cb77324b3ab0009cd1da4d9d9049ce_adv,0.9504036903381348,1
7a712173fde0aafb55faf5b6dac959223dd59c503b784de11ef34bcaf2227fb9_adv,0.9997931122779846,1
95e9ffd9bf6f30042e23207f986419fbb2ddfbcfdd0f5c9e0bb189873a9e578a_adv,0.08707245439291,1
21f69d0fc99eb9c7ba117f8ef84487610ec5d6e152b3790c10b26a0a92be6ba0_adv,0.019208373501896858,1
9d4648e9c81f2b852f55382d48ea9fbb2fb92df9af13572584ca8434640b9f8c_adv,0.9902371764183044,1
324c2192260196fed30e4d2f37b19c4b55828a99b05c6a3e88cec1db7591464d_adv,0.9998077750205994,1
b545eed17d6b4469e9a6e0f41d66c2965febbf1d2487756c649703b7ac16815c_adv,0.3972870409488678,1
00e6db8727eb5c79c832f8c3c1d65849c7493057aea205c11637b7c2f0aea932_adv,0.7176167368888855,1
f3977d24bed2257364a53048c79a2a0c2d053991ee396910f84cd9595cfe8f58_adv,0.0595775842666626,1
fdf243224a4c06d64f6fb327950c41cedda983cc49f5866c58bdea3ac50ec843_adv,0.41332656145095825,1
66d030c708e3904cfe771416349395512710b4f7c91f0ad45cc83db18c516be2_adv,0.25335296988487244,1
5bd57aceaf026ef2d7e61294a260c83a44cd3d8316ec5976916be6d110576b97_adv,0.9664009809494019,1
af2d566cb1833256d29e83865dec19c7cd178b8330850370df1b7e4335810fe3_adv,0.15472689270973206,1
2aae2ad23c462a2901bbd9dc08166767d803f5271d037eaefde892722ccd4209_adv,0.5894150733947754,1
f3bbb27a413d5b670bc7ccd9127e31bb305112c0d2f458d71eb25dc79345971a_adv,0.5597128868103027,1
07824032e572d8a9ef7c4d930ca2850798bb4b366f00348ccfca02b1feea866c_adv,0.4126585125923157,1
24a6efb4bb94dbbbda65e1c63e4243c80b595646d35717545bdc5162c41b65be_adv,0.3997417092323303,1
9882ca477d54991ed25ecfd32c5b1d85d0ce3146cd9f3ce84f2355bad91ee059_adv,0.017680061981081963,1
c721be89041f89b6f041d89b0b586cc30557e59d1ea54bf3175eb4c0c8d5d613_adv,0.46338075399398804,1
97298f0382f71d2c1f13f3fe590eb5abd44acb46d6d323f89a22936ee46a9d59_adv,0.4132062792778015,1
e30eb26dd9a23e211d8ec5008059f6b39ba9c91df74601b141929c090cdb9e81_adv,0.9923657774925232,1
b70d1d7811dda5e69dc3e17c66b1e3d3ae7a47cd536d1c947279c8588e095d3d_adv,0.9997738003730774,1
40db943e84a9eb649495361ac4dbc0bb15c0d689a92c951b1cca4b23134db66a_adv,0.15605010092258453,1
d2c1914830f9be0cd44241cda15a61325e345d593c8bf6b93d6a42f64c417387_adv,0.060202330350875854,1
faae7d87f12a00f83689f34d6b57e29ac4949e2cd17d7c999b339500d95246fd_adv,0.9936229586601257,1
8cd186247a11f8be5f16c445d6b961c809919205c7141aa485997781ceefbc22_adv,0.4563126862049103,1
251054d5dac0dd755d2af40376d790e404b6e0c66c15df08711e04f742672d9d_adv,0.02742123045027256,1
ebfb3bce343003c5cb93e57d2cf891ed61dd1e777bfa3587a00e2d60f7686ae8_adv,0.0934244692325592,1
cabac2781a4e382265b535a8a8df850ee332414c943ffde105c10bfe9c2ee85f_adv,0.7846139073371887,1
278c1da8fda50d2a60f41b78b341a8c71b71a6eadb5479f95500d15cb413b81b_adv,0.35661041736602783,1
f09453412c9cb0a2413c5dc0f3ccce3b5d9f01c9302fc7df5b532338ba6a6cd9_adv,0.5022659301757812,1
94043500a93a03c3a8ac9f2d5d7ef3866b1cb78d914ceaf4c0904dcc185b897b_adv,0.10418552905321121,1
29e359a876325c8fbb735f709f91ae9b02361f462386b008f71255ff99e10eca_adv,0.4379052221775055,1
f13259f5e3a833ce96381e9e1243087f9f87ad06ffe74d90b5c031c83646e908_adv,0.05528024956583977,1
33c5722546221935e04f4fe6a0cc40f85c25207269617a063a9ae3717c4d9f05_adv,0.04101419821381569,1
23cf74f75b141dde99f99c6bd0b1464529a1a6e8c5d1e3632763bbbbbe185cc3_adv,0.41859671473503113,1
f1339548c953f85df98fab2f11d17671c24cbe1b3605208bca79fb986529211a_adv,0.996740996837616,1
08c46c19de4a81049cf6d1cccf0a77813d36f68e41c4c969761c9138c59ec726_adv,0.5934386253356934,1
f8438539339a92be82ec2daba1602c90b3465d31ae7b55f48646404698f0237f_adv,0.23609547317028046,1
0bfb998e822cb52076b584031fe57624491a7332f8e24c0c406e6b9948a477e6_adv,0.8189405798912048,1
e621fcb24b570ea1aae4eb7906007738f430924ba40046e14a98ed14f150fe0b_adv,0.7385419607162476,1
0448b1a8cdce30b10fbac12bafd99468d516feca101ed99b717dfbb6787523e2_adv,0.40630850195884705,1
4a9381f47f3315adb9920f634579f6919be1cd7fd120d2f35aa18e96374ac082_adv,0.25911587476730347,1
80addc33ee8af27465fbdd4c98793b9ee1b58fb38a5750f0d1378f33bb1aa581_adv,0.0667337030172348,1
98934608dd2e597ec456dcbc4ae373135a9804dd36c55fc6c6a126cfc590f9dd_adv,0.04062189534306526,1
14a3c04834d2e6828ed47cc6a1341cec33fbd2531e487b42b778896437a0648c_adv,0.7344252467155457,1
8781a12f0ecc0b3c07aea11f46d3f680bcbad86ef84a807a83dfc83b84dcd471_adv,0.16387800872325897,1
da2dc1055bf3bc68a220d22b81a1c5b450a1b9a02defe54f92beedfd7a704082_adv,0.4782545566558838,1
d71608554d0d471171a479108c60419902b1d8425ce21c610180b0d387c382a2_adv,0.922849714756012,1
7100260440935cf1b8b3e490aa627473318fdd8bc9f2d26a7c59864132616e6b_adv,0.008381911553442478,1
13c9f5b8741ea55baa99ef64eac9852717f7de5b2b3b226b93e0290631250663_adv,0.19677364826202393,1
65769ce27978cd20fc94bf90784d7b73fb79f13667e7b421c52d97cab1bfcb07_adv,0.09363603591918945,1
47a2197a73d92783a9956c8f8abdd37184c5b29192b63efb6f4c39855e228184_adv,0.9998030066490173,1
03169b9fdf7551218fd93dc5c4bba892c1e0e6cb23e64a83660c6fdf3b2f2578_adv,0.7877514958381653,1
7d38b4d819826927d38e2595986da3135213e545b2a7f77911dad9982392b6a9_adv,0.07673871517181396,1
0a59a1c562161a1473a652417a43902dbacf9bd609df66ec7893f4f0d8ff7c9c_adv,0.024698413908481598,1
5e989f3fa997dc8e1ca3705ea43e6864a613fb7b45d8984e582513df220350a0_adv,0.062077052891254425,1
247682a88886dc152ed35afc6bc9cd5c3a5f1aeba7e8ce438a660e6946bca15c_adv,0.13051657378673553,1
a8a8cfb044005b72c6a9fb50267c7b70b8ec6bcc2a273a90dc18750782146f4f_adv,0.165799081325531,1
57f1a4c82ad57ea4ce21514cf512c1c02133d8717a7c922941d575304e4765d0_adv,0.03069479949772358,1
6c313e2275c05dcef7ceefa4acbd6bee06f0127c1dde67d96f6b79a237acbc8c_adv,0.4494919180870056,1
8dcb2b5dd4727ad80e2744c9870a7f6cff61a080474a872e5ecb5178aaa8ed66_adv,0.3308728039264679,1
1b0e4379416eeb5f618fc6da7bf2c9507afd6afb31d489c6320ef30e578cb32a_adv,0.4118693172931671,1
993bcc0195b68d766919cae7bbd6af6d9ff350c5192a9b8c3e3347c2226b67b9_adv,0.0970025286078453,1
749ed4bd0656dbd9161f06702760bd1d199975a63b07158b1fb705bae90316cf_adv,0.027679141610860825,1
df400c7ad79b33788520bc0df8612e990ca0de794082c78c089c6ec06cb24a19_adv,0.32162463665008545,1
b5fbf18a1e46133377c0948dd177f6d4234a244a6d4e2ae617d7175a22457dbc_adv,0.09258515387773514,1
8318a2685a0788eb8059bf4b884fd502fabbdd508402dc51f212a723dde21890_adv,0.32162463665008545,1
456d440cf69140b15b8701a8a556324a1bb57f3caa070756baad1aeeff862fad_adv,0.3631667196750641,1
a61172ec54abf0e9c88db38b1c8c7039882340c02c81ea154245b7e8497f0d3e_adv,0.4780515730381012,1
f72755ea056deafed29563aa8c142a5a1b0fec823f1ace68e7e8470525cfdc7b_adv,0.3968544602394104,1
b812a65a090702142f3eedf52d633babbc7301ad186700a750c6bcbeceaf0b1d_adv,0.012990332208573818,1
fb159512bad75ee35323714d5fca937f68f73dc7159907fb54bfede6c32cd63e_adv,0.4132062792778015,1
b8ddb9d2fb69e166cb96264788d2bd3324014eb71e86befb8f24622bcf271bd8_adv,0.30995967984199524,1
a444890faa7c27030405c3694ed44a01dd6129f483f3580c41cb616b1edfe078_adv,0.040010880678892136,1
2d017a1338561d5d0163ac4258d0c2571e327f3a8b4ba712c06a590f38460e6c_adv,0.3431548774242401,1
481c63f5d43064b72ecc6da26dbfe8512b0feae27d83b28ebf101956d09069cc_adv,0.5199938416481018,1
cd43d77e3c310cf3075946a23fa535d81c98305ceb1eb6f752a5aeef72b4274a_adv,0.9997931122779846,1
0fe050a3b69429d7fa55ffd0a70bc417403d4fd06bb4d486a0aef9ffd81f0f02_adv,0.028177322819828987,1
3c959a75dff5aebf59ae1adbe4c790e58c2b28225f37c061a50a615f77826f79_adv,0.20713761448860168,1
7433d1066b40187e53112061306ab625ca8e986683fc752300c0f16e6ccaa8c8_adv,0.2717384099960327,1
e222b79fece7117c096d4ac265334c45b47b1d80bcedb56de3688348c20394e7_adv,0.18134750425815582,1
c83ef6cc4cc5737251ba46a2f7fd93be2b8d3bfcb873dc7efd91305803afa267_adv,0.25735291838645935,1
2166be6c9098279be125aeb131a67d2665dc04927446a03e2be682a259c1e742_adv,0.2488580346107483,1
85694f7aa093c6e88aa5f7115197aa2baf5ecb024ae2785d12d5db140f532f89_adv,0.030879808589816093,1
76caa632156e1598b81910463ec618201d1788d4da2b416677cc7d99789804c8_adv,0.031021680682897568,1
205d4cb65820a18562e10b789d07c0c28fb697ef1fda1a4dba5dbea9622e2625_adv,0.11851881444454193,1
a0b7169785197692a63a7ec9137639519ae619a0393b8f9f98b1815a4f3284d5_adv,0.0970098152756691,1
9df7e69724c297f31ccbe5f592a2ef33fbda4bad6160c518a8b577a23fb6b92d_adv,0.9995194673538208,1
c11d5a96594c0c16bdbcc0a7375e59b8bcf33ac8be447bed119586c416b93785_adv,0.99735426902771,1
997d416989fc0eaa45888abeb44d5638ef7621785174ff22aced22012dbf31b8_adv,0.028833016753196716,1
6b14b2505edd884f6da89ae1bf1fbcf9fca593396387eca6c948c32ec9803c5b_adv,0.9969199895858765,1
748a6b02ed6c8e57446fe4bbf870f4e1812a97bd1763368a1fc1b91e46df656f_adv,0.272953599691391,1
31eec7d98fadb0a5c2eb6503ea1c8b3d48eee1ce21ab0f58c2ecd0b970473960_adv,0.03727811202406883,1
2799b5465a553e0f43632dfb38ab99bab376636402364408fe757cacaf62ae19_adv,0.9999998807907104,1
30eec4432cb824b121443e07f781db439ea3334a49751d9bad4dd7d620a26e75_adv,0.9966983199119568,1
93a8ce1de14e682386d2d1cc72253f6f453a7ae98959ad5d5ad61e0bb851e256_adv,0.025530610233545303,1
b601db89d55c69e19690fa00fefc77059cfbb6b7fc7fe067c3f21239e0cb7d12_adv,0.4132062792778015,1
a19f319bf26ee2e4af85e2b3b09d4fffe8d6477e111fc700d8b4356a0e6b9ce0_adv,0.3823966979980469,1
f4988ab4b8c5a2ca03499591b48af67286628fa3db78d75384bfa975f1ab0245_adv,0.03972282260656357,1
0cf7878aa374780469153e58f7c0f98f02d704cf41d998428c6ef6926a57a7f0_adv,0.06290164589881897,1
a9446051f72ecbdbbbf1c22cb9cd079ba7a082d23aaeedd6356c90bcdcf126cf_adv,0.8547694087028503,1
6d883149b591a78bd3125bd23baaf809607df2a3a7bde35fb915b78c0dab3f24_adv,0.4132062792778015,1
8343312bd1b7c1c4e8904fb78ee587684a9341060d46417bacb9febd0f679871_adv,0.418428897857666,1
68c00e373d6aa401a090d0bec8d2ec46fddc0c0febebc07f9cf5fc70617bc9f7_adv,0.15472689270973206,1
a3e221ea865a7087a7ee5ae98fcac27287819fa5e1361005e21b465fbd0d0c22_adv,1.0,1
975b851ee871d3c91af626e49cbbc4af08a93dd00bf8961c63987bea5541c573_adv,0.9591382741928101,1
1a63a3b13216e5eac2d80356f4f6c3c53cb5076e554be38eda8f711e878542fb_adv,0.007833242416381836,1
26031d4503e367a2a618a8c25502d8cc8b2d59b9ce842359fa3cf9c21572c9c3_adv,0.44768038392066956,1
41582a6abccd9dc1fd244c077a94f8988a6c8d9933f25019628cba9837cd11bf_adv,0.0648036077618599,1
e20a032310732be256e8d5555f52b01c690b222b3e7a4424d69af396f4a1ae95_adv,0.2500261664390564,1
a7bda3ac7a680d519193f42f055e790bb7177233b60a511bb77bbc7941fe484b_adv,0.9902371764183044,1
017224def918d322f34a1a04c01b076daf2fb7ed85dd467d75dc7ad6fa8aa9e8_adv,0.12011206150054932,1
3b0eb86a3c2f46e0e8214accb6c07f217e6101c738e5d2cedfc6a0079b60dc83_adv,0.0374038964509964,1
cf9ef0e1311dd5593ad1d9dda05f01412c9efc6698926a899ebdb320c068d2c1_adv,0.1899617463350296,1
97e6746159b2f36c5fcf4342ec5892e2fcdffd2e2e06f5ad7b3f3051e2c53f16_adv,0.20070087909698486,1
7d019d589cf8ee85476c8dceb8275796b6dcb48e9f831baee53f575f258ed60e_adv,0.1341526061296463,1
f495e19a8237243e130eca6be22c475e733e72d490d1b73c26d6fddc22b22efc_adv,0.9940881729125977,1
3d51de1270209f83951e1cced61a356335bff705eabe8c499ca0857f4e9ba6a0_adv,0.32297495007514954,1
f210b54fda34b415c4046a832c04ef8fe9f09e22697cfcdff23966da97b87d53_adv,0.5091437101364136,1
e6648f90ab76e7bb6993d898b368694cc844f9c89ead901ad32a123d29b1f2d6_adv,0.013275166973471642,1
6f239736c939a5daafc84bc42b8e0983f8cbe55a1b5d9d729139b74e99473a6e_adv,0.35661041736602783,1
296fee53e18bececb6532e527063b42b995b6e53774646b3fe7511a27cd130b3_adv,0.38228651881217957,1
6e52f27f6d0ef0e56cd421815dd5d5673125dd0d35dd2ab4b510e911529405e6_adv,0.07195490598678589,1
8f0a620913afc8b1df1f9787d98dc2a4554d4061ee0bf918b21579cf67dd05ec_adv,0.9933151602745056,1
9353ab287593035c01eeb6786a2633c0203421a6117e985384848a0c7f50c0e2_adv,0.10292961448431015,1
47ff9f624c007e26a55eb3fbfc2d89ee18a73b434b10be0789fa7f065609fff4_adv,0.9543033242225647,1
911caa44b10696c00d0eb3e9631d0b7905ff5fc532b931062c993e3885892e30_adv,0.3876919448375702,1
80d0dc93d8c53e26758869aa4c7a68d4893cdf5614741052263a790ba296f065_adv,0.027679141610860825,1
a576e901d9dabaabab10f7bf14f85b5faee22b6c77bbb00cad90d79a659722f8_adv,0.4132062792778015,1
e7660834cf77be3f7ab963dd177d67bc3cb6ca200d9f79ddb844693a413fba7a_adv,0.041430361568927765,1
5ff9c039562f9354085b3bd7121024a9313c205aa742a3377ce7e863924c88ac_adv,0.5638390779495239,1
24e39ddf249628ae08211806746999c529b84748b1bf90f02aad103806d52001_adv,0.32573509216308594,1
7afdcef664c2dc18dd5eccfa0836cf54add451f5d51516e4aa34c6ef7053272d_adv,0.06343282759189606,1
156c6a026420de08301ea77e9224dac55276b3b0e99fc32be4c3100fd64cd59f_adv,0.42391860485076904,1
bd510d8a1005fcd249e0130456dfc3f42204da190c799fef23f202229c667604_adv,0.6831853985786438,1
534799095af3771848161692d08ab2d56c971c865794d385ef6811e84138f32e_adv,0.07599397748708725,1
596bb6404d9d4889c53b805ebda91b6ab0ba17ddafc1830109496c9301a51b7e_adv,0.06816975027322769,1
cc2723654a2d51a407d6a1e92feb32bb58a59d814b414a45e72c8416381f3709_adv,0.10511237382888794,1
4f18af30eb141f498dacf220ec3b7ff4342c89d24995912e0ce6f8106920dba3_adv,0.4132062792778015,1
df3f1efbb5864f9a20557850f157617acb201d2f1418c1cfec594a92db9f07f2_adv,0.3972870409488678,1
1dabbb9b6cec57a3d6cc6de717cd69c15be2475a29e9c69c0c8e4bbdeb2914db_adv,0.017317671328783035,1
9ca042f514df28e3ba0f1291ea1823327990ae499edfc2679e3d33bb9adb36b1_adv,0.11721403151750565,1
83d5e9303a267957962229cde7d72e297fc385adde3bf09e118c0de00477ba98_adv,0.4132062792778015,1
d7d127b2052dcac5747e445aabc143bdab4b772ae0ed70cd47823bc8fd2f1e05_adv,0.1757431924343109,1
5403f60d50dc2d87e01f63c9d699d3c5bb3603a3156273881951ef6b21403e82_adv,0.4101578891277313,1
7e92bd39627a76d2651b165d4d0482178b5b920b65892b966879b9797786aa0a_adv,0.5135670900344849,1
9e2c22e37c8ee0ea4f0968bd4cb400986a2b9b7eb31f188b4bacc34dd76862eb_adv,0.053979333490133286,1
24a6be77c57abcfa58f7c241d02ed8e83329893ed68ecf6ad88319795596d014_adv,0.8108159899711609,1
89a7acd0b6f7a9834604a849cf38ebf80e61aff425f46166d3d519f9e06521a0_adv,0.3972870409488678,1
0166ebbcc03aae6d12a0b1987aeeca23c8ac75f12099ef7376ff775f49712b47_adv,0.024994999170303345,1
9ff179e4e1a188bdbc1ca731b9167d938586cafaa56431e0c4bac121883c735f_adv,0.9950535893440247,1
b5c5e6538e85836e08782bb485eddd9d13cda4b68942916dbc8b291a2fa82eff_adv,0.42107832431793213,1
0468e6b6656a0a085adcf24b96bc096fd3db07af8eb1c9e22c058d0c8e571c04_adv,0.8970428109169006,1
ec79c497ec5d2ecb132080b106d9127c82026760b9de74e2d1efa8f9365e1871_adv,0.40798598527908325,1
6cbdf20b69fd36330ba64aaec3ee376d1776e0608aa69c8f8dc94c3a134e5231_adv,0.7102680206298828,1
c38761f1cbb75f3d4d34b41772b80928188da136cef3fd9a9b83d45ceaaf05cc_adv,0.42691463232040405,1
5655b1147d82d55b46cbd24270538bd49459de8cc9a64a4b257ae235df7479e3_adv,0.5343659520149231,1
ab47e2228f341d8707bbd8a78530d0b96fe0b9419480449563bcff7e0ee14f93_adv,0.056326963007450104,1
6849e74fd25e99cab84082897fff5af0081ee0e2da703e5aa9ea753f44e9869e_adv,0.0418824665248394,1
922bf1497215942e7e5c57e3a21161dc15bb3f31cc24dc0451381c45de40c10b_adv,0.7569236159324646,1
03b142a8fb46b9548eccdc4b67d7149673866f2fb493e6e128d856e5225c97b9_adv,0.03250965103507042,1
c68d5b94f356639397c3a22809dd8918f61a1ed9d40d6744429c3b34f254b9f4_adv,0.15472689270973206,1
09d7c62ed7f2c69abe74b4df56f7f069c31d25b86eaf3a1c77b957d62842c3f1_adv,0.4132062792778015,1
89b39a032230a1676e8519b75f2b7d96524b83d2fe4d2b71ca6b0ad9fd8a9bb0_adv,0.13550055027008057,1
a4dc045d2ddc664d1cdd3d5c691975a1b0b47ff9998076d0bc2c68caccb074fa_adv,0.028340155258774757,1
538f525e99aae7d59968428fa1dff996f360511e0c89878870a96fd999461777_adv,0.3614870011806488,1
e3a0f1e6949b4bfaa24c45f3656013b5757894c0d006fb1a91319ebfe370ed67_adv,0.9179776906967163,1
654db28a06445a60ee26e1df0aa62fc05c2945fa49536495c68dd97ad9db99b0_adv,0.02966717630624771,1
2300be0040866c1873b5e2dea5e6a4111719eb24aba9f327313f12cae94d8f75_adv,0.15793101489543915,1
f4c6afa53c286e6d43b355bd539502a07aa48012b6b815db9adefb28bcef1450_adv,0.38787582516670227,1
2b0b552b24de7227b886fcd95645d439b792e9549c9d2a1bd5c13787a258818e_adv,0.1463417410850525,1
1f8f8d6865788e3a4d51552c31d326eb871e8aa89a60e408d011cde1c84032f1_adv,0.6662047505378723,1
de50b38c1e8586092d5ab3191d6b1de2ae5f70ca9f2e87dc01083d2bf4550795_adv,0.012075393460690975,1
bc12a537bf8b33383ff1d77f9d411ad07ebfa63fe26987c222dd151d5a21d15f_adv,0.10674811899662018,1
0cccd64411135a4c8dc33a617d84095e955a38fb81fa0ce5fb15383009bbde95_adv,0.46338075399398804,1
397aeaacc1e9152382c99621f806328e4f5d8ecdf2530fa9b520a1833566cb0f_adv,0.06299571692943573,1
b76abbce48eb8cf75a8b9758f9985e350ee9c3bbe32188e15337f36c2d7ec0c8_adv,0.2964468002319336,1
bfda771edc66249d8f232c5287167bdd322bfe6359e8dfd60145aa19e57fcef7_adv,0.9998974800109863,1
ceed3cc2fb45bd4859cc1d3270276433a00fd1f22ef4a68418473691875d4fc6_adv,0.25366345047950745,1
51cd11cdc5863945f2cb5cadbd0d0c69703c9e530f59b23371e64e10a869cb83_adv,0.24122610688209534,1
5dc09f903327308cb2d2c206189c0656acae6d2cd8eb49137f21db07ce0b34ca_adv,0.25195419788360596,1
b47c8cbaf311aa1803374ed1c049f485250ca24a2282950309444ae8f914360e_adv,0.04731334000825882,1
ac66c1a4b106a68ac216100271280c9a3806e37176979cff0cdc562bea90cea3_adv,0.25214913487434387,1
6f069216f29c9153c4a0a8b2cca23e20b0a91c3be058af48bb0d0662b20d3710_adv,0.6393091678619385,1
6ae371055e3f60c46cfe31604419ca2c84251f7717cbd86acbb2f7b2a6437cb9_adv,0.26702606678009033,1
535367fb27a4a7b8922a0d232040d8f1bd4596ae3a5f6f1fbb82ff24a7da99a7_adv,0.15472689270973206,1
fb24a4e7c345dd8ae4864c33d20dcd3778ab1246a5b87ab1a0c0f07bc6fc6bc6_adv,0.031021680682897568,1
0456d789230954b175f59a7f29ed5122d4f081b341e558e803fd6c72b6c00b37_adv,0.4132062792778015,1
5422da6e09cdcdb8b533d5d63fb5ae8fe3129bf168d75cd2fd5911c2848f22aa_adv,0.415662944316864,1
71b578579c49f94e91db8d3bd661b3c8694042469fbb3c80b2636bcf548ba20c_adv,0.02596418745815754,1
2e6514fcea5d8cc5acf5b4b8e6051a845d8a7fe628300c726ee1a5a014911482_adv,0.2859688401222229,1
02e61199c714b612969cbaa18b79f426d17ff95b4c13b9fa6aba130e07ae81cb_adv,0.09618669003248215,1
f9ee3979dccce51b2a70d87cd2d5884b49d6958ee21a5ce541f2c8bfd72316e7_adv,0.19138307869434357,1
7045145353d06c04bd63ccb5713bc737081ee5126f3e9aaa7d7fd3becbcc4fd3_adv,0.40363767743110657,1
05c3ca4f05d63fee5e70dc341601d64ea89164872d1b3cf83b6548ccc4beec44_adv,0.9749823808670044,1
78d9f43fec1091624accb6bde07ff5c8ede732eea4429954f7606fdd5eb5eb18_adv,0.11438074707984924,1
e5a8554cd596859e7a7fb2503ea821b8b73cff7d1ced3d727585b9676c1a0c67_adv,0.46338075399398804,1
70a04a74ccf564e03575b8149cd3b5cd4b26630406cb738c829f0d9920da69b5_adv,0.4441293179988861,1
9589ae1932f7b3ff045cdc6f41e9f36df9957f77ba1b8087a648593bc46eeb21_adv,0.2522519826889038,1
8a8b0159ee352426048387be13684bc6289c0a10a51c6ad8f2664ff950feb7dc_adv,0.9997841715812683,1
59fb8a6346cfc46ae63c5763ddaa5580a343eff24a9051b6ae5f0feb723e176f_adv,0.23484933376312256,1
cc79266e60cebb01507c82ce0fb6e59c697ecf612be54e2041f56342e94741bd_adv,0.9995517134666443,1
f916916cdead5d11a3ff6303b7bb2d20e23e84300b06dc8d173ba143ccd7a068_adv,0.8798337578773499,1
d5902069021fe215ac4524aaaf43b3b3015808ee413152adbb37408eb2956b95_adv,0.40428459644317627,1
c526b30ac456da65d2291ef6822c27db8179c17b0b0c071ab5bffb2088e369ea_adv,0.14459609985351562,1
e5e6954f9a2974fe1d2e94e97021df130e0d01e466b0a13ab1d4ea1917f18d78_adv,0.22893822193145752,1
fc270655d0cbe4c5c687c9274a0e6934e9203005a7a63ff3647853f3eeafbb4e_adv,0.15478217601776123,1
f6e2a9fb425a728ef6875131ce727552152c6a98ccb149394da3d9f163808267_adv,0.03200710192322731,1
65e708f2063513707c02c3d99d151ef157b8a7089a687ee385b809f7534197a9_adv,0.06150708720088005,1
c66192e8602b917da95cf622458bdf0a3ba474b287e75754ba45c635e8d5995b_adv,0.10384511947631836,1
c47b6b99cb98f43b53072ad9a206344e93474cf367530938b5e3ed2c5dadae62_adv,0.9836890697479248,1
944d0c0e0264b13298546e08a4028caee4d78439f3530757f3d12fb6b77cf1e1_adv,0.373501181602478,1
332b92f7f72c0ef67c6429e4f81575b5fa804bd0c50f1828d93dc8c82c6824f9_adv,0.9988225102424622,1
2a40bb93b42bc98d85100c5b3deaa2488e608c0412fc5c3db482a031182696e7_adv,0.9503626823425293,1
40352ab3400cc5fbbf1faef26dac04b5555c199668fb83610db2f43eb6eff018_adv,0.35661041736602783,1
dedbf37e935a027cf84592d27218dff246c980563973ed8d5e3e78f0fc5f2c8b_adv,0.012836698442697525,1
6155ddc2356b50f753de3b8e5a41c70c7301e55a785709906bd378fbcc9d061f_adv,0.49058035016059875,1
b17d1a61e987c2b5159004052c15dbf1e1dee285d27750fd73470d7d930cbd3b_adv,0.5900089144706726,1
783486dd30ca43d3a6c6807530c023f61631e4b3e6f2e6c2830b5209ee384e13_adv,0.15486879646778107,1
5560b7face6dc2ced0fa1c0b4ed6966078fe4b4dfdf854f1c1ea8b9ca42d84ac_adv,0.9534907937049866,1
de9d1fffeea010157c3b4fbd6a839b5e033449a637a0c444d7f5ca5070a7a950_adv,0.30802878737449646,1
2b24550abd2e88bcb898a45425584fc9c51ac52e2e33b410396586cdf3fc00a9_adv,0.03013577125966549,1
b87f1c77cb39d0e0a2ef1b2e39576bebb3710382225373d851b663aef5840cbd_adv,0.18314261734485626,1
d14709cbf22435fd2f1b147e6da0077fe38a8bf1409003e08021d5424d65869b_adv,0.0411827489733696,1
10a1c9ecef78d0f0d10b58982b02baec1393e1503fbc36ed991373ea1b6587dc_adv,0.9515048861503601,1
6f0c3ff99ebfec475821f266ab3ec0427e995a223f843fd6a7665faa64b0a127_adv,0.07475271075963974,1
041b674a502cc291541bbb2eef69045f6ce30e97a7e5cb0dda8ff4eebd6ee774_adv,0.390860915184021,1
b4fd58c9289d867681cb1f9d106f335a6b0cefe3bd0b06dcb8ba44827f5d7c18_adv,0.4540509581565857,1
0e16d68ee6d290e2b74650e84a0fe7bd5519eb4b570a9d7148df75a5308a37ca_adv,0.9998190999031067,1
4e7ec649ad88a1d9de7f7cd59c53f0a9e5b9586602eda1ab3098a9dec1c9f572_adv,0.20425648987293243,1
d997d0f8b85050a637de0f2c66bc5f8f182ba2d183e62b4012d7d51c7b75f1e8_adv,0.2422487735748291,1
5d8b8639a4da1daf783fbacd447f00bd0fce52c3aeed024e959414400891a55a_adv,0.9894435405731201,1
4e34228306335adadf2e86117130b54cf17b05ba062d738b66616d70d639370f_adv,0.06890707463026047,1
d5dd200f8b83f1bb272f6c84af83a8cd6d94dbc17dd6ff60a8dad40f9b04475f_adv,0.07475627213716507,1
74b34f4eaca85fe3cfd8bcb3737ad07223b45bf76d1c69531fbf24caea9b012c_adv,0.43884187936782837,1
2f3f562b395750585e22adefe05a0ad11988cc9c2f0979aeb0cdfd182c04edfb_adv,0.07361634075641632,1
fa89930286814890e8ac02e4b487108b6e1c9c2790764cb36b28d40d78ee3c8d_adv,0.028939519077539444,1
30c8675b841ae6dd49a2d7f9038cda58f09ab28e209477f62ba9828ad8e359bf_adv,0.30802878737449646,1
15de4041bf22b9202ce4404263612e0ebd2ba1186e002b4c00c20a550543b4e8_adv,0.040407128632068634,1
eba140f9ac52552eb752fbe5c3da006164eaabc9b33b1e19ed7658358080f9da_adv,0.06618572026491165,1
9b515d94b01072de57dab5fca97b5a1997294d7699ea470d422e040c00b02478_adv,0.2452024668455124,1
db8334d590b3145c9a0e48b45b69eca1f4cf4d9d35da06a3b139617e1fc89795_adv,0.1027599424123764,1
3060673c68a58f7d959237108d3eb403479faa30cdc0a51c793cc2d434fa8dbf_adv,0.40371233224868774,1
cfc164965d084a19a6a033da766f35f4fb59470d65c08d92b0cd3b858fee0265_adv,0.03241131454706192,1
ea6cf6e1fb932a94f1cc5c7521a70af7a128e049c54c88b967c25b34cd545002_adv,0.8442772030830383,1
02dea93edf44413d993bb12a99c5e8f6df79c3bba831782b0376001f837f0303_adv,0.9924625158309937,1
e7b398128459a0404d16c3056c5e333547c7d5cc3c344b8391f077a73e03411e_adv,0.8218415975570679,1
529b4e1fc030a9507cebf9e836ac0a8063eb81129c17ab4e04ee239a12fe9102_adv,0.07832976430654526,1
d4dcc5dd8beed1e1f3c84a0900772c195136738d19d362142d8d4d0efa29b7f3_adv,0.11429114639759064,1
de62306d93b4e51863558c2f63755d78373b8e82ce64f7a2f33aef5ab6de739c_adv,0.056326963007450104,1
2b9604e02d45e57473ea717250be54dbf92bc7f4e45f2da4e4376060d91b7b72_adv,0.15472689270973206,1
c7148bd332dd059d340c3ebc8cffdc01ae4e92b79b2072e4372e103053fbc488_adv,0.3905203938484192,1
310162c5109834962a3cfbbe1f0c482dae45da2c8026b2c3ea536a316e72e8ca_adv,0.07195490598678589,1
ce98499d93bbab7571ffd0215c8f49b71c77c664d87105b243341c0391631432_adv,0.024218708276748657,1
07de116a7cc16560235a04980065efd12f3037211957473939a57fb33193daf9_adv,0.22779788076877594,1
0c2d668e6d3c43518617a2fb88b5b435eeb159782e0c3865466d8fe01a2de377_adv,0.3847426772117615,1
288f90e00354f45d55525eba8caad86df134eeabf7eb4930840a959536b69fcb_adv,0.023427477106451988,1
d7a17973a16398d396cb48919565da2eb50067a768e21e98a4b5f784596281fc_adv,0.7450789213180542,1
2c341de1fb1d7339762bbcdff976aafb59c914876998ea47faceca0c62400d3d_adv,0.06905311346054077,1
c23362a6731dbeb46455e78789948633a213907bc3f8f1d3a4b582743321a094_adv,0.016778085380792618,1
8087b0f293a689f1136934e011b617da0132de74f762740eeb414e572294bf60_adv,0.029730575159192085,1
5dddd1931d9277ef6730aeefce00e82111aa1221b4705b14c8f7cea3bbd8dccc_adv,0.6433086395263672,1
630dc2fbb0aea189651f9d27a269c5d02c5f6a4cc1867a54c57cf014e51aab78_adv,0.3115454912185669,1
fbe2eb1d9bcabd77928c338b5a27a57cd0045e0d3f135faa4d21387751d5d1a3_adv,0.4132062792778015,1
46cd9f25f187967efd31b21542eca9b82f1489346405d538d90685efafd4fb7e_adv,0.3972870409488678,1
ae34737d365a500cf864b43903d1577c07a83ca98d36ac42a93c5f89ec6d9193_adv,0.06618572026491165,1
0a6a948bd563624c3fe11f99e72ca1458787badd7bb6b08283a1cb8fd948e7e2_adv,0.9684097170829773,1
0f04105336b88e4eecd8c3e6d68dabb99abccbd5def4dee14e1e14261fa085a3_adv,0.38766375184059143,1
38c32a0398630c58bffaffbacf41a4251ed324d4796a897ec812634d0af1a584_adv,0.4132062792778015,1
75d10fd7c4032e6990b704db3e05478d165c437922dab84ecb0a01935fc6811a_adv,0.056326963007450104,1
477c10379fee0fd9d948955b1cbfec78460e845423c4f1ec4c2bc730025ba03b_adv,0.09099284559488297,1
f9a2478285bf71dbfe783756d249f1ceeab8e22a7d3fcfa278a41750c3297e1c_adv,0.2946387529373169,1
6efaeae1c5c0478a41a143006f2604850b982f157d44605d881050b429269bc5_adv,0.9553737044334412,1
37580dd33cc5eb8e5ba5b8e0b782e61c4239736351eb161c7c288ea889d34ccc_adv,0.11257831007242203,1
7d5ecf6cbf2c732cc30647ba968a0ce6e95569bf63a2b23aa84101fa1e25d1ae_adv,0.06105947121977806,1
b7583f4212799d683c2c35d54943dbd7986973ed1a2a04b3b95536138cd44301_adv,0.9822301864624023,1
53396aa48cfa31b3173242c625f9f9477b533b8e859b58d8abe22160437d6e0e_adv,0.06687144190073013,1
df4ec94bff94c2de39ce9a50f373cf05baed965e9f3ac745ce6600a40f061b71_adv,0.44768038392066956,1
e4d685034444f14e6ed8ddb86e652f38efb624cfa939dd0e7400cfb23d3761e2_adv,0.02596418745815754,1
85041c364e930fe40d4bc0708a9cec70f7e3db5bfe7b191aed10eaab5844f3cc_adv,0.25195419788360596,1
659eccf66cdd0d23e7745eef3a0061a91ee6280263282f05d936268f6f61f116_adv,0.3070276975631714,1
8c24893c71bb0b0287b9dd7e23d1240fb3c47ee149b2cb635ca30fe52e04a33c_adv,0.028612127527594566,1
2b591cc7a6062f134b1726df91db1ad7b49748c35189ddb13269e5ffbce22148_adv,0.025833960622549057,1
da5e756eb494bb53754e6fb5fc3e32274580db466138ff425475be7651a57b7d_adv,0.15508128702640533,1
3c4407b1198c44ea0549a3b3eb141313cc920100eb58615620efda81c80d251d_adv,0.07631833851337433,1
ad1403fdf8d3bc2a459d73f47ca8740e959f307251e083490b056008ddbab25d_adv,0.9723632335662842,1
349ffe84302f8c464a7b34c899f5b20b521cefa89385c1c622b183c95e08eba9_adv,0.9998646974563599,1
5fbdf96e7942f3fe5417dd88bd7b359879feeaec94e9a35b760e8118cb1ff776_adv,0.06076224520802498,1
26a7ebffd3cff33cd332c19e7a81d23a4ffae591d9d646103f5c870bedda9c9e_adv,0.9683005213737488,1
d90ebcde7ec6e9cb12ab7e222b43e2a9198e84e7041ebed63cc2cd2fb44a967c_adv,0.4001796245574951,1
97324338c771457a9c44d5b15a1b73c29c643c252d515bc0694d3189519ca518_adv,0.1437096893787384,1
31678212377d2df3cfe2552e83425f395ce1ec84b8bba712554e944502b7ad30_adv,0.09099284559488297,1
feae1a302b1b09d78bce7bab8048fe83b9b85e3217b9189fa25d728134eff305_adv,0.9995473027229309,1
0021361c3ecc3eb7b82d0fa5bf2d06e14177059ee9e178e0a04d42ed5e3862c4_adv,0.4751250743865967,1
185b6988df139cbe718946a88f112225bede13c2d85e486709f208c879ce0539_adv,0.1243216022849083,1
541c277433271df2063fed1337687918a0eadc541ec2a20619fcb3c47d827ea7_adv,0.11658062040805817,1
aeb5b7c192382c36c96f06bc43a53afdaef81456330d74c904626d493550e37d_adv,0.5291410088539124,1
e0700db449a564a5e85cfd7bf92d05bd0f1a033bf2dbe4db239dfb5f3a863087_adv,0.7005782723426819,1
d95ebdca272032671510f8de49f40a116da8a64f95f29f6bfe58e04a041a6b61_adv,0.07966385781764984,1
11d807cb87a31d7061b7c4132f1b0f3020f414b59b129a418c5220483f6ddf5b_adv,0.9960193037986755,1
e7c7b9150b308491bd5a94eda0f500d10e8dd40be3a5b49fdec3160a6e656146_adv,0.9179776906967163,1
6907bd0d60d191798684d5d94f8c85f83c4ed339fdbe5d7da5b4909321009a4b_adv,0.13252633810043335,1
e4f8c27c85561d9dee09e84cabdb0fecaea7cd6fe9f29771e2fbed78267eb1e9_adv,0.2522519826889038,1
b9be0a15d34c37ec24e52fc622a40b62433a807294ea439711f9e22c436dca09_adv,0.09779854863882065,1
f8601f4fb1f6e5e796cc722da67f8ea080a8c2be63f412e201240bc13e22b0f8_adv,0.36659306287765503,1
97e3ea091c072597fe48bda191317e1cd3974f43ba2e34f4fd89cf25219b1a74_adv,0.3904739022254944,1
f81c06fe305043ef40a4f3d1500be68608e8739077b7ec4ed20fdab8e9706412_adv,0.7543284893035889,1
70ca1d2afbdb88f8df6d6fb6266fb3b8d3e88840fb76f43267e474d0422fd69b_adv,0.5380693674087524,1
9331f6499dc7d4d529087be8d200d4e94aee5312badc9da1b8c5166ecbd7d9b5_adv,0.1498374193906784,1
4b5335b342848314077512580a512a0cc082b02958b538c40172c759c50c225a_adv,0.3586510419845581,1
07f30e525efc10f5ce2c994187e84a1d5b5d4a393dd9aa66316b7d8cd51adfee_adv,0.037632379680871964,1
92995dbdb0650401ac76afc092ba679b78b1804ff204df4c25c84ced0247d794_adv,0.30802878737449646,1
4cf0f192e9c234e1830e3495843e100b4a2a5cf86cb963d610e5192e5037a75f_adv,0.577307939529419,1
c4ed79587319687a441a1352c87cd8ae6074819583495f497753158cdd88a340_adv,0.9997628331184387,1
4784feae820e25bf6d763cca2d804993e2e788ad9d753b344ba607f7a125b3f0_adv,0.3972870409488678,1
9a277d29ffca5cb71a55cdb1ebe0a4ed6c3e8628835f3e7095d8236bde05fed9_adv,0.40630850195884705,1
c5937d2ec8c9dc4aece2bfdf994c4be4472df6275046bc9325e894a99a0acc47_adv,0.16089092195034027,1
07374e17a7b54a927c51d286114c110b51a1d6e92f7a0be53f2bb5c8a2bf9f22_adv,0.030328990891575813,1
e0181ad592e09e8ef7d60b0558e31427cd20f52a5ed408d22819cb2de7dabe44_adv,0.20256660878658295,1
1e5750693069f88eafa970bc23bf1c7e219a4eb39d7d85ed66be8565f35ff7b6_adv,0.19939036667346954,1
055d321b0839c098d1dcddf91327d446de1011b01aecfebc208a89f84b2ec2c8_adv,0.41710540652275085,1
c35ef82af39087f9c650fa1e4562c4ed15de3001c54ad48468cdcb0a4b6f8f12_adv,0.2548193335533142,1
5e35c9e554890454f1ed6779d36ca0d86f7ae0222383e7f9085c99500e4f8b0d_adv,0.2740873098373413,1
74ab11f0da64f30eaf1214d8d277661f9f47ef313aef876f125f3bdeb651024b_adv,0.1027599424123764,1
a45eec493aedfcc2c64656ee9fa9040dda5c0dd9441812616bcce48ba0df8de1_adv,0.6813853979110718,1
161b699d4a140ebf4092aab7409a77dad112f26cfe2ef7eb37e78a53a63fffa1_adv,0.06655541062355042,1
a68429887de6c53ad2190634e3024b3d03fc0d264dd5a430d1a962ab3c28152a_adv,0.15663467347621918,1
63619ed4f7c3c0f7733981e9e51657233e970771cd68dd5483cba33d1d4a6cab_adv,0.24560409784317017,1
96c34a777d5df88713273d205aa1de0e13e1250862e7fcde6e2452ab3756acee_adv,0.4111636281013489,1
28c61916a8c82251afd93182786636ea99f90e543fe678d85eb81da0a0031c56_adv,0.13358207046985626,1
bd364d265bb22c6521820aadadcaf798d9b3d1be5011d1dd67429527763134cd_adv,0.7312931418418884,1
edd7a99cfeb58261d6c86d8d1fde7b7bd2f5ee5e261d5973f83c9d38c863a035_adv,0.43916377425193787,1
4abfaac9610f518c69905d506ff72fc35946d24780b284595307a9e55f932b15_adv,0.41221389174461365,1
d73c7269f0839d7243c1e32146d134551afa32159e7f260c20978d1f976d10aa_adv,0.13462437689304352,1
f7b10bf931344097935deb5a82d2ee217aded810750fe8b61e9e895e56c84c06_adv,0.13321731984615326,1
4374654d810a4479a9cdea6f7e4d6367c736606797cdb9543ce1673858cf6459_adv,0.06923704594373703,1
94d8558bc0875cb257a505ab800ff9fee136f3eff8b65457c2d3ec68e5c08b58_adv,0.09099284559488297,1
177ed5467af8b377d458a9205028774da72595a7921379c2fdee138fae81ba9f_adv,0.10531139373779297,1
85dab634cb48a222a5fee81c3ffc3f40c7d3ab74aec80e771230021e3d899147_adv,0.32162463665008545,1
423a837f964607ce52ad4dd40730c054e435a8b0288e4ff05d5ffb5ea4219bf6_adv,0.4417954981327057,1
ff4776f674cf367052cd4be852fe6fe41b7f70817807e15f598bffc2072f333e_adv,0.05528024956583977,1
54be1617365804f9369c725dc916046475a6460ebf922b308b1d786780f40f5a_adv,0.6701588034629822,1
daef2c82a525793b98114fedebeb6cafb67f4ced03184cead8e5a2221770e91f_adv,0.4210425317287445,1
85c5352c2052c12be1b7135550fafecd573055945c74019028c60786b1be5d39_adv,0.07423916459083557,1
28726c6b6d4cac1fe3d7a6ee55bc054aea1c4c9007f2fe2dd8c0d3ebe539647e_adv,0.9915125966072083,1
06ba1de83e0b89c3396d5856937bef9c80a8e4d605ec152177877480f1c2f2d6_adv,0.678469717502594,1
ff5e05a3840ffdeec84d41690bedc0d9e93b5ccb967c1cbef776a66cea0cf6af_adv,0.29239752888679504,1
b42ee2cb72a856f584be00e05a2b54f1cd6984dc0ef2a1ad0cd074949304b737_adv,0.012485125102102757,1
20f079bd181dc0391f5e75e582c3961bd44ea6dc939d83eae56c079188a56d90_adv,0.5222041606903076,1
5d26572466682b374b1d3628fca9e266ab7cd1b5cb4cae59070de844c89db693_adv,0.4755129814147949,1
a1050cff3b63af5fa3dcea6cbec3d35d3ac3a9732c0ea08624e7356970236dbb_adv,0.416319340467453,1
c54268ba62391180179ae2035d324fcbb4cba40b8303bdd16c6b05ae7d3a9c22_adv,0.9997931122779846,1
67d6328493012e7f8aabb5b00388a393df9b8b856016ba10cee316e3b67a89ce_adv,0.024698413908481598,1
99179acb04198e84b42d68e35e2cced5d65a4e8806ac1175523dbda817bd7d08_adv,0.623902440071106,1
3f47b596f3e669900af98086bce84634976abfd6750dd2a8a2cc11bc1f04fd06_adv,0.3913922607898712,1
729a9c26e6117b3e2ab3ad33f5271d316f97d20dd9a7c168be6bd75de1272a13_adv,0.03376798331737518,1
7003206a14513d3e7e4db65a4bcfba7e3ba6a96f5ef527e00d5bf63adbb36d08_adv,0.999803364276886,1
ab0958581f7997fb1ec797e1f9a12e5167e96606f9ea73d4119d1c427e28106d_adv,0.02596089616417885,1
00110e655b2fe6a8dc95c6f078ab724b5b419272e57c13445becf38a324c9a5e_adv,0.056326963007450104,1
411301086a9ff804c51249f8f1161e8dacdeadb43e936aecd3b0d1376a283f6b_adv,0.5558136105537415,1
6bed894175283a778d56987a7daada962aba07c245e246b9335f8950603798fe_adv,0.1356128603219986,1
4400ba3e362547bd92cb979133dc170d734c702a803b57a2114de517b87a4bfa_adv,0.030693158507347107,1
6a9278cbfa627e20a87437fa0889096bc24024662110b61ed109618c520272c4_adv,0.39069879055023193,1
4b7a4d61fa4c88ca38d06c7b742717c1cc4b7abf08aabe8dfd0c143846a61ca2_adv,0.056377362459897995,1
459d93f27812354e909e45424a6661b0309bc05c93912a427882bcfc6c4fe86c_adv,0.06783298403024673,1
a72a7236d7165401296f7d3537f9c21c59eacea65ca310667df9b0502682a175_adv,0.32162463665008545,1
de189b8c30433e26f858a4d70611e60feafa64c087671fc288c1c4abd0a5d57d_adv,0.2853457033634186,1
4d913d2b4f3d3e2dceadae2a834739e57562931049554896bf19cd0370c7df9e_adv,0.44441384077072144,1
189dceacadff50e261e3e8ee142e9c2dd35349dfe4c76bf8733a56fd26173a06_adv,0.3972870409488678,1
dd72c3ff4f0c994a8af8e77e46b3e4553b69279a1e55363f10d4a0b1d7eae216_adv,0.17777949571609497,1
268425f6b74aa0bffd6a430b2f7dfe0cde132d62b0fac096aeffe9a0a85cebd5_adv,0.008158501237630844,1
fc58662b03a33d6a6a69086c37b8e271c0fc8bedcc845b267a84c63a6ceb825e_adv,0.4875582158565521,1
f2ce81e9f21aba65afde8bcaa1fbad5b9709aa669db62020dedba24563f8de00_adv,0.46338075399398804,1
f6f5566ae35d43c77266ec27954ae709fd6cb4323eee1f13e9b53a398d987fe9_adv,0.08964002132415771,1
28b3f4e30fe86e8d0b88591bafd223729ac00f7d081dd10704ff161ed9c2639c_adv,0.5584210157394409,1
db21cbc21201b141072008147c105d605d5029cb25829711d58af31c9c96fbe9_adv,0.025530610233545303,1
31fe8bbecfc83d1414f57ca1d69c722586c79c9f343bc84357a526de92d45b8e_adv,0.0037614216562360525,1
ab13ba2e1c6e79aa12c278d9ca527ca3bcfce5bfb0cd5b2eb31f3b5b14174db0_adv,0.9179776906967163,1
b7465eab69dd9bd51e4d2e52bf3dfba84f6f09d7b946ecc1b2845a923edcbdb7_adv,0.4401375651359558,1
fff45e7a2bde5a97f62333fb8071aab4c409da0c042782e9a478cbf0b0f82232_adv,0.9995473027229309,1
2354b2122cfcc42c3a20856a82e2ae4f066e3280de16fbdcca582476472b70ed_adv,0.7657729983329773,1
3142f48e773b766e53dcbff513ac0bf0b6344af12f0e96fe7bbe3e37186e88ca_adv,0.5344620943069458,1
042d4d7816b019fed2bdde5c12dc08970fcd7b6ed195b32e2c32c6a97c026173_adv,0.7527397274971008,1
a872262e57a2f21f0bac81d249ebe3871ee7b3afbcb1e528e457234acb4b14ee_adv,0.6920008659362793,1
b20019a4bdc4fbbb4cfd6724a0de0669abd8c9bbeb5e10d3d82ead06c935f7ec_adv,0.17464372515678406,1
20b262aee49fdace8dcdb0f58ba3f25fea18915234ba639592d3794fcd8c96ba_adv,0.013070988468825817,1
bd72bd1c7f02ede438fad6085c93837d59b2fb936e19e697f1b1528fbc7b2211_adv,0.42071953415870667,1
5a3e4b325d6285da6e9223b5afdb4b85fe74664667e09c10e1445a1e718370f0_adv,0.07076692581176758,1
1ae176ff7d67177636b1d8f866607197636b111d19797ff3797ff54b3ac1aa1c_adv,0.056326963007450104,1
1dbe7a881762ce757def3e3f9a512a5f900e6b1c6f2032d52e7f29db5e9a40e3_adv,0.9892275333404541,1
3365edbab831a5016d6189af93a786354d535bb47c007d10a2d7fb0f89379eaf_adv,0.9664009809494019,1
91cbcb7ac30df14e3439aebd85d2c5c0779dc3eea4c8212e8226b396c77fb4cf_adv,0.05120975524187088,1
c23871cbe0caac30394c69305c1cdc531409bb2929955ff3b447c11fcc6b4c03_adv,0.957608699798584,1
3c74e7393a12f81f3f63eb6f311dd1af852955f416532edb315d9aa09a2b39eb_adv,0.9779813885688782,1
741a54d69b4398b268e4c4a9749b813e5bd9bcc8aed27b1241d9be0f85a123bb_adv,0.02606095001101494,1
2543a6b9fcc66c04a98ab69d5e763b6d14bbc2ca7ef22399e0fee1b9ce7a0cb4_adv,0.9995102882385254,1
3d45ff0110e3ba188ae7992ec38eca10f6b650eb3958a50b2ca5452424690176_adv,0.0772499367594719,1
8fc5cad118c1ccd7924190af8de9999f14ed5d90550f9160b54ba140ae105ce5_adv,0.1027599424123764,1
d9d7ef4272fee41557751c07ad4e150ef056791353386c734e4166de87a41702_adv,0.10171951353549957,1
e503af18cf036e49e841658ddca7af312b135e0881a4e2ab7e7920d13e69805f_adv,0.13567110896110535,1
5895f76a14e2c8840c693006305fbea4ca691982c6c66b13c508295a111c44e8_adv,0.6634637713432312,1
40b95d8bb0b25294128c06bf11afb7f7a78345e41bdec6ef5ced037f1191e838_adv,0.01619051769375801,1
79604218c99a51156fdc5fca20363d5b19df65aaed3078791937744e5b3ffdea_adv,0.060968656092882156,1
75416b8a4046bcc7fb7286f0c05d7c57423d345556f8bea4aa2753ab8ef2c20d_adv,0.5785558819770813,1
c00424e48bf22dce0ca475bf57839b244a5bb69841467adabe17789ffdeaf9ad_adv,0.009432555176317692,1
a44462b53c5b1ad966ae86e7535115e604dae0c6b416b7b9b40911fac64fb31e_adv,0.014978275634348392,1
1c6c916ebe7d809610378a83f218c17ed625178160b3dcab397858f362ec7f03_adv,0.5260578393936157,1
f1f3bb20523beaf84639cd5403dd928e6a9cc46b8181619e8ede7737cedad60c_adv,0.9996172189712524,1
4ffc92c4338e6f6c7227530e72339a2775b850061f945dd513d5bbeb605fe76f_adv,0.169991135597229,1
130a86a3ad38fd8971eef012571552baefd255d5995f109dd907f1e58f297372_adv,0.9999963045120239,1
38fbf8f2adb446684e95d2e4a3e91c3143c812246555ca01f20f95a6026293c9_adv,0.02596418745815754,1
e9795ab0606e7e91ea0792ecbbce5bb4cfe7e2f014297a54a11eb877831b4ca8_adv,0.9911046624183655,1
33898c7bb639052d857ba2837f0ea5218a06b5497fefe18bd97831055d76b0ac_adv,0.9179776906967163,1
c81eda2219fc73819ce68dc01822d29a8ba2e3314edbe91e91e2d141141d9c21_adv,0.8870658874511719,1
32557e111da7bca21ca2898d947f8cfcf776fc0d5b9ae15b5e37fb182cc5f905_adv,0.02621958591043949,1
943b42f83aea0623170415a3f0d06adb2662165af9a3687f96ebe9523320c884_adv,0.46903350949287415,1
6532d1674ccfb4f4e54d4489f744cc1e4f1c8373aefc2a4cc7635c91a15e12db_adv,0.5712705850601196,1
6c0a430df0fcfb799c937b9d964f5969b814c21488740ac14bb137db52835ed5_adv,0.0651574432849884,1
c6c81c34f37e9f187de17735cf24abeb712ae8f91897593decffd863289fcd38_adv,0.323650062084198,1
7ad78b4db6a0b45cc150f1f041fd5090a17465d231b8c105c5cbf886231182bb_adv,0.31200268864631653,1
575c58835766eb4b364f3dc3980e1ce655744db4c11c39f04cfa1dc92f24ad44_adv,0.9991564750671387,1
eccf6e19c76158de0c96bfea31423a29ebd696de88d16cc4316062e1d24ba7fe_adv,0.2606275975704193,1
8324878823441fe7a5e2abea20c976b60b34faedc3a0b28f16acfc020e1d4347_adv,0.06816975027322769,1
5224249dee46f5deb7a11035d849c13f22f35db5a852a7f82d899ffe0683d5ce_adv,0.08136744797229767,1
357c7f7b475fe33734a619c3cf7570953f6bed12f3f9e103b76e4f9eed518142_adv,0.3219106197357178,1
def0929d9210d670d4c45d96be822d70174dc0dbe28678f24f9ad602eb91cfe5_adv,0.4145500659942627,1
31dfce4b14c62925290016ec7ddeb95c0526a1e3d58e2aed8ada1d22b73b9603_adv,0.10180553048849106,1
943a1e6b85d3b0f7b30ede2fcebfc64f543245c5fe8b39e4165ea6ab67676d5d_adv,0.4132062792778015,1
abcd1749ba7f58cdd9987b8c22a786e54e47147eba7ee926ff0951f7a83bd4a6_adv,0.06858725100755692,1
9e86bf27bfb1582b30bdb7f6ef005f9c0af10243dc73ea5c0951f79d7d97d8d6_adv,0.2195090353488922,1
08d2d0e4d05d185fcadf065717b3151eb9a0b4452165f514c716c78ce99ae0c6_adv,0.28409457206726074,1
0bf53dc738bc1b3c2f108cf2e3ee92e8fc14d17c80be7219e79cc5e8600f3f36_adv,0.026900356635451317,1
900a03b812e72595d98305441281f76da025411e402e6ac69102dbb0f86a7c1a_adv,0.250095397233963,1
b1b4a2c3f2076c581641a40eab78ce225b471d9d6f276c11a9f5a361aae81419_adv,0.07225808501243591,1
8d0f77b369ba92687d3ea41ac6db3c722a8e1ac113433eb02627dde4af2912e5_adv,0.06876841932535172,1
f0776d9e677db869ecaa24411c38ceda2b230b6532612acf31ea261dac501f29_adv,0.4132062792778015,1
438085c404155190d8181fbe8c7f101912eb794057d02c61d52923e9b0bcaa87_adv,0.6929343938827515,1
c6971d620632ba3943f5869a48b2aa5682403e3939cbfc3537c7cb22fab01671_adv,0.3441796600818634,1
7e09d5627904afe8acd8a30e98cf19ba6edd2f4d905dd9f38fd9116cf081c55f_adv,0.3223050832748413,1
39c174fc86653c8fb49db19b1ee95772bfcc484a675bc2fa2ff3562b25e52e8a_adv,0.054992545396089554,1
dd0f0633d9053606de7be7b7cc577a68019f1b9d097de95fe705361b6668ac2d_adv,0.15108662843704224,1
64b6e254fad807cb461c4902c8415021a288e1bc5f57362512559843502abef0_adv,0.11503083258867264,1
316e1dc8b3875adc4868e44122de650ce2ac203c92bca976c61bf48b97e5bfed_adv,0.027679141610860825,1
482b1c322531bddfdd26354bd5b2cd07c68492cd48eef9c848c157e6cc3e0baa_adv,0.9702390432357788,1
cb59c38504f94a1999412996ffe30ad7af9a7ccbe93404c6a67556b0b5c3fedf_adv,0.41257619857788086,1
c667218873f30918fd87e0e4119e63f79e1061d29ea5384033c9cc634cffda9e_adv,0.05911419540643692,1
9179e6f7a7075c507b17ef7db5a315f16c20a814ec0aa2b0c03c128bdde2b718_adv,0.19046492874622345,1
8dd96d3a31cc140183ee65ccb7294dce16d228d01488ba29dfbdb514e927d33d_adv,0.1459629386663437,1
03524f2e020005caf713dbb4e774b063a3e32964d4db15369b9a861477130082_adv,0.02788468450307846,1
b52534cc4e0e29cde0a88b1d019a01e7ef248331ec5c55864cb0d78490b39ec8_adv,0.7721242308616638,1
d712cc983c41a8d6257f48ad3872655e04c83afffcb1e6198cf53c0f34902456_adv,0.41815611720085144,1
29000b63cd23da94c34902760bcde42bc5984b244395704d013debe118348f09_adv,0.46338075399398804,1
33921a916bb2363364064bbb441e0b1db09b542ab822b2e4bc4637184c96abd1_adv,0.07179883122444153,1
e50d55daaa42b87ddd536728364c2b0c2977975b9efa60ad15df41e6ae11349a_adv,0.031021680682897568,1
ba7eb71c3f70a3949916a3c19daa37c871401e4d07d22f3e22a84c94390f17da_adv,0.2522861659526825,1
0f5db8d0c53c4427efca8a9f8e608e7517e3c15b183ef6d4b064785af30a9a04_adv,0.4399953782558441,1
48d2278624c05b57697819d6d36efec775ad28fe951871b17066be0739e296de_adv,0.5871195793151855,1
7da4aaf4c5219fe0143123e3e22616c09a7865464ba544f7ec5a99a234356768_adv,0.9179776906967163,1
a7202e1ef13a7c7d69f49a3adf3aa3e4f71c5dc78afd98fd675894fd144fa5a8_adv,0.5897479057312012,1
1f02c71f5f406cda4b7207ea3f128f62d5bd514583bfdbb983c6251132abe797_adv,0.9999779462814331,1
9302964f364bc41d06c718625d8123b1512d1f079d71e65cb803a3b3268e2fac_adv,0.2889973223209381,1
c6f27c21bfc8cbadd1a1e5b65b149bd2a92b8a738cf4331be3cea961bfbd3043_adv,0.0840006098151207,1
23bcc851d959bf588b1d5ea6eb1ef09023b35fcb0f35b436d12eb03a8471b813_adv,0.07783842086791992,1
ac9042977dca84af5eaa326f454f9396a1edfd35507f2e3b1e39cc66d8139778_adv,0.41815611720085144,1
7699b0959f0bed5b21e5e27fc542d221f7015900a3eb528b626bc5622ea61df6_adv,0.7463894486427307,1
3a787b2103c5371aff8148982c806341faca4bb2240990c942b8e177ada78eec_adv,0.15723584592342377,1
87f999d6412ae716b7b4c959726e3d0741ca89d8b183af2e635204a0eab07df5_adv,0.17409208416938782,1
0b427e4fd1ffd415e1f7851eefc85445d1c369e6920f8d576152768442458495_adv,0.6984784007072449,1
42eff040eb0a70620fd70464f274e23a630575d43772c3052988461dd3b2c326_adv,0.018723152577877045,1
cf631593b4c720e69ea63bf70ca085323ec7321a5ec4ff5a03bb62f4fabbdfa9_adv,0.08162644505500793,1
bacde0968895e39f9da871f308aff02793694d6eba214ba343558c94c43a2e75_adv,0.5940629243850708,1
31152fa25c01d384a7e8025c8196a8aa667ff61c598754276b724157857b087c_adv,0.22906620800495148,1
ae40a6bec4c2bef26980318d91463c279b99d2b94e3e83375f510e7e627bdf13_adv,0.02631811425089836,1
632738ec5e57032df76c538e4f5c67e1e3a385b23363ce3412b13b8602645ee1_adv,0.9571570754051208,1
cb65890fb0197a06ab3b9dac5ac90b80eb393f208f0673d43d0ca391469c2e40_adv,0.2937641441822052,1
8804eb3416cba27954a4865ce4969a19904e8ae6b620d605f03a3077c14a1c71_adv,0.2827773094177246,1
b6d866d40bc796acae9e567fde90db04645203d24335434b82fe49493b77596d_adv,0.999474823474884,1
0bc910d60091cf5aa85009d22ac1d25f03fff51515c3e3ae804742c3db41e781_adv,0.998245120048523,1
a4e0483f0686fa04f32ab35e1d9a0b3e4201b5229dd40038931395ad026d2ad4_adv,0.029558364301919937,1
be5f5ab55d450bd4984079777cc9d7ba3a391a297342e9d6cc1b28162915917e_adv,0.07665407657623291,1
8a1ff7c45e0d72b9ea3b0259258673725c46273a5fe8230f1c884c53fd931330_adv,0.3547872006893158,1
3dc20c442d93419db4d490a04b6a61f64478fae1f733059702ece0dc6ba38d29_adv,0.09074641019105911,1
e2c0849eb9979e20cfe55fcdcb59d25a368235aa07e8c28285d2e7b0e2f9954d_adv,0.34879937767982483,1
41c826897ee83147d950755f903241d878f2c223f45e459862da2512a847ccd4_adv,0.11817320436239243,1
abeeed8d95546c2a811da3c173e57851e6569a9eb798543437c1dd725a0b747e_adv,0.43062010407447815,1
d260aeaa9ebf4593fa01c3d85acc33f11d856036b560339ff5720ea0e5eaea61_adv,0.3882564306259155,1
a9a24d06d2299f418c8706b4567386d6f8b57c3b0b54df6e2a1f90c904a8ba16_adv,0.37814509868621826,1
4a337bdfaa08b399d071556c481c7155d748fd7d3a3b80f1992f6a5a5a828635_adv,0.5278260707855225,1
ca56233f5c59904e8df66585886ce75f5d2a33dec71ddd83727f6b079f430035_adv,0.3586178421974182,1
9374c53437edf12b7cb5e1346124d157bc0c0bc9ffcc31cd866e90bfbcd21a17_adv,0.8458021283149719,1
d33bad8192a60652627716768b230c8aefacf642bbd99047b89cc73ae742b078_adv,0.9094361066818237,1
915ea3f7a646c3e95c5c2b866516f3811f8f5d35c69f59c54c48582e8a18f414_adv,0.0915818139910698,1
68d50e7fc118ac4d475c54e0e71138da7d9750f50e79c47bcbebfe026b79248a_adv,0.25697100162506104,1
085eaf7bb61020a80939c34b2bd58acec3fddc80de2c151428ec477eb63677de_adv,0.2422487735748291,1
356f6c60589488c0488987dbc99006e9c0d4f9d556bde316e77fb89c62fcdcba_adv,0.9492035508155823,1
a82b1eca2f85307b11cc7ff4ee1f6c329e769054fba00b54e6c04c6609a3b41e_adv,0.4229022264480591,1
18b564c09e39baa969c7a5e0147034d6b6d0ca20d1973507107309966e292f84_adv,0.0418289452791214,1
632e149043a5bf0cea2fdcf617e72a863ed416453e6f3974405186532ecd8d0d_adv,0.025037826970219612,1
328cef5a7eb6a473f410b85c8299a4748cd6b8b03794a4b15680a96293ea561a_adv,0.09398985654115677,1
ab1a8ea499591c220ecbb43e0404ef5ddbc6d4f6ad466e64aacf9d205f45df00_adv,0.1316264420747757,1
7666e93fff9c327069b71280281ff6d6ac5c1afaad9bcbecb90a47e935bd7985_adv,0.1281662881374359,1
de411a8c64e5a9590875eda8a0c6b51c3e31adc42f1cc72a9f793fca0907c93c_adv,0.05528024956583977,1
6a738d959300a5e8ab96018868e3708451eba1ac23ed746c223bd1e160d3d535_adv,0.05215965211391449,1
20368edd16475cbb845225c195d883a500f5c77ac76ae6bd071eb87bb9954bed_adv,0.700178861618042,1
361a12c0412af0b028a96f58e9a6181fabbdc63a82b4f763c8de4402410362fa_adv,0.13875311613082886,1
f4ae105f1c2c4d43327f3b1b1be8dafc6d1fd149b026a54b121ac13f57664f9f_adv,0.4604717493057251,1
9cabdee31bf2b2123488ebb6d3301ce44d449e6a420a1c52417fad1e3f2ce4ca_adv,0.027378901839256287,1
6b2a3af78908d9a144bbc2a62234f4c791e4c8c082ffe1b51b72c386f4935001_adv,0.7460432648658752,1
a620e63c3eb03e80679ce7b0889112f4c3d4ea591981439112f98ac5ff5fe76c_adv,0.3195264935493469,1
d37326be031cf3faf88f3746ca09bc3da757340ec6ee8c5aa2a6cb079b9438d3_adv,0.16745668649673462,1
789f655c34659985fb4baa12ac3e5173cf8d874dfb00cb496f22a901f9c5b1f1_adv,0.2870710492134094,1
09c525b23f96d1627ec1db089de5f4babc193c51f393632c5d9adca33cec6fc3_adv,0.3876919448375702,1
3e7f1323365ebdae96d0fb80ec7eb7a1632b9ea144512f518153f1630b7afda4_adv,0.41866999864578247,1
bbbc5b7638b2b1052d68a6eb829028183bfcb8bdb0f5949a18de0e95254560d1_adv,0.41277140378952026,1
549d9b72d4140c8e99e0da1fa5983bd3239d76d8fea5bfb30058bc51401b472b_adv,0.26150625944137573,1
5a4715d863ff23a7e02cdca06d8cb8188b60b8fc604944565f243d9fa66e7ebf_adv,0.07328587770462036,1
1b3fed1c00652a88a0a0bf1007add4884de91ae60418ea85c92b341a9439b822_adv,0.1486479490995407,1
4205b0d01954f585909ee50592df93ca12c21012bba4634b78e36902c82633bb_adv,0.4468402862548828,1
3ad3da49e2ab172f149dd1fa26275c63945b05a3e8e54d2012015d7ca8f3ed4f_adv,0.00432924646884203,1
737f03b29530554f74968ea23a02feaabc215691fb5daa302feb0664c678acf9_adv,0.06377314776182175,1
64620dbfc701eaabc74a30817945d33a6d7a1dece785dec85fa6f01948d246c5_adv,0.16026806831359863,1
79480715fdda82f459b42f3b45be1ac960f06539a6226f6189585ff7033eea12_adv,0.8536789417266846,1
9866273a96638d8c2f35657872e9d960be29d7ed78f3c0bbcdaf97bfd3b84f5e_adv,0.8375298976898193,1
96ee328670107f6f75e5f6207dfc5323fd9e32064fd1ced59a022798a944d902_adv,0.4978463351726532,1
9866259049225318507ac04292730b5d947c8a6a07e406b42f32c1991925de73_adv,0.09143945574760437,1
da3c5e9e2f8c1683fc063492ed5621014c4cdb25dc57e86f4fba9e90c600a60f_adv,0.4273708760738373,1
8d63528aa2ccf5f362cc0b07227c1156a5ba8eeeba5864431e033cee123df72a_adv,0.5126248002052307,1
10575ea11ba8dfc92879f2ab5a234771a95a4969f9f7d5360171b27640e6924d_adv,0.1507679969072342,1
86a21ecb5f2e9031ae3163beb6a524863fd412a03f58ed09792a91b9707fdb0e_adv,0.26958319544792175,1
a42ef003d71a0c76421b1cb22f80791225d7355a183d56a8931173b141b9b7ba_adv,0.10369177162647247,1
6bf2235ed4a435313205345156b9a14ea583166fa031d02ffb156750ed4bdaef_adv,0.9995173215866089,1
bc3f5fe0f057a31c7d078a2e228c10be462f162fb037e0a72961d9dad2338f3e_adv,0.7307114005088806,1
ce83caa4f119a244590091547cd7e9787ec0d51d59e1153d862450002caa74af_adv,0.9997931122779846,1
f81032522fa3e0409566cd8d342860c3e68150990322abafe268b37f1647d0a9_adv,0.4014972448348999,1
31c78e4bf15c10576fd099538a48f31a46c1181307c73a699fd6b1b56bbfc6f8_adv,0.9203973412513733,1
17a16818edb0a2fb6883fbfe8ff14d446dc991e60533e782df9a2976cf54cfb5_adv,0.07195490598678589,1
cf7b8e06d2232135052310f01a99e012a535ed9122ad721d80f03da809daa2b6_adv,0.46903350949287415,1
781eb6b2f29cfa908cd798ec98a8f410a940e31dd3b7f2f995412a6ed8448bf2_adv,0.13361869752407074,1
6858dcb3123d292a3c56e28967f2818c790f49a6916a30e2c06fc99519f84ed5_adv,0.37170371413230896,1
0bf77da9e531275ce4c2b596bf36c1146db7905e4e38103872a44c32565e9e11_adv,0.04616517201066017,1
8d3497d970b6cf88180594168c03ead829b512d2d8682d504d69f44d422e8441_adv,0.2522519826889038,1
f6500d17059151505ff9bc0fe09630734b8943dfde5c032d70375c0e2e5a0d70_adv,0.20595824718475342,1
1cee8f495a7cc37a9e3258c387eb03b5ad5de16c838ed9cd73846c15e2bfdae8_adv,0.31950101256370544,1
bc26f86c70d06cf346283aa1b82d1a3cca112f4eb54e96a77ce47bd3c068c1e2_adv,0.5421416759490967,1
c9ea81fb55c68d5a032e97b7898d56e6a01d5b99dea2a4a59cbe268779c392d4_adv,0.6504598259925842,1
beb1925e2d416ff4041f6d059c3bb077a8a50a45d7e8ae4a68edf61957cf6fd7_adv,0.057997770607471466,1
64d44077e22ffd7b1c21a8729accd109c63d379030df734981a525243b2a8b67_adv,0.9955012202262878,1
9cfac20577ca7b5d5481ee621c0aa2fa09b33138e14a464406e6ae76e4053464_adv,0.4032630920410156,1
8300ae597c7a766b7d065fb15ee56e8ed08bbc887c7d394986302ed6425bf48c_adv,0.010283907875418663,1
5fa7a6d40ac91ce19b6d6389b28a6f1052f8ee4d492066374f9d267a77c04697_adv,0.02689283899962902,1
310bdf6c50778b6b36adbdd53183b43571bcd985cb538f80b4d31d07450c8b1c_adv,0.41561827063560486,1
25a08fb209e3710fa49c2c58f49b5864ba381a5c209433261801fd5d39aa563f_adv,0.13323956727981567,1
165f4dd6a8c45e923c680b162507ad23a306b857b9a40265da55e10a5ce776d6_adv,0.19619505107402802,1
c73ec23821972e532b8bbf3ff074c7b44e5180e1184e897f2380abdb8fd61e24_adv,0.3972870409488678,1
0a7c1b3aef1d0d404351af13a2d1e61f48afabc8840d3fea99cf2bd3e36beae4_adv,0.4178704619407654,1
9f5f46cfef6c799bceedf46bb88c5d2665f56a41b70569fdd887fa747d370087_adv,0.423797070980072,1
d255679b460cbe4301e6f90b227a3f72f22586b36ea8fa3ada82e79cdcbc8c79_adv,0.3685234487056732,1
1e5fd084b50867b69017cb298ea184e75003579873033e3c69fa5b15a6999980_adv,0.06315398961305618,1
da4bc3a82f0a8959974463a929b4017396f3843ac675dc9a9eb7500ad1aede68_adv,0.056326963007450104,1
2af4349c7310333daa1fb233a4988ae300d5b2c611cc07eb1831dce30521a712_adv,0.24662847816944122,1
7671d823088d9e04fc788079bdd30afb7123dc5dc53b24b0cd1193d5f496a36e_adv,0.39621004462242126,1
af852653d88e101927e48e4c4b965e39c03afe3dc826a8acb72036570557a6d7_adv,0.9627614617347717,1
d1174c62247785cd0eeb02e34e827057e205e8c8e74f4da99e5b5464d6ed6b7f_adv,0.053911201655864716,1
4cf8dc22794292c73c72b15d0e560bfc2b0d9a1a468abd76ac1a2833f733b4af_adv,0.3603346049785614,1
d3061db02d93415a77061b7439b7737feabe72be1f14bef046838bebe32e3f62_adv,0.999818742275238,1
a0cc2d8fb7d0d5b60cae8eddb8ee21608eaa746f9dc44fea6402aba80f8c710d_adv,0.3915040194988251,1
27e0f9be4f563ac2161612683c59f4cd5cf5b0047d41997f5e4517b663288c52_adv,0.04460318386554718,1
4a47eeea6f52cf172a4cfa83f995f676e7ecd566ee83238d7ce8f8fcbc732fa9_adv,0.08048296719789505,1
1240531cc270a3f6437b36ba29e90e49e17fdacd80311f97bc08acfb492eccb8_adv,0.19016002118587494,1
f94944b6189b8b7ab77d62c656dbe63bb05a87abe3c7387f634304a1f1bed029_adv,0.025833960622549057,1
95502dcf1d1569be4c0f7ba4566046268fbe1512c6f5e96305b9d953a8e00972_adv,0.44768038392066956,1
65605273332ca0b6c8ce6dfce662a8a870a1df34eafd97629072ffcc1f435582_adv,0.8962733745574951,1
d734b8e3ff8682431d36f98a86ba77708d5db7cc529489f2a3b8b59d7766f513_adv,0.11458396911621094,1
14a9f3fe18677549a263a27f079d014349808c0b7722dd91d0f6aab30fb34a70_adv,0.3895646631717682,1
839f39ec01e4379daecad0f2546f3842ab241c027a4a10efde6c8d43fb18834e_adv,0.11476046591997147,1
8d1c71cd380d5235e0c56e609e2dc651cd60d43053cf9cca32a31fb6970dc6da_adv,0.11871770024299622,1
a3b03757e3c95bef341856f37e31eb9c496d72f3e3fa2a813242590ef9a31366_adv,0.9053717851638794,1
ed99045797892bb1e545a89afeeec48de1ea5ddc86c87495cc2b54d48ebc9176_adv,0.037909265607595444,1
b80f1fa82a90c50b4b2b3eef8fb912555d0a0594c043e9953bbe2fef26df2781_adv,0.999826967716217,1
002bd120ed19908887e609f68f7bf322598a8a38b4a623179da5b872f4801062_adv,0.07782432436943054,1
0ef3b2166236e93d1b5091f6a16b17d7c74271bd303016258df3eea6bef755b7_adv,0.10032300651073456,1
676a04720fbfff3454bef7708a1192c7ead4817fff75a74534f6dbbea1f1e86f_adv,0.7312931418418884,1
fa5417f7b24f64388ac74711432b7cf9512c627342fa1deeac134780886a50f2_adv,0.22839510440826416,1
0a1ee898d80d864ee43817e1ecf047a7494f090cd14a7a0578241c7510888d47_adv,0.2719394862651825,1
930a4901a53a666e5560ddca507f2abc2c4a3d0b8b2faf33031be464499b8ab1_adv,0.5278260707855225,1
33d69e5b637045f05548c037e9633c6e64077eba3bc4e31d667e03eaa74811be_adv,0.2522519826889038,1
9c425d64c5a5fbf950e3e32966da8296272c13608c586882736437229cf2a10c_adv,0.9907355904579163,1
eb9e3e12dd8aa19efd0a945d4966f148f3900c4c482c22789c94d4d09b064793_adv,0.0655725821852684,1
79d2a551f04e0d1e8611a1c7940ada4f7e5ea7c04975e685c4647ef0ba26dd0f_adv,0.7220595479011536,1
a408673bbfdf6d5c83458d1f6bc86409c76cb74fac565ac23b33710f900f8e26_adv,0.029690373688936234,1
aaa8105afbab263005164fea7fe329de56a38f88fa0a8d6f49ee490f8fad66f3_adv,0.05528024956583977,1
c62f2ea5f486cd8c312c259d6cb0c18f3cb0952b31b9886b799e84458511bcc2_adv,0.3076872229576111,1
947e48686b3d46eae7ff6ec9c5bfbbea898018bc9dfd0ca3e8f4c964d7792c6e_adv,0.05528024956583977,1
4a1418bc8c4b9005f98c594e4933524b711327bc5909dad24b7e7d947b0ce849_adv,0.9902371764183044,1
77d7acfe52762a7605a9ce21306e80d9bb19002b54cc6742f930bbeee0bcd17f_adv,0.9998014569282532,1
2873b8568fd7e96d301570b681c7144b2af96cdb30897e58e63516078ec4f666_adv,0.24618875980377197,1
f1bb6da48fbead0057bc078834cff35aaf2021195ba910e5a8f5628ab7cef078_adv,0.03285997360944748,1
25a416f267571d24c3119688714de1c7a3ebba51573b483996c87647b1d6fbe5_adv,0.9179776906967163,1
5b65d7bc83a944a6da95a124eff586b14ea604839caf632dd87e7646d01ec1bf_adv,0.5481488108634949,1
2306921ff26db3507ece0360f4ca10dcb6e4421df736ed3ac2887d85fcf54a90_adv,0.7515591382980347,1
8d4009b2d9f33e8ef6def68cfa80cf128103be02b5c710b18a7b098c81fd887b_adv,0.4606366455554962,1
578c5bd7568c315ec2a277cff8563959630f81a41910b82b49244eb7388fa24f_adv,0.02596418745815754,1
7d008e4c2bb426a6b44c8f485073e1cbd7305ff1e6f88d4448cf9386c6836ed2_adv,0.22439660131931305,1
05ddf7b2b93726ff70930b604c192353b8197a8f138ca983fcb03ad71b150614_adv,0.11675386130809784,1
48f3bdc6b3c7de7ed3eacf277c92756ac44ca9b62cf3815121cc1ddef01854e9_adv,0.32765311002731323,1
fb6bf7d7c9bcadf1713f4caacafb0613e5f831b91df7605c62d803f3d8d67217_adv,0.3599453270435333,1
7f5e44e41f7084ebd6de762ef9a56ae45a4d0341540e7161f09aaff7163ed80b_adv,0.037091054022312164,1
eab83e60f0276b57ae96ff509396523d37e928d958b7113933b17d3c227055af_adv,0.07195490598678589,1
4f38012afa6bd8e966427dea99b9d5b622cf42cabc4e46d3c1b5492abcaca653_adv,0.4132062792778015,1
c86db6089dc430b5eb001e2c5bba254a83fd3659d395b8efdd1744f0e732cd2b_adv,0.40371233224868774,1
ad3839c9e285a854f06f1feca8aac70eee1fd89c2809526aea5a3b8276220059_adv,0.423870325088501,1
6f82417150cbe9dae471dc435237c8cc64c7c886f5c5211be52db29cf533673d_adv,0.6465883255004883,1
d62efcb5ec96e9087fab912cb252528bbd36d06155f387d4022504aae53d1cd3_adv,0.17409974336624146,1
25bc87c356528fcbac39e98268db479aac20f4956eace615d318613e246c8357_adv,0.2522519826889038,1
2cd11ffe2c597e3fd656eb4143effddbf567125658b03aa52f238a1dd4136db9_adv,0.029894202947616577,1
c278095ec59bf0df142fcf16cb601d3fac4a1e8b74161685f910f68d5062ece5_adv,0.4846281111240387,1
0c93b37ebb60abb851bed46a235b32191f195fbca2fa7beda052b81ceed1153e_adv,0.9664009809494019,1
38dbc1ad8e6f199606527a4ddc92d52c88162c5d748f0f23a253b92385ba4ec0_adv,0.02743132784962654,1
5a68687241d19cc7c8c41807507c1176096b1ebc344787a4d2cd63ea85f544e0_adv,0.3967439532279968,1
a9a3a056d4688c4f23aa1145cc88e78b554dc12e6e2eb91df53a3bcdaae19dc5_adv,0.40757691860198975,1
c42db1a3e071b5dd2b031c06f8d26fb1a877f35ab36783be48f7d64df1e8506a_adv,0.5364876389503479,1
f258e75d1bd1304129dc9b84f3c768e5832750407b6c64613712702119ddafa2_adv,0.4211115539073944,1
9fde5e27c66c7c2f2b647e94896bf0c467b6f36dbb9dd843157535bdb66d60eb_adv,0.29758936166763306,1
6ffb03e247145a2172009fe8ba3949b2820cb2adf91d6c544ee66e5912b08aec_adv,0.9946233034133911,1
a8d2d83dff9c57d7b87d64696a79b02d42314dbb09980311a0f99463aab6f089_adv,0.4363921284675598,1
f58484936dee5de7f3e754f0acae7ead8edabe19226572ac2d3e136bca67159e_adv,0.2522519826889038,1
1badfd70d902b74b994ffe022d153608866e56461b0cc48d96cb12a53cd1215f_adv,0.9901342988014221,1
b43aaf22b43685e710e2569a34fdb37062087588c849a23a4a0656ae922c7812_adv,0.999826967716217,1
250ec0c5fc459aacfc351dc1085cc75ffe2d4653c733bb4244bb5f0be2173944_adv,0.13100454211235046,1
b890e0e35808097cbce88090092cd09cfb7f5f76cd1989cc1ff43f58ebb30aa6_adv,0.9680163264274597,1
17c524832d8a2379a66fc113757dbd9f8335b0b631da033b82b652fdea93c625_adv,0.9955893754959106,1
e0d5c808a855738c43009108c2703197a0c9fa3169b6871ea7b48d7db49cf805_adv,0.09782400727272034,1
eaba00c93ff5063b3e5938eac3ed744cd01f31315ae39b66c7e7c7190c7dffd7_adv,0.874618411064148,1
5f18324d12552d5cda248dc3c6d88a9cd315834228a88af03d6984bbf3919ec6_adv,0.15636222064495087,1
daf1759acb14f313a61a340783d925e02435c6cee0d3666fa17399e0b27e1d61_adv,0.559463620185852,1
d72e335c53fb77e3d60ddc64756ffac6506c48157cfaa5d8d87ac699058ca3e5_adv,0.3188062608242035,1
72f708987080c9c7c4843249e9bac842b0ca8b8fb991ad29681123274037e432_adv,0.999826967716217,1
a8c6cd862a8b39fec629aab8b80a2ad4e2f6e7544eed918ab3fcfe666a8eb905_adv,0.08084448426961899,1
f51723873c20c566d04933345f61303475c751578c879c02e23c71380914fbce_adv,0.4740009903907776,1
216a3ec4d7ddd068c0499afa98622d8f35b64c743ca96fe385b445c0b54417a8_adv,0.15638719499111176,1
96ed224254e0e3e0e556311727790df249bf128ba31662fed787d90b3243847e_adv,0.5718551874160767,1
a50cbd91716ad0f83297eebe848fbf6174d2c2d33bb38b8787a570d807b7667c_adv,0.9201536178588867,1
3f210223f3025dfb41a82d5768fc216f01b1072f5a64d8f93178d2aeb64c8c14_adv,0.07016285508871078,1
89915b1c66aa1d42afbb62c96d60793f88ec20f40d5ecc4750d73e0c4854ce5f_adv,0.6143307685852051,1
90dd577717cd4f4b0b4e61f59562d2c1a893508fbb83a34245585838d2d09d43_adv,0.0970025286078453,1
51b901ec05b895e9bb96fee14896d9b92d3c832a89d34c8909359fa3b1b32189_adv,0.22975865006446838,1
05169c1246086783f6249a8c3eb90409ab857f9bc304cfce7d99d716cb643a72_adv,0.5019392371177673,1
4a9502a28e3e1e2d895d15fe9bd17bccb6e1a4478cb1be8ab6ba2f9db7b5cba8_adv,0.9971224665641785,1
506fe95492a8aa430104841c598f7b06bb6950306aaf3f488c9bb93a6876752a_adv,0.4911310076713562,1
0e665e16e123671ebf7051cc05e33d50650817a4149830e548662ec0120110ac_adv,0.9983343482017517,1
e0b3dcfff51d7620648ebe3b256006707e61882071e3ee244bf2bd1619fd9941_adv,0.2537926137447357,1
4f678518b38b0b4dba55d7bd2da6c15e165755684bf79436292b4f64ab6cb32f_adv,0.418428897857666,1
589eeed30dcced15767dd54999db2cc433316b6592607e3f8a3a2bb9095cd607_adv,0.8877729177474976,1
57175f4b0a41252c8a7cb8b802b743de92e4f8fd199d82708d5fdeb510cfcd4a_adv,0.0728972926735878,1
b72c7e5585e4e917a8e6228ee3f1684e54b04fb54a2eef670c79bf8fa965e683_adv,0.025530610233545303,1
23c7b0fb82c05eef670ab033720e980e92d9b902b1910c26aee5a892a2d46e99_adv,0.47908419370651245,1
d3a225c4dd6af56eb5ed31dd4dfd63de0e809823470cba855bec7e7c3f41b72c_adv,0.18408003449440002,1
98817af1ed46f8638f3990c641aa11ebd11c63c06c17009531a8e9b3f2ff3431_adv,0.9997931122779846,1
ec6e3631395cf95655c5279263e52fb59cf4776eb6f0f173a49cc751d01d78e2_adv,0.9996786117553711,1
b7f78687a692a9a730c7952268a78d27461505aa777614f776715658efaf5c54_adv,0.06076224520802498,1
bbbe2cbb35c1ab541aa144d179f098b9b180ad8d1a3698f96d82c40f02159bd1_adv,0.9174865484237671,1
34ed8679ca26b95b1bff474ead4369e687d7f9f1509c6ae9fd210f1e633ed9be_adv,0.7286150455474854,1
bfc8158f40745bc814f775e35f1a247f46e7d17143fef36a5a328cd997cae767_adv,0.1528521180152893,1
168e498660115c8f8fcc9d679ee065d2da18cd2174f0cb12e5f0de17507bd933_adv,0.04066429287195206,1
40e5ac9f0009c707db5568632379e6dcdf83600298e3095c042cf4c385669204_adv,0.4145500659942627,1
3ee643ec04900578bee976eea021e95eedf357574af86f5aa5d2c59a1ebcbe45_adv,0.07923921197652817,1
87ffb4c1e9015e468b012d5f46bf92e131250f7c4496f215e1b53f3e0bf2c3ac_adv,0.397233247756958,1
7da0c0433abdef325f04a9c562ee8d4f561daf37a52d31e2723f719e112e0108_adv,0.07061406224966049,1
c8e888a62a623ce125828e668fc7db281b64b748e6d2b1437a6bbd776e2cca49_adv,0.08260621875524521,1
b1455a6bc747858622da12aa0be8d0aa45224f054d773431f99bd9387327ad40_adv,0.6912050843238831,1
9de2d17ab377b3fd3d65fc19ae8274f39f02fb1b31bf2797b9736fee63572cb4_adv,0.06076224520802498,1
d9a32cb623ccc6302ca522c2c57635c792617a768f4e360ebd70f9e90a7e9bd6_adv,0.4132062792778015,1
0cd7cf47045c611fa39f22710b0711eda520c6d6202e7a7bcf959a3c307ab70b_adv,0.4084836542606354,1
9ac78b47f009f37099a97407f2a46d44b098501d5f7ecbe46a3d80607f8e782f_adv,0.031021680682897568,1
605b4892b3419f79001979b6b8fc70db69b31776b5549a48581dfe6f5a2a72d0_adv,0.0981529951095581,1
3a562582decb157f483781c8f18efe94d4f28470ade85495a4f10a8e274c52ba_adv,0.24330134689807892,1
a286d6fbb56d5b2c4092e56338a02f43be3d166a838fc81a2fdc362434aed9a8_adv,0.27077555656433105,1
01cc855ad87a2da5361d4d84ac5142f0245db42bea91e416afe9c00002e86dcb_adv,0.3832944631576538,1
ad242b60339b8159727ad523dffa6372bf3ee7fdee690152f9e44112676ea14d_adv,0.28252077102661133,1
6cbb0a2a384916e63c864b8626699c9535bf77122decb2d5563444f2a4df2dbe_adv,0.09703322499990463,1
fdb78bac120f7d3034bd66410b3bdf20096ae789407de17343b5127594d3c31f_adv,0.41207456588745117,1
9209a7e5dc1210b062539c403938ea8d7c4376f1c34252c2b7421174e7a6ba11_adv,0.3972870409488678,1
36fe59027d83e08cf5b5c0b9ac0a18ca4c70366d55f586a5ed45d3a9a5582783_adv,0.18538892269134521,1
6bae35a12a40c453b92d2ad7dac79a5ef6786ea36899782b5f14666a935576ca_adv,0.056326963007450104,1
2f7f2426368d41a8a072b322951a54521dfeb79410b6a8081131c690153f7bb5_adv,0.9664009809494019,1
5c361f8377a45394da6be5b3864994567cdde97f3aeebcf46e168eb9c252477a_adv,0.33210504055023193,1
046ccf3ffeae68abcd42aeeae3115c5992a29c2a9cc5214139e7e36690e5ec9f_adv,0.9932519793510437,1
a32dc18ea2192da7d1f1ddf3b310d5e6aa1f49c45a5f43f4ba5a3179451f0aae_adv,0.07195641845464706,1
34ff3ed9fefe579c3989f65d3405ad5ca13d876c77452ab48a8628e9a961e915_adv,0.7975928783416748,1
9483b1bbb74772af3f5709b5ebe843f941f5d70971274f3ce52f915ea2d609fb_adv,0.28689050674438477,1
0c7762a9e34c8a074c579c0e414be71abafa4850944188fb47cddb9536c06c9c_adv,0.04178120940923691,1
3f8838df9bfc3943cf7923612bd875b9304520fce630064a1088d0a5be5216e3_adv,0.06076224520802498,1
1ad51a743361f32e0bb0f084f99341db24fb2aa76f70b4aabc9e6b57f6b96447_adv,0.05871178209781647,1
e346119c5cfde3b1772a1acf42423b3e20a83e94dfbb83b1242decabb3dfb5bd_adv,0.9995173215866089,1
e4f9106e8239ed25274cc3be40d95dd936e3c7a50ccae3eb5bd23bcfa03636d2_adv,0.8979514837265015,1
3a783627436808d4e3aa6a4a3b71324405bcb37794e7914fada6104d9552ec62_adv,0.056326963007450104,1
624bb03e8affbe3eb5e7a1d4c9bf0faa4b2e40132f715822ae28f2f19dd06a88_adv,0.23302185535430908,1
7cb8d2b52e8ce225a8240ac2e31891f9d49fc6e6573692d3f066fd1242bdf85a_adv,0.38854458928108215,1
b1b2e432d06f12fa27fb8c0ae3a6de277e2cf1ae9213a557b682f1329a8af556_adv,0.025530610233545303,1
bf41b889d2d204213389011a9702a14e742c8fc3408c6a4ce2d737edecccc416_adv,0.09888642281293869,1
355be728fd433c52661c4684ed14fcd6c080db18fb7cb8079733c5162cfc6d43_adv,0.048902347683906555,1
efc8165d0c0535b9424140c85cee81f2306dd7c42959668078463d4849e696bb_adv,0.07358837127685547,1
aae307eefa216ae316c59a454d3ea5c84b0f8e3f6faa8c742f9fe952e6bbb684_adv,0.07755395770072937,1
40a7b8acb71480cef60b30d408c5d756e4986ed27aa8799af365b2af7a776a40_adv,0.1995045691728592,1
54ee0e184207bfb5633afe154d1532b4dbe0c76cc844cc1b5afd6cc27f2b106e_adv,0.06618572026491165,1
7bda05d5e2ad2b5cd798a1f97f3f1de54714d548f26d810646bb3f40651c3a37_adv,0.20170441269874573,1
b5798461cfdcbd87f5ddd9415e698c1ac7cf3c033db8612067b046e07c06b605_adv,0.09789077192544937,1
4d169f1f729100e7536a0926549b61efd1c1850153c85ea02ab198475b6b6863_adv,0.5933534502983093,1
075f6f930f18ba8296dde80a8851eb13a6f3217184e14651a2e0351d23c5f89c_adv,0.19469130039215088,1
dc43258eed55c4f124484b3c346d1d8558d55c2190744fa16107d750c4efad06_adv,0.09665236622095108,1
d8af6cac7607cab4236e3fa4068ea8e3daf5feaafed1f38a91d1a0d147560119_adv,0.09022027254104614,1
aeed12f85b19d40d999967ef2cc4c42c30029ccd5d7be988c10838b98e3799e5_adv,0.8512822985649109,1
1de6bce1f0a7aea3033ded8a37659404c11cf299389481f09b657a82a382db9d_adv,0.4147854745388031,1
9235898d6b0718a96d83f1939ccb9c7dd976c6c31034eed6e7d80ccb0569497f_adv,0.7543284893035889,1
ba186d2cab4ffd2a9a76870968a352f9e31f314c44ed0ccc396c8e2c4332d406_adv,0.9042828679084778,1
f26c0cb5125837f90cdf6ededb36025b9eec9afcc1db77046c23283b4a470287_adv,0.18902434408664703,1
5751a8f1fde1bb273b93c41b5b9840eb4c0b98e16c03ea1b24361ecf02d982dc_adv,0.48819637298583984,1
377140b51eb23affddc94f0b6e683e03ec5980742058ba7e65ef358bb3578464_adv,0.20064227283000946,1
6993bcc7c62cb69deb69e40beee68618c3ef4968267822fb566dd7e0cd386c57_adv,0.10250470787286758,1
212b472d5ed9e6b25b8fef7dbd5dbec083057d82e806d072f587ee2ee612a500_adv,0.5593333840370178,1
d23657784cd9dcbf07285cda0157867e24f628d5594593e2b02c573eb8af085b_adv,0.1638334095478058,1
741fdea0e4c345f91730aae65cc76e55a1b00f68dc5c32a6d0e491074b5804a8_adv,0.27280983328819275,1
bef14c6f3692486e6c1254c2d37d5e4df8efa5fa39dc5dbdfbc530909088dbc0_adv,0.9728214144706726,1
e92bb29322dc8b71dc8904b81546f1767edea7d6cc28c6dc81391a361ac48952_adv,0.07271577417850494,1
df096780dc2cfadd804bf9d11025c1fb7a68b98234a1f17f53dbb90982262af8_adv,0.028802501037716866,1
4696ab3a124d6a7872125bfbee6e92caf708887cbd5014edb3296a9fb1bf0c57_adv,0.13525287806987762,1
ca7eff2350ef8a8824958cbbf03d12c0b60bb1950b83f64c93862b6ffa6ea7c0_adv,0.13323956727981567,1
92c95b9074fb6817f2c2bf0d1cc60e82476f6757f1ef77df2977a814822e07c1_adv,0.028798934072256088,1
5e2cf27da01eedda4205ccdfeb9ce34f18fcd031d34ac3f74b0f12c411b08788_adv,0.5082454085350037,1
23f63b9d80525f119e5a54d0751ceaab808563448be2e6fd95348509d6792e05_adv,0.46966269612312317,1
02d298a48da576f7f91d4e00a05c4f33cb151798a5a358369dde73117c20ed9e_adv,0.07709210366010666,1
d2264c3b8bcbfe5045015ec3edae1a610feab5379220b79d46e9ce131774e135_adv,0.4132062792778015,1
bc82349adba0ff167542b6260843f41e3a0a8e9e8ddf4d413e83c4a5c1138902_adv,0.12871992588043213,1
8ab8f84b6f49b6a0b76fb84e8395230792d516b0eb49cc78648804b8d98afcb2_adv,0.9664009809494019,1
ae5f0b29407f87bc8c97a09633e1d00f1f9a6863510fcf12f879eadbc27f00a5_adv,0.7137510776519775,1
573d5ca76947254a5b3636b6c1dc056263c637ab7476eadded33018576c6b782_adv,0.34559327363967896,1
5afc8e7870e522934c4b09340ca249bc95726a60a22b2e9cdbe5eacb9c3e62d9_adv,0.027679141610860825,1
9dabf56f5975c18ac960e0d7aeda523c8eeecdf96c4ebe3d37c29405be4210dc_adv,0.18366187810897827,1
d6e1ba8f484e04732496333420d6a2dc99a366af5fad4f60f17128eadf0891e1_adv,0.9179776906967163,1
e1ca95eba4e605098ac439fb9c319491408b859fb423840f87daec212cdad21e_adv,0.7341093420982361,1
ba649ced6da2f3ca7fd00c5df2c1b7ae0f2efc1f9c762d5ca342d01e4296d65d_adv,0.41343623399734497,1
6b65a3a655a69484d335d0193f10e88dfc8aa51513c59ef6aa2405fff360d359_adv,0.9998258948326111,1
ce0be6fa10d895c56daadeb21eca4692a2b9e8c5e2d3b5a5421114c578bba4f6_adv,0.4081234335899353,1
41045207aabe5c95b190004e007c4ea6cbdfb77b58e510f7c1a71a0356f38e8f_adv,0.29854628443717957,1
131f2b18aba2979db11f6f47fa2629da92dd7ffa8cf88b7233ea60daf4455e3b_adv,0.9972562193870544,1
de508db84b5ec9aab5b39a446984f9f65eafef5bd2c6355ee4a82a5f20bb3301_adv,0.22620157897472382,1
088d60aa8cf3453c4c20400aae006efb7c538b36ab67abe6fcc0c9cae05fadec_adv,0.10254991799592972,1
4b3f0f9729a9f7efd2e943442ce6c177b041a51344250354459d4ef0cabd6393_adv,0.7588674426078796,1
1f954678b1f5e54e18dd614dcd28b9d5d323d797a2062ed6b703e2fc591d6b91_adv,0.9998302459716797,1
243664002bf1c26cd9800f801badee26860337916a3df528d448300b2ca58c96_adv,0.9902371764183044,1
4fc87ba5c92fe5aec8770023242e46d2cab79c95d233f69cbf9e3ef31a3866fa_adv,0.09162557870149612,1
b0600bff413992b5e7850a82728bd400a4399da09a95b50068ca6ceca9ec84a9_adv,0.16037610173225403,1
2e5eaa63a3d3734d2bba7760b8301e712990343f41401545fe8683950068bee8_adv,0.15198729932308197,1
83178df3f936ba36c854c5c2364808205b1483b234bfe1c09d517f5d39d7aee9_adv,0.40904858708381653,1
9452d827fc7ba3390551bfeb1e28049542fd7223648e84001240438dd0134ff8_adv,0.04985136166214943,1
f213a685c3f5d883270b2ff08aaf79d67b42633636e2e20a3f7d50fb9104d196_adv,0.10198845714330673,1
46f65602047d4d9284a4bc3eb6e07ffc524db82b840a02ae66f4d1f9746e2363_adv,0.02360318787395954,1
55631083d052c429a001bb67ff9d1c92befd5bec094d8e4a4127890fa667dbb5_adv,0.9905340671539307,1
408af39847ac2189caa845c131582d170eb5c89ec8f97af92575bee25cda7cdb_adv,0.9832217693328857,1
cb5ec229fcb76c89c6c6fcbf7f4b3cd6c4a19ee96dc348fe852dce6dbcdc7a57_adv,0.09711971879005432,1
6d700cffa2a908822cb4b846e9b4da974354751f8a1bf8a0d6f241ef6795dd25_adv,0.19732652604579926,1
8a5bd5b6814818604d679198496c27e94407005533e7ef2cd3b57027320a3bf0_adv,0.15832282602787018,1
3ece19902044afffdcac017e9ccc4b513f3bc496e4e15314f2473f6dc7076ee2_adv,0.4393390119075775,1
3b04064e17e7949924ca6d56fcd94ac26264c3d20618ba1e29ffed23e0bfbf11_adv,0.4393003582954407,1
df9c447cabbe86f114740a5bb0a6fdfd44a1aac7844f1865745ca366817ac650_adv,0.9321151971817017,1
e04feb43f0d2d8091532ab78aaffe8b657229d11d7ab8bef862aec5d2fb799a2_adv,0.5190714001655579,1
a4bb7cde1bca5c70b3735dcfd144182f65a8b5b2d95174cb4348481963502138_adv,0.9994044303894043,1
2a694cf791e8c7d939cabccd89a10b5d0b77acc78a6c6586d3f281c6222f65bc_adv,0.06687144190073013,1
e2928542c7663d86163069a097ad55b54fd8322b279af9cc12383828e066c5e7_adv,0.15189941227436066,1
efee5a77f704c27b404f7e8756485ec5eb37a03484ae2c517ef4e8d60f0b0f34_adv,0.06282489746809006,1
8e71cebf80da65d00557e3f74c9aa299ed52d1f69d58c55e9ec8586f44e6407c_adv,0.014205754734575748,1
42414d08b625c142757174ace7dbadc483650052a17e82aba2e85b6b66f87aec_adv,0.3785582184791565,1
c3ca9a712e9756fb029b296844fcd8f49c6b2bd527ca3120eb3a95d610e5a3eb_adv,0.7977023720741272,1
1a66c340905582fa1bb2a4a48fe6a38daee29e5c13faf33d21ec7da9739b3342_adv,0.4459071755409241,1
82ee862648a6161501f4c3ae97e23eee23169e3255473d52ad129ee9468f1183_adv,0.7797925472259521,1
cef010e832f5a73a0ccf115e41eaffade111693e65a0418b3b2dbb2e74a7407e_adv,0.40389880537986755,1
30425991cc12e852613f4acf81e8c228f7dfdaeabfa1d78bb0720b94fbf30d23_adv,0.023990903049707413,1
0eaa541833301473566b508b3e15b5fa848ca65d0caf0e40e66c39c950bb8e60_adv,0.995120108127594,1
bf83cb7b0636d1200a854854235a571428001d786842e1dc16b8a1ab9ca3a21d_adv,0.3447064459323883,1
4430f3778d95c09216fb736cfe0534a0808d7a14fed1615d89da28362d887012_adv,0.2832089364528656,1
848a48125b3b4141139a8500421fd18925504aabdd4ac01cc04b94b5087ff31e_adv,0.14048686623573303,1
0e1e5a2928fd01ebfa44bb186202a4f8f595058bd88eb619065e96d71adf58ca_adv,0.9891883730888367,1
8ad02ad3ea88a3311ff654195184481c6c44e23bbe84f4dea751c91e5913f1f8_adv,0.3972870409488678,1
4b801902ff06ded4e74bfeca347db3fa55e8b0d2342dfa9e9690690019b4f195_adv,0.03777297958731651,1
cbcf5a85aedea7f8ce5efdefd4b9f92c2c7ad0d03c61e2f9d5f224fd555ed3d2_adv,0.08720892667770386,1
736ecf317658d773cf70a8c84c245f82daf75a1761fd827b4cc5f47087183c9a_adv,0.10336876660585403,1
cc804ad5b08fcb69141204afd9ca30bd8ddf1bea5f053295803536dc16ba150a_adv,0.06076224520802498,1
b7e23aacaee68f2f965d329f0ee66a14fe4e28e0e41d4b17f3021408d7870d41_adv,0.15472689270973206,1
20a6f4147e9446489ab4eb7f47fec24b563c4f1251a925921f485da524354c78_adv,0.9307048916816711,1
285c2cfd43865a3687da129d226ab21152ee1b66d75758b1acd5041eef2b25ec_adv,0.5180593132972717,1
c25a456111057f8c3f55590418d487d660938482c50269dc251a2c0b2219a565_adv,0.4535386264324188,1
d33aa5d8beb94614150c80c80619c3b8552a87e75dd1d4dc292bce28b076df87_adv,0.019628586247563362,1
97a6e7fede951c6d5675843b747eb4333c991ffcdb8d2fe7be9af9b2f0f5e0b0_adv,0.4132062792778015,1
d91c2acf23e16de4ca6fb66830902c63dcdab6803cf6c6d5cfc5954fdd5e0cb4_adv,0.4531785249710083,1
2b88491eec37c6135d448fbf7221c4ce98fef7b6d42f084ee7f885ff137ebdad_adv,0.9997931122779846,1
2c2987ad1226c9dbdcb713971610dc765edbc9e2c2ba91eda88e4ef56c126aad_adv,0.040088020265102386,1
26bf270d98780a3076874450b9784164477d27a0081cfb4644935f2fd9c9db45_adv,0.4132062792778015,1
e6c1936a44a72340baac8fc44bef739236e3ed7eb93186b573a2dd8c32265c26_adv,0.026320520788431168,1
d0cbdc3bbd10678ad0ce7eaa74f40fb0489c5e1601eeee016380436676ab4a4e_adv,0.4387764036655426,1
fa1b7e8610c58d04cbf62460eb8da9e6538075ea43a38ef6e6693d7b27305344_adv,0.4554908275604248,1
3a9a1f2360c68335e6b286127f0b5d15a1105c2f4e5590ee2835fbf6220d0b49_adv,0.06076224520802498,1
902f3f0e2b479fdfd9defd6304f8826b4fdc6a214d01731e34f74194e4ae187e_adv,0.0422256737947464,1
524f05e72b3a9937a309cedfbc500bba3a485efc992046da661d3709c7d1f0f4_adv,0.8111617565155029,1
4005d418dddf7d5d396bbe06e4c2f923e8e5dfb4b22d6c3d8c90b4fb48987f8e_adv,0.40306392312049866,1
9c9ccabd087c703f91847f1ceb0480ecad93231df9270e6991797c4c37f27e01_adv,0.09376558661460876,1
1473a26a022e5bc8aca88249ad156ceb3914d3de5dbae2c2eeb5ad576650e268_adv,0.09282075613737106,1
088f4543a93246511f683682cdfc41f601d04133a313441b4f5a3db0165effc7_adv,0.16678602993488312,1
501ff2c5497c4321f62a3f0318c4486c31331f9a53d896826b71d678569e7988_adv,0.2838955521583557,1
66e39525136efe783d55faf2a477d7c4bb65b20c5604acb7b2ec605ced2f2abc_adv,0.5325082540512085,1
9cca55c9e351d0d00be6a0c106d3e726fbf39867bc5c77165de407f4b08ae10a_adv,0.029794802889227867,1
f8ed22db30929fc8e0ffb705a9c1259e7268011c458031bcdb23babbff28e01a_adv,0.16391421854496002,1
2e39547fa7c098e2a5a16e7bbecd304d49495835459a0e31fd58a1abce98ed93_adv,0.2775750160217285,1
f80ac03c527fa7a8a743110c57f2479b48140d3e2ae1a61008faef3f926545da_adv,0.4132062792778015,1
3ce5a10a2b7fa37fc5720a583932f531795a657ff323c0a819971c6d434b1d96_adv,0.4132062792778015,1
57a5e728d29e46a8241195f6f7fb970b525a705f5052170f98518cd7f82b0804_adv,0.9990342855453491,1
b5baf2beae64730aa9853d547b81bcdd3937500c2cb6b0b3f1b9a6145e374f81_adv,0.09961296617984772,1
2a29d1d8e85604ec1d3f54a6ea61e6763f1b3314372f770dc746ef72d1a33a1b_adv,0.37234315276145935,1
60fe9d1af180e30c3a00ce8e1e35ed47e1ea6b8a10697cd7896f5dbad9f9feed_adv,0.38787582516670227,1
6544e66de0b47ccc410b13ec780fb64ba56b3d610dbbe4e93f17c8afd5f0077a_adv,0.30558523535728455,1
7a3f3e893b0311ab6b088235af460390edcec5a2b2e9566ba40940eccfe7d569_adv,0.9998469352722168,1
8a649f9786e6180a349817b318d29bfe0ab714d69fea1d14006ad9cda1a4b074_adv,0.056922055780887604,1
acf73307303bf3f3d722cff8f548ed3d079d1ec8a1b12dde574d0edab58752f3_adv,0.4132062792778015,1
7b4054c92c96ecb8932d92db769bcf5521178640a74da82015bae3d447b82216_adv,0.652338445186615,1
e610167dc1f9f678ccc6789d2dc583fb1c673d67fc51f4228af7b491cf1dc5eb_adv,0.056326963007450104,1
a98eafcad99a6572c9b66e929540f0bbe7e48f568080a9e130c7db3bffef766f_adv,0.05635771527886391,1
4d304857fddcc587b3424b41a9b904c90433d5d4fb930dd5b157e4d2e85565e7_adv,0.18175379931926727,1
e72b4f3b72cfc802f0a042835eeff2d4e82f23fb982066c2e401171e0d13c247_adv,0.031021680682897568,1
95cb84895a26770e50c401eecf15cf72886e342403324c014c6ed8dddac91957_adv,0.5265184640884399,1
4321d120921552c63f836c23673b62b573e566fc760761d62cdcd533317b043f_adv,0.0595775842666626,1
d3eeef1b930274ba167acff92572d2f583471da035e099c880a203df319d6278_adv,0.012527789920568466,1
5a3b4fa46fdb2c1b621f28719146f07cf1ff7d50fad44f4fd770c5abdc5115a1_adv,0.39755508303642273,1
5e272010fb209720a70d9fc76aa5db49204dc6a54acfa5913031813334ebfcca_adv,0.31042131781578064,1
73324e9dcbe9f0d64d6d385db244ea0e2ba01a90e55d4e52b6de3cedbeb68b16_adv,0.9991365075111389,1
2554411a5b168797ace726045252203657f73b682396cff33af9f05a2ca13b7f_adv,0.5277942419052124,1
d3f3c5de91a35f9d7344670a6f59ad6d95c9d0f75c7a0b7ca02f5877c60d3998_adv,0.07845862954854965,1
1960b73ce7819e9bd88f8fd14f4a2197423010ec70708c480f1aef853ccfddbf_adv,0.4250047206878662,1
5e320e7d4aa184b36f7c7a99fdd92fb0429fbd96614da49317f36356857050a5_adv,0.029038237407803535,1
2b209d471420e9f25972a62dc1ed5f83ee6fa066987d514d13ca0b6ce86f17fc_adv,0.061662834137678146,1
f41e9670ac67506828aa036045f6c09acd58d706cf071506ecfba32bb16699f7_adv,0.1509300321340561,1
50414770a8e09dc3fa11fa888c93e071225307dfdf0f4da3fb84f9b858c677c8_adv,0.025622732937335968,1
d398eaae75a72c03c1811a53dcbe15517ebbb78060e15396b3cad42f0e777594_adv,0.18175379931926727,1
40c84fc6cd63fef46032400ec23350cdbadd52325643ce1d1eaa4234c1b39346_adv,0.5232053399085999,1
9171c73758287780f8162eb7ef00feb23dcf31b24fa8b141a803cfb3404997d4_adv,0.7663706541061401,1
8ff3d615a54b0e2a0343002624d7ec0fae5417aa93bbb2d98c00719cef75158b_adv,0.03741598501801491,1
d3e3348dedfc0ce2e966285485a843d0e53b4693a8ec17258ab11b6b4156f5a6_adv,0.04426828771829605,1
a5f9aa2aa85e88b5b2c8b0807ae01db9ad31be7158457fc66ae0fc2889fb3169_adv,0.4162442982196808,1
838de8489f2ec3e51127e2b4ae4db01ba672a87305beb1555b98cdc5b350c54a_adv,0.8831084370613098,1
ddf26dd582272d6d695b54bad355210cb093bca03112673f447df9e3bf8ab35f_adv,0.9777538776397705,1
34e0b577960c46f4faf02769e528cf1ebc4b6ea12e20a937ff8a7aa6d344c4bd_adv,0.424063116312027,1
a6d6f1b1c645e3f80391000a5b4d1b1e301cc3d9cb4983107ed620d252d310b3_adv,0.23211365938186646,1
26639e2726da7d34b78807fab7851830c354bd941e2ed25339b0ce4b91213360_adv,0.39240947365760803,1
52a577f4b5a6da2dd5d7e53482e1a214338b92a6e22ccac30dcb316e913afabe_adv,0.3581039607524872,1
8c73dcadcf789be150b3b077e47668e852f78d372514c72f555b85a5ecfd9492_adv,0.027679141610860825,1
d6f8840532208474627cef095e87f341828b3191fff1065fdfb4b77ef8de977f_adv,0.4428010880947113,1
d190d6de939af185ec1550b36892e2d222a57ea13e7b1412a665fa10cf61d28b_adv,0.028833016753196716,1
e777aec3a05e13b11a96496aafd641e09b0964ede899e50e8bdd22c91d1b79df_adv,0.219054713845253,1
ccb5ce23ce18fa345b18f8a98a9b66ddec8f7fd3b65f30fc29acceadbf5ed4d6_adv,0.9929845333099365,1
1bc2c63cb45a7b78a048a716f048b9890937b7b370bb4d97ce58091f4883267c_adv,0.2522519826889038,1
439f9f393ff0ba87cf7e1cb4e13b374e3a1bbb13ebb05c16085e7b06125b8369_adv,0.20713761448860168,1
dd1fdcd9830f87a6b93005b4e689d60b618814f84ab6f26ec796ecf6c8724a1d_adv,0.024677913635969162,1
70a4aee5dc2aa136ef68f2aec3e22b33214d7090795c94d31e30507f5283694d_adv,0.272342711687088,1
77fda6e8f4b179b2bbb7263c8abbdda6c5023517e964f573671d8e9d42109caa_adv,0.9998152852058411,1
d8535121c4294b1e2eb51a6c23f2bcb947bc346cad6ca28ea6045c674ab2b4bf_adv,0.3905203938484192,1
68cf353874975d9c8cfb27fddae3e1432467a0269a689d6cb9df06fca509f26d_adv,0.0642676129937172,1
cf218d204d578e3ea3d114e8fe68858042951f4e6c7792c025ca0c374b774a92_adv,0.40323013067245483,1
9d45f04b27c734fd95f662e2498d8aa5164f295929769b68709aad0968537840_adv,0.6464757323265076,1
73e6a237f3bc86389a0fe80590859451d9a27c69f7f353d23897f01193260821_adv,0.13937532901763916,1
736cf276f1490926aa4ec68d002835e2513559a7d26e08ca1dbdf32ac20eb316_adv,0.2740873098373413,1
24771292c9b58c7fb53cf0c3e90b0d574195d8fd0690f85dc8c693ce0c9d6af7_adv,0.9444279074668884,1
95bfacd9013e041818cacb926823297f864a107f6ee7ebcc20ad3edd089e14ca_adv,0.9995356798171997,1
684050fa5e06e7f31811967985c0e74edd72f8c1c475af084c768d836b5bdf6a_adv,0.4299885630607605,1
9c50994075d5819205c4c179c48cb128745a9bab125b2758b0a9e45276c229a4_adv,0.38541844487190247,1
8f989835334b30ee5d6bb9335411393ada6ca065e6e5977c384dadacf1c6fd2b_adv,0.10369177162647247,1
657b0291e1c003572d0bf05f63607fc4555adce22d86cd903e17497e2d2948b4_adv,0.05528024956583977,1
e48f77f6c3df5160fcc089300fb725ca2ac49c14fff3542846d1af0f1dd5a1d9_adv,0.024846309795975685,1
bdb8a52285fd83c12a892cc67a01e515336711c77f3ff93a64477646324acc02_adv,0.08270468562841415,1
5205eebd606b4521492cab530f3a0e5d8e4547c27917470b780f16a6f6cb7d9f_adv,0.5180593132972717,1
03978943dbdf2cb18106d41838e1280629c54a4b9ca11312f81646839a47682d_adv,0.030308978632092476,1
449cc6aee99b8682a4acc38c9e14791b0fe1cc03ba3f428bcf590112e75d6240_adv,0.11685597151517868,1
bcee5d855f8bf5efcfa311744594b4b0e844845f995f8d918bf3ee76bf013512_adv,0.9991338849067688,1
97493729fca3d18669ae3aef1fe42e02b71241f01e361d48fd6d6fb3c87e87ca_adv,0.2522519826889038,1
91bb41f6cc51d2ca44062e7c0bda1efe8daa548578720fe7885279e4f4d7eacd_adv,0.012477278709411621,1
334a5421f041297fb0553f516fec72ba8ca59eba6694679315489a65249d25c9_adv,0.2764091193675995,1
a9ce7415f4da0d7ecd79f53e0ef7eee4aba46b3197df13446e700a3a622cf62e_adv,0.7560378909111023,1
4c8589912edf255aeee2050e35b45ab959676ebbf4cba2e8b70ec80260715f4b_adv,0.31865978240966797,1
0cd2024efaa12568fda6a0c5ecacca1f5b4e72712901ddd9b7d47ea68644fa3c_adv,0.510471522808075,1
e16f49a1ba7ffb621daf5889ebe2c581fb70197b5e5dce40b779efa39447ecdc_adv,0.0885525792837143,1
d898f2ba7cbd49597056757360461773f570958af761d33bd878706c694f78c0_adv,0.017545752227306366,1
27e53bf7130ce984441edd1481877f1232bbb9767dfe5dd1c417657a86564e1c_adv,0.7831516861915588,1
12dd5772700ba3705a7bde9f5e62bd83abbf589d551f25d78a4072a2dbbd151e_adv,0.21395951509475708,1
48f2ded24f2a83bbfdf1951f2493feeb1851fd1f72a7b0baee2bdefc01129a62_adv,0.013114042580127716,1
6c40e7f0b804fa8bb16c46705d21d92d2815958b544a45f8f84a663b2124604c_adv,0.03145588934421539,1
58db15f117ceefcce7331e1bded2cfa8dcf8d740e1b384aac82359bac45586e7_adv,0.02221914380788803,1
cb73ac0b427f9705c3154422f83b057fb35df1bf94ee70b234907da64e111e48_adv,0.4225720465183258,1
3b6226c68b89b16cfb4eb37a0e1993725795c01f923a3dc0386d9853a40a14fd_adv,0.8789794445037842,1
d8b4751a3490f66f801b13a1550471d02e8049dbf9e8d93dd9cc4ba62913fcdf_adv,0.16435043513774872,1
4d278dc219e4e30158da147d2018f28c3c65927e191e4d52cb409be74f7c4755_adv,0.02568025514483452,1
8b22a2c731fbecbb9c09097d35e7b64f7ca917e64e7a9c100a50f8d581baccde_adv,0.976407527923584,1
50c9521c5e02b101a3dd3d765723f04998cad8fa0397ed6fa23ca08ceabab6ff_adv,0.15638719499111176,1
c5f14f9aa9316b561b64bd18fe07905def275fddf3bedcf0c87a446f5c0bfc22_adv,0.024545123800635338,1
a3abb5d9caa6f9d3d28d58d1e1b2dc83f5271f577c6952978e76b5f0f1dae3c2_adv,0.019759712740778923,1
d2cde9d73bf70751b1b16b3a0d6b845a288c05be1decf78201459a267ccc5623_adv,0.11340265721082687,1
79fc337ef7d6c56bf33e16cbab33c7549ca66aea3389372bef5db1f9f49ed2e2_adv,0.2212061583995819,1
4811969e70f629541028edebfc24adc3716a43c3adb71ca44712b61e7bd4e109_adv,0.17424552142620087,1
dee519f6e5f5efe10faafef83c59837f5038f52b462757acfbf2ad21298b9898_adv,0.40428459644317627,1
7d10d205e297841e4bb8c8eb1122ea749b083662f353a44bd5668a9a6dda22d0_adv,0.5449160933494568,1
89c9d11f9d237790eb898adab7c066778047cc001cad250f52b4ded8c6e92252_adv,0.4260871708393097,1
7ab32aea3036c6c25b898e28f7836e90081b80c514890f0229cf5d841ebcdda6_adv,0.056326963007450104,1
f5f3200e1dee29085bc0c4dcacc5c787a6ea43e6a973456a0ee121514f011a99_adv,0.17048616707324982,1
f9657ccae6649b5b39d9dd1ee383830eae5157955f8e5960bdeef235a6bed7c3_adv,0.03231607750058174,1
5181fda2e4eac0e4834fc60d4c065ef225e50e5254aa3f5aa769dd5b3be29d63_adv,0.28126075863838196,1
f3a3c202571602f8be657af07434afb6ff7ac36638543f98980588e350b99bc2_adv,0.04355178400874138,1
da45e4e763f9baacd130055ccced5520c5c5a47e1b6ddec1b10cd5012e246e24_adv,0.9106016159057617,1
c684b992c60fdca8a2c25062b54b47d69e05195319697d601270829913e966a8_adv,0.08646809309720993,1
c3b64df1dc48f5ed4714fa30cad9798f16aeb48b7af5f884a892c5be90bb6159_adv,0.010927603580057621,1
ede09e1670ca5a0f6714e0b5759ab6afb9d0b46803dc32a5464fe81f4713d348_adv,0.41459423303604126,1
e067c4e4567e308f0359d908477116bf0c0c3ce7edaec161a2c619717fddd663_adv,0.21324990689754486,1
9a3274c1c7bc3f2755d54df3ea65eb03d549ea0ac61b2a9c9eee9adc8891666d_adv,0.13165666162967682,1
fa8c379376f5e77d500a3518b2e083ae3b306c0227a6ff646cb3abbe640ae116_adv,0.2522519826889038,1
aa9c200b60ec2eec3b4130291d52acdd5e06e348073e6c64efb3558d1e643511_adv,0.031021680682897568,1
70d25436727a6597d84a074b7209b746de0ddd37639fd0b6133d35d12cf6ce90_adv,0.9753115773200989,1
84dc2b6751b59934e3accf7c0bc464ebe8791e173c0afedc8d3f6a6f9a1a775a_adv,0.8089745044708252,1
c9e571815ff9abc1f6352cbeaa73938dfd6892c30f4d3e91790dfea80ebdfb6c_adv,0.08934177458286285,1
4a06930548cffbe2277e8c8b335c67296f5c02b98c1dc2d053eec0ac6977d212_adv,0.04324142262339592,1
a69a5ecc652d8304aeea5f42da92675cb2b0094933f925dc32104e4ac617243c_adv,0.3054007589817047,1
def4853eefffcc31058f923fe59b12a009af25c46cd0bcbb5e8d887478ddd2aa_adv,0.01890035904943943,1
2ddda74ddf080a6257a8fe79baeb99e5d17f2841cfc4fd4a5ea1e39899ed8758_adv,0.048949964344501495,1
63118511437e2fc518a551e57b8ea98415d87e3f63463766e238aaf31b114d15_adv,0.43291524052619934,1
c176eb7fc0d166e51fb1276ca61058de0d6f2efdfd2700af0c799b4acbf67b5e_adv,0.4847790598869324,1
13944e3224a3f8acf38dd2c6c9b63e56aa3874d7cec130a4e6a1ffb17d2dd5cc_adv,0.0743541494011879,1
a11a031f15a3502f5cc7f9971d123e8e5f9bc5c19135d04af9ae4be5033ad676_adv,0.933462381362915,1
d79fddd2460be823efa798d8239f3d8d93129f58d71fcb139278e0f0903621f2_adv,0.2083633542060852,1
7a64dfdd93d5c1b4c7615464166e2ded18c01a459bc324722c58bc8a26243574_adv,0.07127343118190765,1
fe7bc74b6723c37e8ef680a3054fbb86f39cdad2045c22d5c232c49fb1561c33_adv,0.1685035526752472,1
f90b5d914283d5de54c7c56f257dee640695d394f84841ed56fb2abe60e38fc6_adv,0.0418824665248394,1
e8b2bb50dfa5820d6edf58b6ca2f06b9e318325292d5ce33ab7d22ff3cdcde3a_adv,0.3972870409488678,1
767ac83527710af55de5c810e1aa8a41fcaf81f15914237dbd0372b2442125c9_adv,0.1331908404827118,1
8dd504006b062d67903e4cc82a7ad8f1d3c2fe07d8bb5ec011bc447ce30b772c_adv,0.9816262722015381,1
92ab4a09b97a966241c2dd47185fc290888a1a16febc167d75f196a5f7812c5e_adv,0.0807279422879219,1
fab14c05fc8a5db793939b73f4a77e5216ea5c14b226878d6005c90428cdd864_adv,0.995120108127594,1
fbe3a44eb13a78147611c4166a5ea6b2d8fd6fd46b7fa5459b675a83c67fb1c0_adv,0.03513697162270546,1
5e3a388c6880cd689df52a61fdb3f29ca68f32fa8c49a1329c2abf1fef2beecb_adv,0.32162463665008545,1
4489c11b33dcde81ef14dfa6bb72b7f1aef89c631ca6c925fc229266e097b9e1_adv,0.025833960622549057,1
8d4b99a997b50868ed473872813fd3bb87a5bcf80c4bf409e66056b53db9b792_adv,0.4132062792778015,1
f9e7b344bc0188a5d8706dc3dd070501a1e76bfb2e14c7e61050c9bf5ae89c5a_adv,0.5896334648132324,1
95d8160202214efbc20b00ee3ea3adc924f09e09cae09f4d0e372a3572eae81d_adv,0.8895169496536255,1
49049f6fb8cebc7a7b4dee26addb64d991cad4984212b1e6451124da5556c7dd_adv,0.04721147567033768,1
5f1395f642be93588b9a28757660a4ab780a586d8fae167b581186c68d5b4cdd_adv,0.5180593132972717,1
af0d44834d95d114e3b2b184b8e68606e7b05be4ca6a92b60e410349c8956d32_adv,0.1554034948348999,1
1b99132a4d1a664eed415872812f6ec438923a71faa428d3eff5e6e39aeed3fe_adv,0.4027809798717499,1
89bae6edf01fbafc685bd2ef89899f67cf1d53ffd8187ec787f72afcb0488083_adv,0.5575531721115112,1
0f92b45582d3360f349e0fc4eadf983f3d5e412dbca9fabaa50b6f0455947771_adv,0.44800639152526855,1
1ca917338a9351957e8095163eccdbd2682ae17d74d5160af7d7c6a9a9ccd29c_adv,0.4132062792778015,1
2690383b47e95fce379eb1b9b2859b98f4c3c6be9335c51f475e054ffff67721_adv,0.031886398792266846,1
f53048f2189f4e3e453e475e6f85506b173c5f639af37f598bd08915031849cb_adv,0.05528024956583977,1
f3b154755028ef9af577c7964675352c40af61228548df125b5944153f5b5df7_adv,0.22201557457447052,1
aed1158eda2c1d49c2630a9e774a8f58a7f66896a30d62cbc3eb7299aec6316c_adv,0.8044009804725647,1
a603222ccd1b16704928f1e8d365f7c8c59345696dd83c85f985203bbf15c0f3_adv,0.37234315276145935,1
d4a5da0652aa7d891236fb0bcb28d300c1d6eaf7003424e51910c9dec32a074b_adv,0.4132062792778015,1
864bdbd6f2957941abd04922c6d7b6fda1a31816789b73f2e833bd79b34fcfd3_adv,0.8127892017364502,1
72338b48bdcb92a2c982d2ecf29694ff9f00149946c564d75214137972dc80f0_adv,0.012682223692536354,1
d40cd270933c362177605c92ae4485bd84b83a7049bb0ace573812b6ced5f3c9_adv,0.2298935502767563,1
98db93e2a3cc078efa79803670beada2f136462400189463497a30fa3808da56_adv,0.1899617463350296,1
d76285d0535fe4546f9f91aa000920de07dfb55277519e5d43b18ad7992b3fbb_adv,0.036048516631126404,1
416353339880e5278aae6bc83eaffac53bcfe414464deebd6140d6e8c82d9454_adv,0.29602283239364624,1
698f4aa350f09f11db0cd102488b7a2ceb851273db9930188402ba35bdb868fb_adv,0.12186350673437119,1
831631576211675c1c63130567a7cc300e99ca907d8784b25dd39850396bda1c_adv,0.10095573961734772,1
16875beb489f8702e70249be10d18d6dffbf29887d90981d017fae5e512b504e_adv,0.06076224520802498,1
85496cae301ec00b6c7673a9586d511190e949e6b7517a75ecfce277ae94313d_adv,0.4298907518386841,1
410295b8df34f3416a4d7aa34fd520df90ba348e47903db4f6168b6f6c3556cf_adv,0.1398807018995285,1
9084ba4413ee896d70bc62ba0fe670f52361bb3202858b4f916b7832f17fb720_adv,0.2522519826889038,1
01a96a3b215c40f6a6814f60d4ae4451a41cb8d33c918990bf99bdc1ab7a4627_adv,0.4132062792778015,1
f4c4acdf5ad2ceba098ee264956bcfbc26607efb73699c4eae0d135a7f553a4e_adv,0.06451211869716644,1
b3199676c21b0d936353a137a7c4407244df8a26eab15d26e7ec63757116bc15_adv,0.05440245568752289,1
3e67e911764cefa17f9ed89e3a1c58e1800945c1e95570d5f45217ce33c386bb_adv,0.9843056201934814,1
8433768a337bff69244b03c5d41dcc099b8079fafd501e3a72b177007bf2796b_adv,0.9997976422309875,1
bdb9d49de9ff8e6781933d71b1cd7316624fccdbd9258d811d1abfa86fc68a46_adv,0.33188197016716003,1
72e4442c364fc807b435aa72891ae1a2c9cd0dd5558046f3a1c0fe45c8c5d9ea_adv,0.14368657767772675,1
cf060d28c96a69937cdd05ec0d8e9ef3d538a556b9cee5c443ffe8ac02cbe851_adv,0.4132062792778015,1
a474a6a2b4cb01db9dcfe4d1ab0c0499c74d58f9f3a7d66addb3f033e79a61cf_adv,0.22540171444416046,1
f47bc17b9bd9d47ff77eb1ccf2c0a99f48bf909fdff605617bacd221a940df0f_adv,0.38978564739227295,1
ba4f494ffd0487f94b69c31a85969955c2c03182c4111b34d32933f95a6eba99_adv,0.40566885471343994,1
434ee7911d8767e1ba4fcc1bc8792938cbf94769e89aefe607477f4d51512a2b_adv,0.10966317355632782,1
11ba57ab7b982cedaa88bd17e68ab51ac2c357ae718b63f6802edbbb52a1bd2d_adv,0.44786307215690613,1
c7bb003f9f5079337abf46ee4978c5294ff65a22bcb15fb5c3496588d687e5b5_adv,0.03556191176176071,1
ca7015b484f5160aca4c7ebc72b758ea4882c4759f80282aae8f4192bef351ea_adv,0.7591092586517334,1
475a06186a42294c2347589a1784fa9062277ce7269bd7f75aaebce94efeea73_adv,0.1506412774324417,1
c1804bb245a123fc34aebcdbf4275f3acd9791a0f8595b5c53aaf969d7053f3e_adv,0.4228995740413666,1
a5bb3d5acf1170e3eba91c721c2fbc3e26238f74dbf5dbb8a3d6f7299f35e231_adv,0.3232079744338989,1
1bbde055d87f3f7746a7a1c285f650ce310edd07de07946f6febef14f7efd66f_adv,0.40918928384780884,1
d38578ad3cd820f3a4b1d0d4daf7a579bed95a989cc65852ba15a9357ed9999e_adv,0.05019007995724678,1
2675f7dcb04f682af8489d9d447b9da18841e119d47ce56fa13066021eb7e148_adv,0.42794278264045715,1
2eb9b4a06c75806a4a3b63e6bfb33cf73789732e549647d005501c7d2ab09c21_adv,0.9306312799453735,1
90ea29fa1e918a5958161a3db90d3279e64c49bc05834788326e4ac945795031_adv,0.5484448075294495,1
c0f441ebce39599eaaf01df01bd8cd9c164cca991b04a19252c12372acdc3d57_adv,0.012042853981256485,1
d1dac9e4d3030e9cc5645749af81dc217a711b74685990dd9cdcddc506baa065_adv,0.06124281883239746,1
e0f748623d11323c573ff7c4ee0dec3997b077ddef197f6e404e59cc869a0360_adv,0.283846914768219,1
e7f6e4f274065637c5dcba1231753bc761a3c8ebe315222dbcb4d78eaf68a08a_adv,0.9949972629547119,1
b3b2d153daf0f21fa5a5bd05d1d2e094bf8782fb261d3750f593e6122c77b740_adv,0.10823771357536316,1
35676f7a24e541b873640f2caf86f63f37ee81e6cdf5d846e7910fc20f00cf00_adv,0.03585430234670639,1
7f980b8c179dc1eb3c6c3412a2a600bc654ae7a71e5588e8016aa431507856db_adv,0.01684654876589775,1
ad0eeb4fd87616f5918adb297994aead935c28d3f8bc2d70021875c00dc676fa_adv,0.3913922607898712,1
ba77c6d0dfbdbe6ee8539a35ee86c5c6fff309ea6e0297a1c2766d3d306a06ae_adv,0.044414639472961426,1
24be89f4c14e2913d65f66d01dc253e3d20ad30f33339324d4d91ba9b9c25361_adv,0.9998412132263184,1
fbfdb35b419932c90f4dfb7434eb346f3afc7738fc3ed67d38934729d4b37bd2_adv,0.4111636281013489,1
6f93d6718fc04055a150ad8ba15ca8ec835b9db9158c79780ce8349fedfa00c2_adv,0.4132062792778015,1
c11f7834faaf8a5ae2dd7e588a3690d8dd27c891ca08b018b9b9428b0d3b1e48_adv,0.20098154246807098,1
a3f10f16cac0db5024070d94e800482b6ede22c9896238f97b2695bf188a0acc_adv,0.3548973798751831,1
82903671f549786f3e8ba652919c67ed07005a6d0c889630db313e2be1dd4d46_adv,0.20172929763793945,1
e828cac29081414116a6d5c804999bb212e3e3f497bcd557374a3bb792f0b334_adv,0.9680662751197815,1
1117acec1eb6e6a487aef3d583f4d16655d693de38af7e5044b70467556720ad_adv,0.16276514530181885,1
bea76333a4b4e23113e37e954a13aad2e0944c88c4abf134e5b41b83838d58d0_adv,0.09978960454463959,1
1417a664904a01896db72c2022d2ebc8d63a8b0765827caf2684a08cf8ca95ec_adv,0.41468924283981323,1
66f1e23e0b7f6d0f060613079d1c1ddbe725996c65e98269524872c36c5fb03c_adv,0.9997702240943909,1
2c02e1f88762e3c19871e4092bee7e4f0b149e3a4454158d6caac5e34ca081e1_adv,0.28417423367500305,1
eef266d77d4909c1aaff26714fc6e7ec8349544aedb1de83df30e75fb41c143c_adv,0.46338075399398804,1
2fbb9893c789fd48c6ee3eca290ab11fa858231037390c360efea8678a74f1d4_adv,0.40630850195884705,1
3be095fdd280eaf2d42857cc9ca707901d474886be65b0f689e86bf6cba749cc_adv,0.9999245405197144,1
e875bb4cc4ea164c67812cf7ebd10103828b5e5e25f736c6fec08fda2f9363ea_adv,0.9491591453552246,1
7a01488dff59e86e14b260a570358822a4bd132c822e881f65248f5f5a845bfa_adv,0.13384473323822021,1
653bd09b50958c3a39b53129158a26252a086d064205fff47b05cfb41c0117fb_adv,0.028798934072256088,1
5d111e65c2fe558ac185b94b5f255ce152f27e2a29ff06eadb8b9e38bf6f7937_adv,0.9179776906967163,1
b946ee112711e637d7f5db1aefa6419f38b23b789af8ea7f9285161dd24a6469_adv,0.6436853408813477,1
0890640d871db86ca84421ab33a407849642d59cff76d01f9d63399e0722716a_adv,0.7972711324691772,1
82c8fcb7db9f22b841921ce3042d2c3207fa4a42b77d32ee9a79ca0032fd9ddf_adv,0.9664009809494019,1
922d3ac5ae9d84983713b75d14d7b8cb1243c99262d060ff1f36dbdf0c089d37_adv,0.3021727204322815,1
89e8caa519572a5d089212e7f241a72af913df2ed253ccbaf2dc3fb699a32e2b_adv,0.2144860178232193,1
39ce1f62952e12345ff1aaedd0562abc2c2aef73e9a2ded372e50ad46abd3d06_adv,0.9990246295928955,1
1efb1aa398c7f43db476fdce8869bfa179475e571b1b240a2681ae5a674f8630_adv,0.029894202947616577,1
0143457e8ddb0076f98b5a4e8bd0171668ee79e4d5fa0fb8e2abceac8e97cf09_adv,0.012649760581552982,1
f12b3813cc4c655b69a70087a28798805b59662d8193970dbd465c9c3f8484fe_adv,0.9997841715812683,1
b881ded7702946e636f68abd6fb4e3906c9fa02a1b77e1780f8cd51c3aedb47f_adv,0.24940139055252075,1
997f111a227133816268c72507ddc1c662e69baa6de40906281e2eeff9c8f5e0_adv,0.4368889033794403,1
3f51e003dde55af180d737bf09cefa8b3a111cb4233eeb547cd5e18cb2291207_adv,0.9997931122779846,1
f0cf39aaa75855371938133c27cbb936464f9d0790736f991e366caa21e27e4b_adv,0.4922136962413788,1
107242d919af748ca5f38b9d97878e99dafcb56709260042d54e604d5b598abf_adv,0.3377472460269928,1
7d33dac7f3789ce3bb3ed3f4a0bd9a1d8abb83d6110ecd4ed1e899371b64acbb_adv,0.5207346081733704,1
a3402c1cf3a9428b1b9182302d0ccb6ee244f7fdfd6b5c36ed1bc14a0105ccb1_adv,0.031021680682897568,1
fbb04edeac7f05597684c5209cfe0d7fa371950c5aec92a3bcbb5dd617b4b5cd_adv,0.05528024956583977,1
f7660bde00b3411ae6f7e99418e3ade2fb3126e22ce2decff4872b0a1bd1388e_adv,0.25195419788360596,1
1fb5b270f4ee071fa386edf531c8bfd1a3a0ce9a398e45a3ebe00f57a86596a3_adv,0.35661041736602783,1
4bf76808f71353ea62971cb5f73e5725d81a56a09ce4018f5483ee02b0d82af1_adv,0.1027599424123764,1
9e1f13a7fbfdbecd34a7c53671a7a610efb5d1756546531eb0148c6271376c29_adv,0.08176794648170471,1
7e91a03de2d57f8ebddf17113a04ae7dc4806bd9d89579adbe43fdaaf333a78e_adv,0.4389142394065857,1
593b2b5055cb354af29f218cdc5ca9d5674b8e6778e312edd8a9c0cdbc114fb0_adv,0.25195419788360596,1
6396505ec3c719d83161798ee32c65bd44070292dae3976d457ebe27592178a0_adv,0.2522519826889038,1
638c924fbeaa0178371a6972097a8356d4c3a9ff6617a6f13e1567ac381e4e7f_adv,0.23313091695308685,1
89e3a74cc6e881148e21a7d724810b5746bbdadbd9a897b8f9733b4974dc2f4c_adv,0.5752469897270203,1
31f1d0c70b997a055e84bb48b4891c8223f8a425d79c4f7ac42ba6b7d63ea591_adv,0.053953737020492554,1
d7c9b8adfd6c5059a89a5ad95aed9fb57e9a6a66f00804e15e225f178378431e_adv,0.9810259938240051,1
7a675d4f976857455eaad503257744fd540345783725494883aeef6a046f1e19_adv,0.13457928597927094,1
b5bab7044b233689fd57fa348046f4e69841ed0b66d16cb9c963a667d0ae9787_adv,0.5540959239006042,1
555e5051ed45586bd3ede0d11a17b1bb6cb8b3ee3234ce16d7c271f03307d062_adv,0.4035125970840454,1
9e398f5c3f204220513d94db122a74f2a7626418546e977385f465ffdd021296_adv,0.024865182116627693,1
24683ef1c2679b394b3f0b84c9642949e60c8a88ae31592ede4997827b3b0014_adv,0.9997884631156921,1
fba10bc12872f150959e5bd452436cf8253b59cb6f274572f48e7e3dee0afcd3_adv,0.15472689270973206,1
d4195c13f33da91c2b0c013c880ed527dc78384091ee93a030d5f2fb725fe137_adv,0.06076224520802498,1
eb319a2aa71f3e80f16d354e9dd94b2239858ac4b8df210100531d03ddab44d9_adv,0.010757172480225563,1
f26a2c4055d91c5bba33e4279623554fede35388003d5d88ef428bdbb802f49a_adv,0.12191927433013916,1
843bf5ac228a760f7773c3d70496fc93ac49bc09ea5bab5cc0bc48a5209ced3e_adv,0.06412163376808167,1
bc9fc285cf3efe0b124a1bcbb2558b730c87ce4f1d625bd641fb064e02489e82_adv,0.9965428709983826,1
d73eec7f0517d32c943ab20de788a73f9bc3bad7e24e6942300f941622693b02_adv,0.9933151602745056,1
665d89f36e25ba4dc9fd46dc7e6f3641338add6209aac56f2305674a7d209045_adv,0.1875876784324646,1
40e13d331d8c1950828a40f9cf368a4706efd0e61cd33aebcd12397f200d601b_adv,0.24719738960266113,1
81359f6a9ad1cf3301195161e99970385e23d34d096dc7b0aff004f35f6b854f_adv,0.4132062792778015,1
efc162d9e3dcfd554dca1bae2fd87dbd44a886de2748035982916230cdba2b5b_adv,0.05041150376200676,1
9e0b82536d63e7ba3f971973172cde93963123458ac831c7086f757b131d1531_adv,0.048510946333408356,1
0af1c7743762bde8d8738740c8647dbb3b4f316ae25de10efeef0718c30e7b6e_adv,0.1538160741329193,1
283c6ae71a5a8a58c07a4bece7fabbf02c9fa7d2ea56726e5fc74f11afcc016c_adv,0.41814514994621277,1
8ada1b5e345cb4d113d17a174e07fe715c3a0056b7a3db005a5278722b6bb23e_adv,0.9997931122779846,1
f588ade5f0bb522f4aa6471b1b3afa6dd041fc463788cf16a0bf2690ea356d1a_adv,0.289010614156723,1
4b9db88320b14ed0485b1b95183617b8ad949e03a41dfc091f10a19486e7bdbe_adv,0.6674734354019165,1
6d23615a119e517ec69a33b6787d100015d71c01afab514983938c8c747a187d_adv,0.9032582640647888,1
9628dc8256610b5cf25280ebaa06d0e6e75520430210c759f27d9111de2b89cb_adv,0.9993403553962708,1
ce8863357b11979bcf2f037da4a6f388b6969e65046e116b33505b24ae95f929_adv,0.34162697196006775,1
52fa427fb8855ff8479299a22f894fe15c330a6076ccc014a98290e2094c3eaf_adv,0.13311943411827087,1
ae351641e4ae7feeba80de637afd89991c651c6a4d4567e8add2fd6801c1c897_adv,0.9998317956924438,1
d1238a180790d62beb8017c1b7ff2977b34305a8abc9b704d5e0a8eab046b494_adv,0.5190786123275757,1
a8b0da34597677c602b12e8250bc3701e236ce58433e4f5c38522a5a0583e1c1_adv,0.044879525899887085,1
df8337057338be3ec5d276355c9fb2b6b639c4c0889ded1bb012f0c2f335f4e3_adv,0.1038544699549675,1
8750e8c818b3057ec945b36ccf20dd31841981a12f0fc1f743d3b96db09c2fc2_adv,0.9997023940086365,1
7797087496cc0f1a027532daae5e51069de7fa4d5da60cba3605c82198cec70b_adv,0.0374038964509964,1
33e083bd3fc3c813bbaeaee873e7259e50c12da0ef062565309bb4f53eb4c2bd_adv,0.0622701421380043,1
de1011fdd63f500a6dafc51d165020d996743576e4f3deabc066ef1c05e6036c_adv,0.9992204904556274,1
f0337da35612890ff69cead7414375f66c581a05546f47dfaa77e8e59c9431bd_adv,0.12351679056882858,1
47ed4a3cad50ae2d78fc488cc8d16b045fa3e85fd29948f82db8395913c74c2b_adv,0.3850989043712616,1
d44ee67748eb5c4b491f02aabc812bd9383dfd80c0df752b2945b56ed3144fbb_adv,0.03959095850586891,1
1572a559493467e2663af79d8e6818c3798f5a88274a62ff9e79bef520934d5a_adv,0.08534584194421768,1
57d6d4946e344e2709c07f520fd6f49eda3a0ee456f83e1560cc173f821c557d_adv,0.06290164589881897,1
3af36ceca03e3567b493ba8ed7cd8b649e389bc093cc39596ec5008d0f01f3b1_adv,0.8646003007888794,1
cd3a1c21efd6bff12e2940ae14e16c902d92fe42d0c0f4592d197d7f31b0d191_adv,0.3905203938484192,1
088922c3a2e30bec9e738725bb47242900a081de6f1adbf40a2139dafd8a14bc_adv,0.052683062851428986,1
0f538a54aee9afe87f1955970f97c2d64b5a25b9ddf73af2abda3c0211391fb3_adv,0.5180593132972717,1
7ac09e33595199e9d2b1f1020b36c9249fccc53a4630d98d6f4a2486dce6f5c3_adv,0.22924582660198212,1
847d36509f969dee5fdf7b42f8627a8735cd9a0e7055c928292548a9ca926e92_adv,0.4132062792778015,1
eb27bb3d579a37df40cb9a8bd137fd56d9f5e166980b2e33975965b2f0ca25a4_adv,0.46338075399398804,1
ea0514523ef65fbecbf2104bd3f758cf64507e936d58e1acdbc5d5f203bca0b7_adv,0.029451046139001846,1
3bd2092daa8d0cefc3f0a1e1eade11eb3fea5e8b632857e839f78e8ead79ed0e_adv,0.05818195268511772,1
c84129a697e601e20e270eb08c191412cad585e11a534cc33536ba30c15dc085_adv,0.4132062792778015,1
969ab06bd8d516ac4fa379814898a23cf5f13b132246c39a4e7e861137266f41_adv,0.023990903049707413,1
0abab5ab580c3768c46d85c73cf727d1ab61421818abb93683f3f31280074cd6_adv,0.9616325497627258,1
463708902df31988bb6aa7f619044eef9396983331d92e6ff552f300b664ab6c_adv,0.4111636281013489,1
0d46036ec3444ecd72f36e2d8ad930fae33fdb7d10fa549b778aebe1ade491fe_adv,0.4348604083061218,1
e9febc9edb059d8ccc38c90beff9e38109249964ea4bbd24c8ad2cf1c8419ded_adv,0.8962733745574951,1
9d8df71e9ae9ce084ae33bd97ac39559ec095cc18cb2e560e2fadf2c1e54f125_adv,0.3803149461746216,1
30c9c1728834ea8fc4788ebe4fb28365ab5e58b17e48449571bc7ac343b48387_adv,0.07352060079574585,1
8fff28fb20768b86525a6c0f57f5bca08f69377a570aa8de8ebe6a1cef4d1e6c_adv,0.2451409101486206,1
cac78f043fcbe4fdc2486c100605c2f680376b4c1b39e1e7dc7b42506174e1d9_adv,0.15801776945590973,1
0e7557877a84eecf5fad1f7dcc6e6f78070166c383f6774066a7db6e211bafeb_adv,0.1095392107963562,1
861b0e7f825918f850d770da6a5133aa915e9efe674bbcc15426daf0b5571558_adv,0.5324109792709351,1
b7ba4e93441dbe618032b8cca4728ddb8128c82eeea044f861e24a25bd4a690b_adv,0.9999494552612305,1
3c74518861cd42fd0594403c52c06a496befa96201ef8ad1206a63cd06bdd737_adv,0.3703576326370239,1
6673aaac50c2e06b170e3faf3ca2d48d5210a140fc033f7b31b8cde4c3a3f783_adv,0.08136744797229767,1
eb69ef06d4ca6c935ede67be42e9b56d186cb6e800b9e891c47b47c039037981_adv,0.28391775488853455,1
9527d665ae83b4152b92f5cb74ceaa2f1ba82d46bc908863d713c7774fbe85cf_adv,0.4225720465183258,1
2f88edc8b943e0b3e9f7a8e44491713e28bfd1ddda991037b3ccd40f423dc826_adv,0.7637801170349121,1
566d881100145efc9ecdc3c9600fa1ab8bdb48a14c9c8ee186dc4f02b0a7e489_adv,0.9902371764183044,1
80fe09e0bf8f8b454b38ad5505d71bc6086f40c0cf530445dc29ca58f6942564_adv,0.08710560202598572,1
0fdd1eca6471b0faceb2e9eb2baa15c566cb68e78bb7b2addd23c11b57de4811_adv,0.999517560005188,1
9c8581a528a60534b5093eae446148081f1a1f06931662ebd1125bf714d5bf32_adv,0.056097064167261124,1
9a9df28cb69e7d2687e78e4a0841c0e2cc1b9e0a1416cb9a4b6c945ea82b9006_adv,0.24072036147117615,1
bcbfa1577cf52229291182ce2610b7f00be67039c0df420f2ebba342714d05a2_adv,0.22975865006446838,1
66ca64188a6df9560a4608425c0d9a3e82ca2ed90fe58eaad460dd1775d6b701_adv,0.3883400559425354,1
3297bbe9a0a63209dbe60ca9d9a325f1c099c860400ca1e8bf115d73c2aaf6cc_adv,0.02681330218911171,1
59679a3284f5445ca200cfc48d0cfe138b603edaec9e5cb297fcfb34970293ac_adv,0.9998224377632141,1
9b7d23519410bfddfc0fdc2a9e225911b75e7ce79cf848faa7b913ad4960e8ad_adv,0.02767159789800644,1
99a179db30a21ffd47a4f7f3aaead23b6e29a5dafcf74cb9df280dfc1ea79721_adv,0.9997931122779846,1
4e8e245fd74ace30b7fac57123c77a5d860901491535fde63487bf946c62a2a2_adv,0.19210396707057953,1
6179fa51d0111d646490a52055b0d70f1195189cc8735e183e20f450d2c5241e_adv,0.8689039349555969,1
762418c2f4658421830bbee3acab88b866661f86d7b89ec20ea08319cc700fab_adv,0.14342044293880463,1
d0fb7d9763d36ce67a7b22e5c24ee0904497c05554e5ef212ce2875a8336c94b_adv,0.5645816922187805,1
2f465e89b75b19c0354b5e6c69076d89e11af43d716ad82de9248545da42ed17_adv,0.121479831635952,1
9eb334c9684dfc3008df2a198e617af5609b340686780bf01c71a4d50f5b9f0b_adv,0.1027599424123764,1
8e233c6ca6e7b3f207702642bc9b5bd1fa9f28289e4f02167456a289008f621e_adv,0.06900465488433838,1
fa2c1e92bd0a75516e2415c77392723fd360a8dfd0277de4702137037b206788_adv,0.1903417557477951,1
c2ec9ed94ee317fcc7789569c049bbc5f0df27a8f9d94f731badf57174ff1ce7_adv,0.9179776906967163,1
754366ddee5f953fce504408dd2c94272955dec7c2c4aae4d158570fdc64d60d_adv,0.08495675772428513,1
6ca35c8c4e64fec43f1e3623d7282fb23b2b3f35f9ed38f98328edf9960c77f3_adv,0.09183473885059357,1
ebe884fb1c456eb3b292dda57240f40a05e757213c158c137a384f7718c8b780_adv,0.09175076335668564,1
be0f5a015a8139eb184b4d532e81d86d6bf7a33e6b94e778f36dbdb5dba785c4_adv,0.11455507576465607,1
2cb7043216115b2077278b5dedd7ee5552d85c31e2bceee388425d3c94d8cedd_adv,0.08160122483968735,1
03dbc773e36df654a9097e12a8072dd5b5ca69b012234b1de4e1b0eb6c20a7ac_adv,0.24994070827960968,1
9cc2f9cc62340a18b8a6022ed282cf69d5f85b2f812440f51781247357aeab25_adv,0.08136744797229767,1
dbf4298c6eefeb50e7660a120f1f3079f1fc69fc5a8fe93b1d1bf83a0e41667b_adv,0.04327255114912987,1
e61a3d474ea07c0a343f401394dfcf14e722444d4305928417b4e4fcfb07433f_adv,0.7351347804069519,1
5e50e7c5292bd620d1084ad15dabb37a35cad1a8f011d390c311e42d96dcd050_adv,0.03082328848540783,1
9372dc002f7da57254cca9b29539bd42507e3182bd3347e7e20ff7e5aad9f986_adv,0.9998119473457336,1
d717db70b5e5602afd8c731ed26b53820a25a5aad9c4ab9b4805ef2d3aa2f82b_adv,0.3882564306259155,1
33fa82ae1bc848883dc26a05006a8fbfa5cc3fc74561526016f2cb6580cd8487_adv,0.9999011754989624,1
3ab094e0631d2ded637393a163ea870f89fcf2956431e7f73b55d9b8fcedac25_adv,0.9998661279678345,1
ff7c9e3a536daa4890e9588378c296fbe94368c7ffbdb8738c0cfb76904db940_adv,0.3974476754665375,1
bd85287cb9b9a832a47e4060532be90b652e769aa3674046a231d3dbe16b05dc_adv,0.05851434916257858,1
cb863b171604888fc448203e0ebf0b7688817449755688f3d58b4875ad1a8c62_adv,0.4083886444568634,1
4b3d3991f27fcd1dd8a016035d6ed6c9016aa5944236cdcac0d2e6e2a1ae93cd_adv,0.4913245439529419,1
a579317669b07b81777fdf5b96143e9a2c429c04574646b7b5bcf01e3d185e1f_adv,0.9485111832618713,1
ee58335cc826d9f58599499a25fe0c0bd6d138a49a9fc3454f99a3b4f7937d3d_adv,0.10356879234313965,1
e0c412bd8c65d9b01b289890b881ce813355427fa464dd2de4555b9888f4cbc4_adv,0.7412821054458618,1
afebba6616c25f9513044346eb80768338c1fe8a12b00f690aea520eedec6f0e_adv,0.41221389174461365,1
9f384426f63c9037b3d69da6e945814d5104307dd3171ca7f992be443ac28083_adv,0.9997920393943787,1
2aa326f372751ced15f5cd4d5c3f7cd72f3e5f7644fc02e82a67e8861b55ad58_adv,0.2522519826889038,1
211fcd5e34778b4a0f3b247cdc5045de588f4876054dbd6562c529dc3fde31c9_adv,0.25777244567871094,1
a39e0de7502687820d0269e8e86ffa82531e5611833d9c16465b7b0d6f5d70da_adv,0.13516634702682495,1
142c47fe590732d509e50318f4bc0f6cba929df5423be864d049b2d308f6fb4f_adv,0.9902371764183044,1
708bea08fe3b1e559d65ff680ebd7df0cf084b26c1b54c21eeb359c97a9b90bf_adv,0.0888599082827568,1
efc90f480a61c97fdb85776dd033d13ac86a7fd7440b767452598ffdec1c13ca_adv,0.32162463665008545,1
e8cab6a54d2054c67f8036e0306d8db67a9e649e1891a320afdbcd465f3b1702_adv,0.9962284564971924,1
5b204479dce1dd001d88d4778bf34064aaaa2e0a1ea16fbd4b3ad300f819a128_adv,0.03556191176176071,1
c5749533f9a5d41e4b0e163277f9ea9f23b51088fc473d35b2637c5d745b96e5_adv,0.16452127695083618,1
3d94e879dd2f9030e3ce9a9c0761f06a0e733ea6f54e07fe0847cdf531634d87_adv,0.031021680682897568,1
8d38efb7d12a54783a332b82cacd2a005d9a96f3fb5e72558f3436804fb8073c_adv,0.4132062792778015,1
ca7e23f58336ba3119a9aaa8cbdf41ac1bf63be09e6b44f9d0f8a9b0ee8aea7c_adv,0.10356879234313965,1
38ba0324fc6e0f96cf70f8a2c5a0c353f79db0297e051ccdb244dc9fa5cf9811_adv,0.2897143065929413,1
00c6898c364eca08b94aae76cf969d490319433d033726bf5745411477bf3552_adv,0.423797070980072,1
53f757a73c27dab0c172029866333956ce5ed8b30c4c6c1e982c6ba61e17281c_adv,0.4173646867275238,1
14ab4dc9ff8cb40c98ca18f95ab99d85fac4fd91db4e2e7d23b5f399d2e217e4_adv,0.4145500659942627,1
a684a1034d5b7b6897419ba2f31d172d9475198b27b55181e1021688a218eceb_adv,0.13696111738681793,1
0298ec915b7b7935816dce9deacbea10c67396eb6d607cacec5711f401ee8b3b_adv,0.994526207447052,1
2f65604384778ce458b1dc3eb1a445644dbf1de63ae260dd318c15e1e941a386_adv,0.13437360525131226,1
ba5a793b2faf0f010b527714f8cd3827df3c9c9756b368d29b68e8a37599772b_adv,0.23928040266036987,1
2019095229940da0f337d3b344bfe7cad4ee955960445b98fef3ee81d3db2526_adv,0.40323013067245483,1
00ff38fa9881ed25077f950d94a38986e4c0ed323ed1596c957c79110f9cd338_adv,0.34585538506507874,1
02b566160eff6fb97493f90e6c7f0c609401603e07cbaac1f812b0c6fe1cd4ea_adv,0.10899592190980911,1
e41852937c9ee701d68de566da9775204bb3cf49fbdef946778b874d8554fe6e_adv,0.15638719499111176,1
79af7c0f77e87c7bd0ae539800099125b7b74c9d4eaaa3f992dad0b87abe1d41_adv,0.6564772725105286,1
165d740d9b28b1a4c3a3caf5f383824cea5d98565714f4dfc691b47c5c713269_adv,0.21979695558547974,1
5863a7e30086525e26e4d6e3c7def5a4963208591fe0e1256d88faed0bf206fa_adv,0.7012894153594971,1
a869e4c6d177d6335f1b7bbc9586b3844391f5c8de58512579cce34b3ec9229a_adv,0.0595775842666626,1
eaba5239dba44b5e263e3f2b99c9c6d02c37c5646d7517223869aab1a3aadc06_adv,1.0,1
cfbcdec2af48f9ee68e7fba80f24e5565217eb8a7aaee769f273f167bfaf5868_adv,0.03733650967478752,1
1febd90e9fe143e001b677865d5f9c86430c21ddcf677795bfe7da1eaa9aacc7_adv,0.10060084611177444,1
aa63c9c4f80d186de5da43f9177a5e455fd55f7c0d2d8a03ef537fef71c76314_adv,0.07875842601060867,1
ce0deeb8adb484b02bb97852b8ee6098b0d4e12e71a9959be76c6d9d2f437514_adv,0.9997931122779846,1
68598e265ae9c71b762e8a11b7df630cb9956a24cadfbc037f8dec578502075d_adv,0.49788692593574524,1
713cd9d1a90f32287bb811f64da9c398ae9c3b1127d370afa9337ffe1830582c_adv,0.3659275472164154,1
bd289227980e1c02155319dd80d2385800cfd071374443a4b580c19bf4e050b9_adv,0.2218850702047348,1
fd216715940c560ce2104b14d699904aa93269f56923119cc6188fe47f65ce51_adv,0.9514020681381226,1
5c083c4a5e7b107a98e36276a14cc62f81e33939d92ce1f784b0c28b6dddbdb2_adv,0.06681816279888153,1
57a68f862d0ebb41bcb9810f4a3f8a9869570735124e9338e60ad6b01c3fab69_adv,0.10467247664928436,1
1e4552a4c043fc0a37c97532c1c426b2f94506acea48627c4188792c72f66872_adv,0.15638719499111176,1
61d53c338b2f2dbde39b4e9c8c28d439e0cd6b41124a27e25d262a2b30d4536a_adv,0.9053717851638794,1
0f24731868582c6c530fd1aded549a80608901d43ada3e292e31c3cf8cc16a8f_adv,0.23384076356887817,1
c073fdf4b875bcf955b6d1cef2a72109f1b5cd50ae4ac67a338861c582d1af17_adv,0.26044151186943054,1
87af7681a83c6e60607628d38c67931b9e85cad5363b27bc5e8102e982123c43_adv,0.28538379073143005,1
755c7e2e67b314efec4068b56475abc24fe046371fce33f2470eae8f430e11bc_adv,0.46338075399398804,1
d5808159db076eb36942eb37de35bc4fda9b878ec792ee60eb7004d50feeae83_adv,0.9998008608818054,1
a762efef8b043960254dc4f6936a3a70d754e1a8dda61a8715fb2cc20f86ab54_adv,0.9961333274841309,1
71c4e558c782a743129f2ea46af4adf1adbac019618d7ea33263c6e21cd9626b_adv,0.06076224520802498,1
ef4389ebad9574afd8459ba3aea70e6bb267f49f416d1971612852a7f767fcdc_adv,0.30191218852996826,1
d660eab32410ca55d7c5a12aa580aef839c05ffd4909e67192739f4d64f48183_adv,0.014948714524507523,1
fc98548f0f07eea74ee6f568600d39ae614b5d5b104feea8a190c4baa372d5ca_adv,0.4566919803619385,1
bc02dffce0cc6c8aef2a75a377ff45b92d5282371eda70f8cc43405dd778731c_adv,0.9890760183334351,1
486bb5bf3269ee5b59148a8b1dad7eb3482123ff8698701767f75f74708ab371_adv,0.06937433034181595,1
1e7f1ead88fd33ee624b0fdf319126d2146a6b0ac6c478d3520f52621045d322_adv,0.40157824754714966,1
9d72b692eb5720f8d73f1cf9208b5798b375668f9e717a606f6b5310f1ccb344_adv,0.4115943908691406,1
3990a31e03e397054c32290976ca733f52ebb619083e12cd6cf0edc3a2e936da_adv,0.06937191635370255,1
ccb6cd2cd6e8f60e0f3f265b5cc385575443decbe60c0555829645f44f3ef4cb_adv,0.40967002511024475,1
69b286a5fd6938a58ab062088bad5a653e77ae10c086b2b00dedcb035a8a2772_adv,0.02596418745815754,1
22bf78c9ebe1756fbfbf65e3fb76137dd089f7a7133afb32517325d639b413ac_adv,0.05528024956583977,1
c85a79b04615e2682d88bc44dae441b5ae2005ff7a4a3f589517dfe7bd5c7b6e_adv,0.423797070980072,1
df28b29a648b23710b4c144e02183a2b51e6f3f19c16822d4a03f07430c14471_adv,0.4132062792778015,1
14bec2a6b94d7c8b537847e579d1e6ea4e2bda18a19f7a7cb464d96a00175fae_adv,0.4132062792778015,1
a7e2c310dae514dfdf74ae7d7644698c9e42447b6b5b9920266031fee443647d_adv,0.33991074562072754,1
4de350ce3f0caabbdeac89178474f0de21b927c807ddca1ae73d16d414d8d0f9_adv,0.05528024956583977,1
ac6205c6363a31c4e446a440e8cd2f6b0e2b7ae99d5db9a536a96dd74d4b75ea_adv,0.4004144072532654,1
616a2538df372b4ae1f3d3e97f491f5d2366782e2a3e1bfe67eeca23d5ac1d00_adv,0.2500353455543518,1
bea5936f37aeaf8cfd32caa0bc0a0864d73b9df93db57057407d8d2aac9f8b99_adv,0.023223454132676125,1
5f5e16642e21130b64b3d16babda8dc8a40cd6a81580992ad0df7a109ce289e3_adv,0.029894202947616577,1
b07fb06e43252a810c2043cff375801d91d64ce0b9c2b914a988f5ef42092c16_adv,0.9821683764457703,1
9abc66f6f4707e08134d8a2acb7f89c03d11baa735fa348a66ef7ae0220c5c50_adv,0.723248302936554,1
bfeaf8d4c62bca102fc17049d8cc20e5f23eecf97394a7848ec5748db6a7c07e_adv,0.0590083971619606,1
990c8f894b159258e5c6d5c0d9cab4ff47f264600025814419ed3029297763a2_adv,0.5355622172355652,1
d9223c7bb73e5b9e31a86eb3e3ffc24402a2554c08e584696c7538c4a1d6ad6a_adv,0.25273430347442627,1
5b81a03ce7a0c44140b7927466a9acb97f43b8a3b287e91b0bd85bc5b29eab2f_adv,0.6433086395263672,1
1970951477b3062a7a3aca890a87a930fae0c9ca05b5fe01ca9a58373206c5dc_adv,0.06210118904709816,1
71646b9735943752e7b210bc2051c57a1e73aa861e99dca666d0b58aec7bb540_adv,0.1027599424123764,1
a20cd44a9e5ebb21b1f91d1f7e52109ac7949fe64f8f6087dda43832ed9b06c9_adv,0.03707411512732506,1
346d62082fc1527ecf0f8c0ccaf561a5fde4e74137d7a93de2e20376d0b38527_adv,0.12682944536209106,1
30627737fa59128d729ad6d2e7514e4fd256af8bb999610ee1335bdfa66f37ab_adv,0.20855899155139923,1
67e740ef7a99eb0dc7629b501f857e6295fca5f41d51b0e32f34ba3fce80cf46_adv,0.18998108804225922,1
476b3ca01d9923cbb2ae17830e6ff1b2326b1c9f41d52b8adf435f9a85c43630_adv,0.43048176169395447,1
a6dad3bc3f295a8659980a4646b984639bac61760316d55f1f3dcadaf2d77dcd_adv,0.31138402223587036,1
e97a4ff92782574808af957109251de9c0155615249a0cb071a10184c68b1e3b_adv,0.09997457265853882,1
840011fa811c8efc25ec561aceb51848cafd6bc25019c70814f4e24e54251b15_adv,0.9912036657333374,1
a518cf32dc1b38016057e39212839d0c6b250425a3a4c5905ce622e4056ee61c_adv,0.7740331888198853,1
66fb533ed290db4e2be5397643181ae1b8718468d7ae5dcb3d1e4970d4a3894c_adv,0.03013577125966549,1
9c0ad882a495d571890e6576ad0a5cf00dbe0d9752a1e058af63d8d8f4ae34ab_adv,0.040178511291742325,1
6171a3a3e4fd6148014b046553a914a832c96b58887d0ee57e1caf19d748e272_adv,0.46649155020713806,1
b1db1381bd829fbc1db015a5f3e020c65602f87505157b9688b1bd6b106ddb18_adv,0.14392690360546112,1
146d07d01dc5d1677f2faf9623f6850cd6171eb495ea0dcbf4f623613427da28_adv,0.9862332344055176,1
e90e772cad015423478ba31d37f746c68083e6a7c45e2d45436b73b18b052595_adv,0.16128772497177124,1
fed0a4eed1957c546928019d36fa72dd55220f23de67bb0f5282ad2f39afab4d_adv,0.15691883862018585,1
1b1cef4b9bd37057d0ffba066d4fe9e56c17032051a53c4d955f81c778a7b46b_adv,0.800300121307373,1
e9ac2e56bf775cf2ffc86ece7801859aa2923676df360b71365b1faab82236a3_adv,0.9927080273628235,1
76de98300bea636d80944fc2a95ef72403cb8cc7f31cf881acc128ffe34d7fe7_adv,0.4180954098701477,1
79589f9433cc0f6bab8322ded74c41073ebee7537700b2a321c07d9e0a692a07_adv,0.030750755220651627,1
ced73f548703d9d92dba57befac11f7075e845aabbfdebb700374edf8f0c773d_adv,0.4195007085800171,1
10ad0e302c9b20cd51125fae73efc0215e0459a40fe94dd0d4656b690a980398_adv,0.028833016753196716,1
4f373cff028d4ab5061fdd7f16022c4bafdffc5b0c58ff8eeab83ded1f19eb23_adv,0.9973500967025757,1
ea8ed962d7a0ace3218e31349f58a3fcbb00c2b45c484511e6adc5ea0cbb15a8_adv,0.46338075399398804,1
48ce2e16fef2d7096765a8787a011ef2e3a5fee1c4eb399b943ad320b2034aa3_adv,0.4210425317287445,1
833c6ce998137ad22ec1bb8050c936843d4a7c3afb9a5c718f289789551a304b_adv,0.27096351981163025,1
afb21f15bd7c2ac40b8e36cb9805e7b19493d34283c9cddc4dec66e31918190a_adv,0.947871208190918,1
1a8324ab64d8f83492bae29a21ff88eb5b57206ab600a6fe8d70e00b13cda930_adv,0.02767149545252323,1
7ce8da88e8132a0a21831bce6e3da413a29bacd6b184f5af64ad2d7bf13458b9_adv,0.1457083523273468,1
e9ea274453f9a4e39d250d36b26e4c1242c2819c80993b81a96d383485ee4230_adv,0.45602840185165405,1
411c0201b4d148991bbd8187c5ba98869d1f9d2ef07c3cb9474a5700a06743a2_adv,0.2835432291030884,1
a07df74a692542a8087ca4a1dcacb810011c832e3a3b01421b3684dcb16c626d_adv,0.0709175169467926,1
6cd67d3b9fb4fdd41c55d62566047ce4ec3ce1097f9cd89d71d9c31bd55d6b5a_adv,0.046155087649822235,1
c48a993420c4fe189c3df518bf3632ff1579fc6467c00b02ce444b7e294f6a1a_adv,0.5849367380142212,1
03fb748a4bd37a5fe456651b4aded8038a4ba467209526a30f2e96bbb3267dc2_adv,0.9147734642028809,1
f3d3c99cef3bd8fe90939763399e9288f3bdd766ddcab286cc6a49a3850c1dac_adv,0.04178120940923691,1
17690625acd297fc321e2dc2a9ff25ef67ac9f7d5fc029bddb075ac7f65d3237_adv,0.9998188614845276,1
029327fac90805e31f9a284a8f0bb564de2b99d58c859393478708dcc22771ba_adv,0.1027599424123764,1
14b3c9839bf6fa8a824b69a88786f42d413df2059d7ca5bbaed64007d38784f8_adv,0.997132420539856,1
fae70bc4babe8e3349985fd149e0826adf64144c4f2c795803c4b4c0bdb16e6c_adv,0.2296658605337143,1
2a72ac9452f91db00385db01a40e5dd07b82c9997d7529f1abb749460650e4ec_adv,0.2775362432003021,1
0b9a9fdd030a53f0275fc240422907f70f8e8bf9eefc949782f752312033781d_adv,0.16465333104133606,1
a6c150637d4a0d97b433f33d794e62766d3464504b6d4605fb38e4dbeefc8ea7_adv,0.5759373307228088,1
635d8703850e94fe5f4f87f6f7111e5b78decefe5a361e9a3bb46128b9c31129_adv,0.9664009809494019,1
e2465b294f57e4c781b9d6361805fa805dc6261a126fdb3a24842a814b301e1f_adv,0.4127918779850006,1
94a6ae6c7613f7b5c1e94708aae5f3fd7464763ff1c49a3558d59ffc8b294fc5_adv,0.4254126250743866,1
96ad328d162efc6b4013c15d9cf89c11ecbd4eca339307935c178f961409b9ed_adv,0.15472689270973206,1
9847643feaa5dd118e83d1e40088f294703e75cafa69069372645e58447bb426_adv,0.2360970675945282,1
9a379025042882c7f267b9345e17d2eeb8f878c55d8b092ff72b346bf5b9919c_adv,0.9997972846031189,1
4907982a0a4a1a2d3b2821994a4fff3c53d9d2c4fbdf5bbaa0a6699ed4370477_adv,0.26869523525238037,1
6e932450ea79542588d5aa5fc2ca6a3399369a85cea01789708b77219a02604e_adv,0.5582906007766724,1
c3d04638aec1051361325fdbacde43e34fb323c9a473b3dfa2e859304b337f15_adv,0.4225720465183258,1
8ee8d1466c0ada783607f3d3f23bd8193721a7a687538cc0ad96661aee204440_adv,0.35314232110977173,1
2921fe229840407a965668f62fcc899125e1f477a3fa21af83683293b3db09c5_adv,0.1499757170677185,1
1d4f57d31460969e3a576a116552cc4014a61359e7b0231061144cbdd9896b38_adv,0.026789333671331406,1
3e0816f8d57a69c6d2107ebf7d9d84c751714702893b88ae23f3eaf431532bfb_adv,0.1929297000169754,1
0f4c67f6ed5c89466c0c2b3343942ced72baa0060f135e96540230d5551b07d4_adv,0.4132062792778015,1
f14add031333a7a797bef4184dacb7810c22b4b12ba543a8f31f46822e5e937c_adv,0.0820702537894249,1
23869493ea049519f0e3c81aa0794775403a21f0d84535cb21ef4f8b0cfd5c74_adv,0.04772361367940903,1
a5050f6fca70b60859ff2566517e1168947f4b758ef0df9aa641badfd5a488a8_adv,0.09590843319892883,1
02de4bace3b2b27362464ba09b1a1a5e3e3077c941ddc783b31040dc1b01f519_adv,0.24470378458499908,1
cd8f4da9079cc510878830a12512a7b8dee78d1bcf3e09f65a7c5eadc1207045_adv,0.05005680397152901,1
46b87c7217c846d5ec7b4db2a22b8a9e02693de0df1eb5123e524f0d998a9a9e_adv,0.34856173396110535,1
2229b4f92ef299144dd1aaec9987b0a50f4c4404e95b3a92b0be7c1e534696a6_adv,0.5729814171791077,1
43c387d253d6c53213d286773fa68259e201dc4fcc83bae4a50fb5ed7cae2dc2_adv,0.2806549370288849,1
c3e1317cb855a0aa6c859ef652846ecc436520afe2a48cb0ba4d930748a17da8_adv,0.2992227375507355,1
61ffd18cae1c0f70a1e248d5754c2159b01ac5e8e621f201ecdf6bf088986871_adv,0.13080565631389618,1
9bb0c198b47fead26b120d8e4ea8532c80a914ef0cf4eb222b97ff1a8b5ca63c_adv,0.30452820658683777,1
014df391c1c5a47740e4d063eae9fab3ed6f040590e079be58a882bd7f5a92db_adv,0.6751462817192078,1
f95deb67e5b33a13b438e5b0cc7976caa72d6a7f798ef111f74c377de88920c4_adv,0.8913748860359192,1
2ac905907868168a534eb2df097eb163ce09019751e4cc50050b73b0c8b3362d_adv,0.16362608969211578,1
a30a9018c15e62c24436c9e43763b85d29bfcf40aba766e6f4654b83f75b0a17_adv,0.07571296393871307,1
30f46290a467af6524e304bfcebde720942019367b2baf9cc6a689269f56da81_adv,0.5900277495384216,1
725103b9409a0d2d4fd5ec59547a86a1f615ac48763d50c8ef64194feef861ba_adv,0.5782060027122498,1
d715bbdd45920981eaf241237fe5e4f8768878cabf8ca76aba3b2446271a6429_adv,0.6433086395263672,1
6e15e91e0c562e6a7f37f220df63ad287f75f6d150897c07e643128eb0080534_adv,0.327473908662796,1
9e51b81ecdb3425f6769cf7f06974f89e60ed3f5be7468543ea3c75764d50d96_adv,0.40389880537986755,1
629f52b7b70d1a314056fbb2ef1c71e061cdb91e110aaef806836dfc5db9fb7a_adv,0.7176167368888855,1
d5e602c3baecd34b8f6ae70d12c5a16022ab63d34911eb4c61716b4f104329bc_adv,0.937984049320221,1
5399f888342838c3de9ffacb6a48cf206d50c6aafa0db403cb99b78a11785cd2_adv,0.45831072330474854,1
6d3aad33e43c72cc4ee1e28bf091ea092b795af6963b57730385cb37992da0f0_adv,0.14065448939800262,1
3c6f178e7dc007d3315c64f6c256792bb839a8b0f8e261765897996173b5c516_adv,0.1622622013092041,1
47dfdf0470f30fc67d63cb1d0f50c8e1d5745db987a65d9f107ae942a54cbfa2_adv,0.12422352284193039,1
2740cc4acbce5ee6b6f050863a0b4283620c9c7571eaafda7864f9a71d60b4fe_adv,0.09275097399950027,1
90b051e452d820aa1a2580e3a5247fb3825c1b8e19c21b52bbb6b5c3e725cb83_adv,0.1528521180152893,1
3ae6a9c1327824930aa50e3eeae28e34474ad2360afd510709a2503bc93070ee_adv,0.08123211562633514,1
c51856adbad44821f05989b9cb1d0b2599d9896a48dc8f76c29ee1ea2ee26246_adv,0.19413970410823822,1
1a885566e4c43d890c18ece6c98628809af0823fcea32e1a0f41f861720fd4c8_adv,0.027872854843735695,1
545cfafa07bb2e2a4a3ac04c8b8615aee0297d4d289e5fcbb42ee6fe5fe3b659_adv,0.3972870409488678,1
d3db0e441144d577e89c6f3bf7d3ecd79fcc885039d04ba1158cc5592ad3a8f9_adv,0.6716564893722534,1
63b57992c969ca1e1b4b360bc9165161e1aab813c6f80890a463a3f2f822a0f4_adv,0.02596418745815754,1
966db1bf11070d8753edc526491980fd5d50730a18615ccad4703fa10288b0e2_adv,0.05528024956583977,1
52081de8542da2acc8f241559cab87db467b1c47077a577237326d47f78f3c5b_adv,0.1368703991174698,1
d521888e657bc5889aca433e4832a07d30d0a8532c3d896c98cf036e81a8d188_adv,0.9353178143501282,1
314ddfabe10440b39a6980640e4484bc1dbfc8a10b3f25872115cee1dac52a78_adv,0.056326963007450104,1
091411b267dd2723911c328cbe03211ecf737926cab9adc82139e62033e06f23_adv,0.383442759513855,1
3e948a3fd3ad2d1e0ed6776e01bca4d2984fa637c32fcd96d905a34ebe3554e7_adv,0.6444071531295776,1
d2a8c4de8fccc3c39039db5c848b26d2b75c6190585d89ac8a45b18c0f2c6958_adv,0.09745829552412033,1
c1e0f232249d43e2c5cd5ff964624864863b5b93a09bf73090c617f5a97f079d_adv,0.15472689270973206,1
7ee11efac0cc0a60f4bd77563d504500968ae16093e9940eacc06f44358c07a8_adv,0.2827773094177246,1
d84de41e6b818762d3ab2ec326f87c489e733e89b07c2f225111aaa40f509424_adv,0.07675248384475708,1
15140c476d6bbafc9f8737bf1336755d7c366895eaf2a35694e0723ebdf7b29e_adv,0.02596089616417885,1
461fe886a7ead5e29b11961f8025c71dbbc29e223264264075bec58c8b22e238_adv,0.2715926468372345,1
e0414f4a6192a591b97786ec8e7cc6616ee8a0de23bdaaeba6004f920fa88b9b_adv,0.9714959263801575,1
5057549623b2a1b925fede6093d147040cc43aa2e979dbc9fcef2d8c5fb643e7_adv,0.8865821361541748,1
3b1ed48fc686f7f23d527056fb738f8108f6e4ad664bde163aa8481ae81ab8cd_adv,0.4132062792778015,1
95bd0cc563e98609a01982b93e301199604d66e4771fbab8435b99c051793f78_adv,0.060721054673194885,1
ab1fd560219591ebe3bda60a21c39db7bb9d2f4a49fc9bc978da305a599a50ce_adv,0.443850576877594,1
be11fcb2aa14e585b9c60b566484da2b4d62c9bdd7f0b8c0de3f21c8d5f0bdee_adv,0.19117297232151031,1
377be2c71ef245a9e38aed1cc8a9704808f6ab9816dcd4b8ae4b43fdf0e0e97b_adv,0.07195490598678589,1
1d04ff7c71872007f49b26e640b86d9c82860b3c3ad8fd8be4f4c369fa3bef06_adv,0.9999765157699585,1
ebb5eca2ca225bf1117768ce61c6269c0a661fee0d92940c9a96b6c89528ad53_adv,0.457316517829895,1
e7b2d91074d42a2db050c190892c78ea25680f1e8b122b3bd13f85bd5d27c8c9_adv,0.9664009809494019,1
171c705087588d4c56cb798f07be08229a01e392b0ddee322d958bc7ccd3f700_adv,0.4180954098701477,1
043151411fc1d39edf560f34db2e46911b310c0ae658ef71dea2734470d28368_adv,0.07195490598678589,1
9d86487a5fa5978b363fdff2a2c8267d744c05cf82ca7697cd100ad5c992ba52_adv,0.9995173215866089,1
eae79f0bb0be7b892d3d1edb002304fafd8347ae92e1241e7ce5d40b901f7d26_adv,0.17066894471645355,1
6bbbfad4035a743cdf62d337641c704861941810a1e91e77bf5ea2d936dd2eb5_adv,0.9883880019187927,1
fe90f1f4086e0a2697e229f70475eb10e3aa1f38795a1bd8a58bfe0040bd8cc7_adv,0.22063519060611725,1
4e3b8452e3379707dda043ed568c4a78f73a87136025c6c984a391f5ad6fd730_adv,0.40630850195884705,1
f35d2f7039e0fd5f6d95be4771d8f7274ee34b229a3b3fdbad49c58da524f872_adv,0.06352859735488892,1
253b559e3348dca6fa8001a960a3cf7ffa2c235247e7f838b441684f0bded59b_adv,0.4513470530509949,1
48314274d33b525855ce5cf04321b611e0e1380f3a7dbf07fb35b609be829e0b_adv,0.29118117690086365,1
cdbc049ad853be1d618e795469fb672ff954cc2f820d2e4274d2b7b47edf132b_adv,0.41588807106018066,1
abbf64668646e865aab6c2c8aaba50ba84135a0eee63f2d3f1301e62755b8c7b_adv,0.4134941101074219,1
ccaeb98134bab06708524803a19358d98e83a6ce0c211690e69fe86aca0f2b24_adv,0.052976351231336594,1
d1dc52d0560885ec3f2466c468b91d6c9ddfe9c665991e9913d147ca485f4757_adv,0.10356879234313965,1
f33dd67a68bb598cb22d5998a052b17341422bca163078dd4d11c5a3a6b1b242_adv,0.3846924304962158,1
9b71b2d34387730c5563c58119143196348764bc787ddd47bc664fafc3042be4_adv,0.028833016753196716,1
6a6a93bf9a5d98e6ee8ccb723090b32dada6da83279e19110ac516611649b15b_adv,0.004132130648940802,1
34a3d0991b64c8bc6aab73ecbbf1dcdc1a695cd2ba69645a738e3d35c7c02c33_adv,0.08647783100605011,1
920f7c2c4d1bbce73c33c468eda5010b682840658996713cab38bd3a36127afd_adv,0.06341437250375748,1
cd5e154fca5f68afed111f7a4e02fc48f0963aa5aa53bf66455ecb4e7ce27e2c_adv,0.5759660005569458,1
1060e723ee876e3e42d9bb08b3fe8dbfbd6d3e6042c6edb8a1b159fa44a52c0d_adv,0.02884090133011341,1
4b256570fb65711ba34f64dde02035be1799d180b1d3e565dc16ff16eef564eb_adv,0.2348940521478653,1
6aa4b56f48c1b9e417d12f837d063f8c2cff2c4c68b8798597e409d88a0de96e_adv,0.030519455671310425,1
bb05d9299ed601eb90559a43c5218389cf6e93b05a43034d6e01f5626e087d3c_adv,0.029894202947616577,1
30fcaf4fac766099ea59640a79043abb16144addedeb7153adccee8f66135395_adv,0.3972870409488678,1
c0ddd601d75db876396d90305b62e1e414ee378a5f21ecdfc7c78739927802d7_adv,0.9931486248970032,1
a88859d91f307d30f3529ab44de41a8e3449cea04103f0ad1c7f60ca1cf01d5c_adv,0.13991396129131317,1
f343ed86f7d9b7d110bd8b2a2f41715680ce488a384d2caa1132c1b0ea54a4c0_adv,0.2522519826889038,1
ad5f3416e3efb5203a2c62b222de81fe36756670f451a363cd0d13bd986207c2_adv,0.7543284893035889,1
ecfa02e467b60d7d271c0fa18310da0f19731e73e75e7020e4be0801ff917347_adv,0.4624665081501007,1
fab2c07165f3ef4623c5425ddb511e87a87d7e9d840bd3bf92a44dd4ce0ff7b9_adv,0.968715250492096,1
45ce8adac022cf0222fc4bf4307f90534f72d3db238a08f862ac2884ccff746c_adv,0.2522519826889038,1
2704a7922109e018eacc812491c6d96b60065378ba11654ba0b1f1e3d1361e6c_adv,0.06687144190073013,1
01dccee7d93e88e018d3115c7f1214e47d9cff2a6bbe91cb79f292492cd978d0_adv,0.11438074707984924,1
4cea46b6fb68326f7f6c0d552da2afcaa86a99c5f2c97382f28d454d39acdc2f_adv,0.17763161659240723,1
d82a650b56a8d31fcb6abbb0f927dca65f1c345d12e0e08b8e2a52fdb1558ff2_adv,0.9998611211776733,1
ca32ff6992ba51750113958daf24d31cf9bf249365c3ce14d6bb43308be71ff0_adv,0.012644609436392784,1
06216af46046aa44249f1372cf2398195177d18796a650ca205e11ca15c793a3_adv,0.02307094819843769,1
01d8cdad695b24798ca3e5051ce8b13fe3d3a2d61b7aef05ad6c1eef032fafa6_adv,0.9984413981437683,1
a29397e3070c18b47f3dc2bc4ed8ac9f4173242f08e623f42cedb6ff0fac9197_adv,0.16693726181983948,1
b0d008cae121e5f0ab4e365ed4f88227290aa350f6ee46940801bb24607cf247_adv,0.9997996687889099,1
a7f6adb1183e0619f1e70bc1ad78b4a1c249a6b1e8899830b165dbb0e57a80e2_adv,0.9825030565261841,1
64f7d1b74dab4a3d7a3d034c48eeb8bbc9f75f9f2b5866584149bbfa16d34a9d_adv,0.19915525615215302,1
85a25b830e16d092324c7e9bbc5db51e82cf0a37ec53412a58df6936212a3b04_adv,0.8989860415458679,1
62e9c2ef782cf26dbab2b5e467c514df8c1013a05971abc5017716e972277d64_adv,0.027895111590623856,1
c19d503afdb58d953229517b6d18164ff862f304c9005190f9eb82280f319ced_adv,0.6979061365127563,1
001e6f0fa6dd3452214bd7b1ae6ebfdb2497194de0b822e50863a1581b706d3d_adv,0.037136539816856384,1
941b6f4a292022345b993da4b41c843b393744c5710bdaa583eae01d5cf1b75d_adv,0.6628081798553467,1
6f9b7417e7533f96f68d5241992076cb89f54f3e2d7532eccce27a2d0af3e0b7_adv,0.408449649810791,1
5937291cd0c1a2c37250836f973fad46b942e60f7927febb9850b810cc1f69b2_adv,0.4041205048561096,1
4a3755f2001b6f9cd0981f05576d1d575de7e1331ccb64c3ecb0a5336a42087d_adv,0.030308978632092476,1
95b4e6185635b6fcc5d0060dcdf6767fc80f32c6e4e4f48e66d994e0fa5059c9_adv,0.800999641418457,1
b93b8146c4efe90ae1ef86e4e58739e002e88bff1aaefab469b684c1102b0fee_adv,0.7223684787750244,1
fed02181903ab665113fe61c44f649c6e28eb34b5a0124d25cf1da0944102762_adv,0.03816588595509529,1
b6bb3e7fd3203f1f10d10f90a2aa34647e364ba61cd2aec26d880c3e4b6f9f42_adv,0.18974268436431885,1
bf17afca9af400ff3cbb9e3d92d4a4fd4c87e343db9a4199efa8d9e0b656a1f4_adv,0.3940027952194214,1
56bf0db1d48e8d6a830a26daae839d01fc3662924026456a81a7cf41b512463e_adv,0.056326963007450104,1
a1acd4131707d96527bc5ce7f26aa9c7bdd641bd2c991f6ca12e9999eda16aef_adv,0.4222148656845093,1
50bc3be9ed81fd779c56cc2d8cb43913ff7c22a3ee70e4f79e99335cda6e7463_adv,0.6865022778511047,1
dc2b14a453d410484b3013faa97b9083c1c32245a87af325b696f51403047fd4_adv,0.028833016753196716,1
ef4e170506e0dc4f18cd59ad4bd409bf663617982e46ae2aabb2a5a5c1bb3cd8_adv,0.408449649810791,1
641e0f3631fc7e976fc4ebfd86af0842b9a33ca664a3602c95ecec1978b4d9cf_adv,0.10369177162647247,1
79372fe4a393a8c8501dca5fb94de4396db4f71165ac9fb2c6c8232ba48dcdfd_adv,0.8447772264480591,1
71c0c80f24ebd5dee0b1adcfc00c7c3af69153d5c746c037a47906001f5929f2_adv,0.747223436832428,1
d5c98b098fcd65ab651c557a04b26cb6008c4db5dfc5df8d69e8e360e6e9c17c_adv,0.010282384231686592,1
13b54d206194d334acaf5d4af85028e825d3513470a843bd2d387e46365adb0c_adv,0.09003111720085144,1
2ae0f9ad2278783863fc4c9950958c10535269ea1a66efaec51d94d7135d926c_adv,0.05528024956583977,1
6fa4b9e71b72a4b5b93ce5fe53f923568c63e19847e2660fa479a4bc604dff22_adv,0.2787857949733734,1
388e208366d189a9a0a7cdcc1011a4a9df111266bddb90170cb4eda768363a85_adv,0.2522519826889038,1
258ec1c6ec797a8eff01c6dbe4984f3b1ed02a6c2f5ee76d64df59893b5f57d3_adv,0.9926260113716125,1
7bfbf2d8a6868ebd3d17150b7f142d691d616a6c1238c76bd4fe3703d4acd061_adv,0.416912704706192,1
145c0255ee2f13e5222558b13d9e5bdbe586b45dc50b60863c40d64547cfb38a_adv,0.3972870409488678,1
b60490486ac6e400e6c461046edd609caf2d046bf68ec93d230b2712a5c6783a_adv,0.9936104416847229,1
51a34e5a77c881f21ee3b9a106e1e70657f51fb5ad1750f8d12ffabd5080e40e_adv,0.9999829530715942,1
dfccaefb1a32abcd96991a127c76bececc85eba46462f9dd6097fcca08a74613_adv,0.19792072474956512,1
60ebbb5b63e320810cceb3cbd651a8005ede47b9b41ac5ab259eb26de17dd5a8_adv,0.9997931122779846,1
5899cdb9d9d9db896d64afcbaa8d8cbfef02c3e95ee1773d07e351f4e69058b8_adv,0.5254197716712952,1
92b9ca2a9497f4d90b25282f8a8363e3cb43812e45dd14a1d6786ea9d398809d_adv,0.06922982633113861,1
142da27b021d6a7801ca398ea47ba2552a93ded254c16f68ab84487b88e2fbaa_adv,0.07756917178630829,1
aee955b2032817ba7a0e940a5a57c9413b159b5c60b6fee946c2dd571f971ae3_adv,0.6831853985786438,1
b1f1c0939a10795238761cc7df796502c7e41263aa6c43153b0c5ee6b80c401d_adv,0.4101578891277313,1
a59725871c1d5478f0db4ab2623ba929129511a8576ab838faf36fae582ad62d_adv,0.5237500071525574,1
4318b46accc926f5bfbc169ee495c4b86306626d1264474c410d1d513c7b4404_adv,0.051132682710886,1
be05905c6b76a464b39d0bbd0921bcdc2b2ddb0027a6c38713eb8816574089cc_adv,0.05204594135284424,1
763b1b3b86b9ba91fe5d1560ea574ef9b0cc8895fba62d7ab6796b49cd0e8e17_adv,0.4225720465183258,1
a1a32f89c069eac94834c736e06dc089145f81862eccd18d38725029bc964900_adv,0.23900870978832245,1
7e31cb5971023d9bf6da41619cf0fd0944d20a96be93cbfcf5b8a9dc90b8d34c_adv,0.11282215267419815,1
3a4a5114e4a69b8a4b71afb0caa278988132e78b82b2a5e4333694a0c321b132_adv,0.13321731984615326,1
eb0325bbf86e959287e171fbe1c7ad98aad52f765c052adf0569a638fb0b685c_adv,0.09986356645822525,1
30672b54b41c6cfc31a84697937e92ff8727cea67f882d4e750b3f91e5f28b96_adv,0.12008854746818542,1
14f0846aa6606b53369e7fcd8e0a93024648aa7493070eb1ad1ee3573bf86a08_adv,0.3253159821033478,1
624bd292df15c5c49d988c7f4216d5c782625274670cfe60c8b5491639c15e5b_adv,0.8962733745574951,1
f7a8cec7952338833c2f6a8c413a98a659744cf6888e3b0e9da50d38123e22b2_adv,0.9086875319480896,1
2591f824b9646703db7f9d30620b7866c3c800a6a73dcf98aafab356373b1d6c_adv,0.8962733745574951,1
a2655324acf9bba2872b1730419c8521ae1eec8c2eb186f792ae5230ebdf6330_adv,0.19083723425865173,1
c1bb765bc6073cb058ecc842f8113f9defe42d3ed4120862cd047747a38fea7d_adv,0.9995102882385254,1
c50208b49b0c5cfbe76c095efef6055193c9d7899551b53a692563011b258822_adv,0.999998927116394,1
78e588e049b0f387e3e583f5e60c6c9b1bf06fac4f16ce5ee731bfdf8cead59d_adv,0.6060176491737366,1
f834ce08c2f9043403c4ecb51eeca431a9811ec7265c8c7185154b14b33bed83_adv,0.18859043717384338,1
343c650e6bab7a3fdf70d455560be2d5b4df6625ffcf35595d246fc20905a6d2_adv,0.32162463665008545,1
0246e4a6a1b09d1e4d3f6f69bc6ba926b91d4ab8b6f185121d22ba6d0559ccee_adv,0.9997931122779846,1
d3a194d395f16a3e1ed5631ca9eaf10e55ab256ee4313b4d782dc5a125336a17_adv,0.41254860162734985,1
065532b5884d67aa02372cd3167e5a0e68b2713f82bee9d9c9186b5d2b13b1f0_adv,0.448165625333786,1
d9111dd1d99b7c6c70b44cbc3b589dc3a1c5b47d248241eaa748a31c10e900ed_adv,0.371224582195282,1
90ec5e53162aa94eed3c717a590ab86789fb8e666c935ba560e59a907a1f41ff_adv,0.9993129968643188,1
b32f67d2a4a4d6ea585df758277b76db3a8b6940438fbedb7680bb5d3aff9125_adv,0.5180593132972717,1
80ad1fc0a8f5e42bb9317b803c310b716d99376119add0b11f41551e11cb711e_adv,0.4154185354709625,1
aa7bba3abdd062b9e6afe048c1ba5b3e913099fd83cf6ca172b09fa7c77d9415_adv,0.8671524524688721,1
0f47ff918bf1ccef49af69687d85ee2c8ddba5f23686dff3d53f0d4d3038b299_adv,0.3846924304962158,1
659ff795d9b19f1ff8cd9b3ca3d7d39f275c7363855e68ca978458574b19616d_adv,0.32162463665008545,1
17003612d11504774ced192131cc71bc84a1ae805c37ee24cdb19574e5229905_adv,0.15638719499111176,1
3d4522c18b4a6dfe171d28d09e7c4941cbe2e686b86f01db3e661aeec1bcf995_adv,0.6508444547653198,1
1b9956ee55d3188766fa7d7b96f23bd4faa716ff566c429c5c9535ba51afc4fa_adv,0.01684654876589775,1
02f3c95c72d12b736753ff31bbbadc586800768c668d144d9dd50eb946fe4edb_adv,0.2279905080795288,1
9c0a6a1ea0fc61e0e9b09560328548f34055b3e8ddd6641147842176255e112f_adv,0.9997749924659729,1
01035491bbead812a6cf63f0202ca6118c3c0deb0c4059e84b5d4de08a72545d_adv,0.12060696631669998,1
2fc6d5fc243677b617e4bac008924303d260b561be9e0750f1e5a73904eea53a_adv,0.24983809888362885,1
31ac429e6da65bfedeff972ffd9a1aa570be023b0acf6e40cc7d679b5f703152_adv,0.020186271518468857,1
1f187530026f7032bbc834fcc362a5351711fc5d7335f2408a46a664da16457c_adv,0.049764011055231094,1
17edf6309e3a221697043c94cb4e1827cf9f977cf5f22ef1bc2cdde239e77cab_adv,0.13097147643566132,1
03bbd7816e1539089da1acde19f5ca9c0921a3d6fcc0bc37e793cc573ffffd60_adv,0.15472689270973206,1
3a5acd4f4b2a7c471b9e05063e16f34495e766b2e06a80129bf175f4600f156b_adv,0.9178716540336609,1
5f9beb9d5f60a9f923c4ac623709e022069f229114e07e0ab8a5f97112614afd_adv,0.20737962424755096,1
05618ac4d74a28db1fd29373baddb8ef6022b2102b4057452e6594dab5bfc415_adv,0.9999839067459106,1
1e37b73732d8e3e4169cc834a0dd4288c5c6bf7a485a865c00ab8ba4ba4c7ca7_adv,0.19970260560512543,1
d84b095d23de70654b9ac50d89eac2765201f64f0275dae1337d7b041e93f09b_adv,0.9924625158309937,1
275d65b7bf8bb1577f81cf18eeb02317a6d99eec165e510d790b2b726bf26579_adv,0.6353349089622498,1
5bbeed1b913a1d6be8f2eabb46e283e6848089e7ee45b54ac62a320cbabf4e88_adv,0.1526794284582138,1
522add8f6f02c682c1e5eb7430a941c5a81e933430bcc9f634b3e14a41af8769_adv,0.05594734102487564,1
816a21584e8945c0ff098892f646a078848b52cd76d1f9bacae6e3f3359f48cb_adv,0.07001110911369324,1
9573c7162fd2f482ac5bb145eba2c29166db6dab5cef125267781053bc807c5d_adv,0.029058899730443954,1
253c73a8976730e32c6f77a4853cc86d2437f7c1cfc7fc7d321703ebee647002_adv,0.39091968536376953,1
2c0a9cf4d6725e09277085a2a4f9a70666afc218c365a69a6d254da0b5c909bf_adv,0.031577933579683304,1
0e4d63ff5796c801ef361192804e239952bf09eb6f7f21c6042b572ade9bd217_adv,0.4132062792778015,1
4694f3f24fac80f80ea32d3db2b49c0cd19f5afe799e714b1eba4e8b50c3f003_adv,0.12011206150054932,1
07c05d6507fa202526cdacd3a08aa9b5b08016f445fe67154f4389e34d97716d_adv,0.13593225181102753,1
132a64432aaca0bf95d963f9ef83bbf0bb34f17d3687bb1e55ff4fbe598ca951_adv,0.7312931418418884,1
066b0fb504df8bc085c59e42bcad39050c869da56df328c6783d62b13b77a0ca_adv,0.1572681963443756,1
91c7147565eb4ee1d4047002f3dc95e79ada64e818f397405d42dcf6440c7c9a_adv,0.9997931122779846,1
de114a4ff1cf54f9ce37008890a64ca6d1b665f8799a0eaecd5f83803caa953d_adv,0.9708355069160461,1
591d5b6491eff37f61f6d75e23069af6e5bc4ac2bcc67aa3993903ff71851212_adv,0.39048609137535095,1
f179ce62a3ca431c1f1f0618838858c23814c6615f12ecb674a44778158e2796_adv,0.41277140378952026,1
62df8163d7eda64252c5bcf6d45131d40b26cae6f160fbac41cbc9b976dfce95_adv,0.1394863724708557,1
2e478b4e9451ae3866f8027523317c8bee0bb82db79a9cd8fb1ed2b72799462a_adv,0.8818421363830566,1
e83892b9b60f37ca80990f28c324029065303ee6da5bf328b7c618bca3c3c864_adv,0.5704991221427917,1
5b906240c8c82aa17d3af9351fb13b88f7aaa56b4a7fd7cf3bd0e7f26d9070ff_adv,0.8962733745574951,1
04c44ae0bbc2cc0c10fcb4bded7eb498be1b8154ee3f6bb9813de0d57cf80818_adv,0.9997931122779846,1
747bf8c8294c253774e34081c6301ac8576c7bccc9944c9b7c26d63cf049fe1a_adv,0.0732690691947937,1
01b2ef6fcc0672636268e753412815b5dd2f0bb16551e649e13acd253c851cde_adv,0.9993563294410706,1
6d48d041175b33cc3d7f3ae37c73070c53352d7805498e96b3a34053a7ccd491_adv,0.15638719499111176,1
363d1455b21b3b703a86b5bf8d203766204078a69e8d8c72de873760409f7c7e_adv,0.5180593132972717,1
621e252db6e43f2f19af0a7fced686c83b3f02154f37c39333cd6840100b1951_adv,0.9933151602745056,1
df27a2e739faaa32069922ad6a07ffc75aa2a052a2ef91504cc757c0b38c1f9a_adv,0.41343623399734497,1
51bfafd2771f756e642fc788a14810c6d24e2521165e7d03cca450592f0ad075_adv,0.025530610233545303,1
446b71756b78f4a6bbc6bdf7857dbab2605a17418f8ac18fac32ce2067515bdd_adv,0.3672512471675873,1
d1e59916a1b8020a5a521b72c9940135832a4ee922f0b87916a803e44fa66687_adv,0.46243491768836975,1
f5aa2554454b4d41b959593a57ea65a92d494db1732325601418c8ccec42d824_adv,0.05528024956583977,1
064f417511b540499a05580e954d3085716a2e16c0cd9c886efa99fa7d572cf6_adv,0.4132062792778015,1
dd37841d3648c62683745aa02414651ee563fdebec6b41da4e245ba457ee1536_adv,0.9977128505706787,1
8353f4dc3855d8faf780f14cc8044266d9f71a79b428abd24855606396a2c790_adv,0.44155192375183105,1
5ee70b92524d2246d14af462ed1f5bd0135388f316dfe305a0cb278faf6900bb_adv,0.05747056007385254,1
58ca9ff65675e3314e6e7f8b58d5ed8a905b202dda04238a6ce92bb4c7fd6274_adv,0.3972870409488678,1
fc687f5df121a226617f8b3716a004447de95035df813f08356a89fd81a0572a_adv,0.7478859424591064,1
75d0b184c2c4ec3fd8a0f7566a237ba43da3adbb64ea537842be1a0b274599b6_adv,0.9997931122779846,1
0c313a88a42fc08198792a4662f4c841104aabef17b848c730e4fabd0eecdb1e_adv,0.9179776906967163,1
adf73db64ce4ab0f108fdf409ed40d678b5aec44ce4766243d1aa9cace51bfc0_adv,0.4111636281013489,1
aa5d0102c6bed8d238e287bb777aaa5974a1963a9cc3194314dfaf8d43444ba9_adv,0.03866378217935562,1
32ae64f31be1ccfea9a73c2b952bd1b258e54acc8faf1cd5039b316faaee83ec_adv,0.77358478307724,1
e9017be9cd2c47ee8f5b6330c0e4a22bcec6c1fafce8b3ec7eb291d5434f683c_adv,0.008658139035105705,1
ad49f6fb0f1576ce5563bc90fcaf3c654885006940953b477cdf5372d0928d9a_adv,0.43268653750419617,1
e42f4c4d3944a0a985ae85583110f68dab7cd3223b0de15141e940c0e639f3dc_adv,0.9664009809494019,1
1715b0ed51590aeebf3cdda3d92774d3db78c3cc68b45196e41eaa6f20add198_adv,0.41905054450035095,1
7fa935ee291fcfd2535e1530b576dd8347a0d2c7b13223883b215366501d9380_adv,0.2829473912715912,1
b6f30ae60e45cbf57b3558d2b979847534fdc1e001f730fba4ae88bc7c105888_adv,0.5182913541793823,1
7b60b643ae8ddb0c37343e081d249b687bb309c80db42a7059fe37955835ee6a_adv,0.013965824618935585,1
73dd36be58d9c83e7021de0a75218e45d40b4c1701723fcd567fe5d9000d3084_adv,0.4034816324710846,1
225313fef676fc56a93af61f992f50042b7a7a9005a1f59eef4183fea36bea20_adv,0.04158855229616165,1
4344a5b403abccd24b0d980902c976d0845d0797a86830ad1d3610ad48d6b8de_adv,0.9997931122779846,1
bfa49659724526d0633856ef959f2199147f62364e26a7e58c5c3c95eaccf523_adv,0.2792164385318756,1
f08e98de2bd1899371e7a699d964e1a7281ee9c7290d7337da33449141fce1a8_adv,0.2522519826889038,1
7bc3b6dbecfd7c2d34c4b60a46355e1b32ce1db466fbc245c61df65a2302b420_adv,0.418428897857666,1
e9cad1db6c1c2f4b9f6fdf41cf1fee57fb6941428087004eac168e2e52203b31_adv,0.19395078718662262,1
a48f7aabaa0d52644ff92e1f365c2e4fc5a041353b36c09e3b2dc0ec4f9462f9_adv,0.1703273206949234,1
aec19535233665f3bd5cacaca1831bf472c10dda2742dc34bc4c48b0f122912b_adv,0.08762451261281967,1
5ffb09e9b482db0e0293e5ffbfabd25d68c1225a67b7fb35bc460284d6de6fe6_adv,0.09703322499990463,1
047806b7669d8d0b1e14af23343d9961e0c61890e7addc8908dd731d2900960e_adv,0.46338075399398804,1
e4ff4708fe623509c75383184ac54236f46528c4010723abb48d1966da627d35_adv,0.14420577883720398,1
caad50de4105c188bc3d8f66fdcd98c2ece5b01380872373b9760121970f0029_adv,0.04522428289055824,1
41b409d4e73fc97150bb4b8c63fc6fb5add082f66f96499ffd76d3480c1a23d4_adv,0.5180593132972717,1
c98b774f296241713bb8772c0c065f00fe04db2e5338d58c8b0235a85afd2e0c_adv,0.07195490598678589,1
0fbc02216563e0de6426bf4ded891da09d28c829ed3995f3486a726b4a4d722f_adv,0.1027599424123764,1
c7bcbae43abdb76b9b302e2667a4eec5dd4ed96ecfca8063d9a8d94b6d8075bb_adv,0.014052272774279118,1
f65d7e094b4758cea57d2b68803c50bf992a341804461adc31a8a50351dd92ec_adv,0.33626991510391235,1
da1eebae770caaff56ca6051b7734e342d4f5ec9cbfa62fdc37bc80eb44db22b_adv,0.35595056414604187,1
fa542e0f6330891d2d64169930537523410dba375169f15d238dd9112ebfa119_adv,0.05528024956583977,1
5de138e74f470ff016b0da41b04b3aedd155353c1b80c8cf0dd84e83edd2794d_adv,0.07825542986392975,1
f7641e65fd8155e99cc111627766d070743509645896e366252603f8037198ec_adv,0.07395212352275848,1
f0cf28fe07af3f51fbf5f002452a8d2fc1d6fd47d784228e7f068408eb69d6f5_adv,0.9997841715812683,1
4b4904865894c4f5a17460eb4f67b6615b64ae81190adde1cb1639c4585c170b_adv,0.6433086395263672,1
10d3ce55d6e8a14199b7fc7e7d87a2171585553f85264d5601e47e5d12438dcf_adv,0.32162463665008545,1
f5ea91ea75845acff962d394ff071619899a66347482ab111eba4ff9b5acc883_adv,0.4169248342514038,1
080c65e03d22029c4bf5b6519c38048731467ea38ada2f89ed678c9646573b26_adv,0.0376703254878521,1
8a6e4ae7eded072683c4a1338c0fae8f0596f8105dab47493bcf5936418d3d24_adv,0.5371832251548767,1
c591e3fe771193d8df90951eae54fa5b8aa9cee2a62c342a6017208832b1ef3c_adv,0.013096589595079422,1
a60d33f7d63ffd142de2adbcb1baf1150dbef329a8cd89498746636e998bbf6f_adv,0.026320520788431168,1
0d3548ec11356b0a917b9f30e5c562e931c528403d368620b57f15bad653b1f3_adv,0.40428459644317627,1
a52f1585d4907a9abc82c8beccc078f6d0b610431ebb6ac4d55be5ccd8b8b0d2_adv,0.029894202947616577,1
2a886696b38df3858f0ca19484f24ab0d3ed066726e68837ca17cbe26f0a1a1c_adv,0.1322677880525589,1
1699e1c3131934e4260f37dce8f5d465bc7b14b0e87833e8d3d456b502cecc09_adv,0.08653374761343002,1
ef2d6b6fc260ff468d81172dcd707702d94f402211e59fb42ad2afa798d8b43b_adv,0.9970160722732544,1
5ee6db78adac48721f78440dd0386196e605c340152d62c4722909f19964bd0d_adv,0.39990687370300293,1
7a8a2a21d57980e66cd9fcc922efee9601a5c7890fecbb529796d0bc844b298b_adv,0.6388257145881653,1
514ade2002530c721b934ee2af6ea9198802bcdfba7d63c3d64619dc74eae354_adv,0.2257756143808365,1
d67cab7475d5a52379511d5d14a6736780d19d1054c863ab64ba9813e10ab1e9_adv,0.40757691860198975,1
b9ab2ffdcaa20accf85c764d81d2fb01aeab637181bc1b9f81cd57400bea3d7e_adv,0.024490833282470703,1
92da28e55dbadfe0fede3c3ccbba177a13cee3b00b8f59c93c1890bd64a77f7d_adv,0.9830218553543091,1
52ecc4d32e3cf2568c74f6c06f8185e37f3c1453593731b39280dd928de0e348_adv,0.14303117990493774,1
74a301b3de0b9deb6380506e2085c51aa2315a884a4c0c954e42add0964aff83_adv,0.07938862591981888,1
84f8e920ab534fd6f6b4f841934fd644919d3d9d8f2ae839aa4acc112dc7379a_adv,0.05052908509969711,1
ba242ce1e7e9d96893f49bb9243f4b6f839a085f0199af036d459dc757c46950_adv,0.03589501604437828,1
d668fcfccad25efb5bdeb450c1828594926c4dfa25615dc9b74d8508ef93c0e3_adv,0.3067322075366974,1
e67997a37c3358d14e32e52fee26d43e913158679ba8315229c33cc37d71cd92_adv,0.42486751079559326,1
e85ee3813fa9d5e0c59eed636f197ca1602ab0bca62f7d58902654b67b563628_adv,0.12063073366880417,1
59bf9797d1052f1325c5f28a526f82367687ad1d4a06a16aca748d802174dd58_adv,0.38787582516670227,1
13d65aca416d8269cc9adf0bd1b9c95509100cdce57d82db17ddbf7849f32a95_adv,0.18013019859790802,1
b47a25d901c0380c5a97fe7a3006c907cc852633a9b1eaecdf2d6780554d9630_adv,0.2687488794326782,1
7410ad04aa44be3e972cacf7bd7dec0b01c04bc02507cbfc079868fc94a03131_adv,0.40734127163887024,1
a924d3f6ef857f4a51f62832164ea7e430b979946e94645031f15625c14fde5f_adv,0.026819847524166107,1
f9235606f161519f9766e34438f726f7f09f10b30c9453cf38a74a9d3358c04e_adv,0.42224401235580444,1
e7b0bc9643529997f5b5792cbba8903423f580c37d541d4eb3405100fcbfc964_adv,0.17633484303951263,1
65fe77f81ef19cd1631310018df07650490e3e5e1e1a01d3fc4dbc911cdce47b_adv,0.17660970985889435,1
d59a31c6e76d60b707ef8e041d15a8a7cc8d8efaba15fc7011f02907384fd689_adv,0.11947605758905411,1
0b743a069dd1d45ee13649567e2c28df95548a78f40c781f8c11d91e8edfa246_adv,0.41443324089050293,1
3dbf025401a3155a903e38d937b7161689485ff5c7c59814c9ae2826b43d8b46_adv,0.05528024956583977,1
c65b12cda52b8f2d235d347125ef3ee417c367383a6545185bf8d3fde1bf00ad_adv,0.137616828083992,1
22539fb0ed57f548fe0a088158dbfea8eb06dbafaeb1b6e3f223ecad842cb1d1_adv,0.03895901143550873,1
a8275b77f668181402b415df6e26578ab85f439246b0e31faacab677d34f118b_adv,0.3972870409488678,1
59a335b56d7656fff1573285a4f50d721ef7024134928ad798b0774406c5996c_adv,0.996584415435791,1
5a84629daf0691bb883afaa684f99da5bbdcef10f7a1bd3b48d354cbb42955e0_adv,0.8895169496536255,1
c6536bb096bfcfaf123b9e65ead7a410dfda394eb7eced57fd8f0d45d982a494_adv,0.2604530453681946,1
3daa0f2f8b187e43cff826082b4e674747ed771f5962c324007405fd3b6cf941_adv,0.031021680682897568,1
9425a7b961ab7798a43e93e5115e8f54be814b26f9d052d442a13e4882219d17_adv,0.9997931122779846,1
d278c1a6d39392ee810aaad92a1bd03c65e5b877eb38816a8b67caa2441c1ec9_adv,0.390860915184021,1
eab01685d41d190c3e1b11d81fc95c3d839d94692f77b31d871d94dfc55236e7_adv,0.4329342544078827,1
4392e58cc0f72521cd4b6c9ab36c243e70f0ea356ee03ff5c98e81ca3a7dbfdd_adv,0.05291176214814186,1
0df5830595d1865d400118e9969c631242c99ff9ad683a1ce680921b9f8ebd26_adv,0.1528521180152893,1
6b4b66afb0fb6bc7bb0511b5f5d85cf12351fc7905e6ae6d59217eba0bef87e2_adv,0.04608083516359329,1
4be95d6a0c8937a6970209fea39f94e60783aea7fa1430c0559ffcf08befce5f_adv,0.387980580329895,1
bbab0e565d4b42df7a0a031eb3ad24b9da0abe365cf86e0be4ce00dad9298d8c_adv,0.9902371764183044,1
94eede907ee1335d298bb223bd8e6a48c7337a0c53c9a0ed19a6ef63aa3c2b72_adv,0.44800639152526855,1
75ba3f744ed23f05e85837598e500155c749b9068000dca8701422b8d901118c_adv,0.11463186889886856,1
10bf206c5611330f35c7e304d3fbae48c7b31b8d647d7ad9b654c3d44246a935_adv,0.24560478329658508,1
79dc9d5d47da0596b05e5c33f4d52dc768a896785a06457a38f402c8d36ee3f0_adv,0.9664009809494019,1
0906c04f9ecaf6fc86acdd36be960cfd71d3a710fb96c81f3e3decf0f47f2f0b_adv,0.8580421805381775,1
0d498162ea8b7b3b06bd0a16c0067b80a31901d7bd5acd090bb65c2a0073d352_adv,0.23523446917533875,1
0c9865e5e9e312ece7b7c2bde715e72fdb715965afc99d518f85094fd46d7838_adv,0.05041150376200676,1
d57e1e52d7d5399573a0bd5d832c9504b959743d37d3a9d4a8484556feebc30f_adv,0.08381609618663788,1
5479b762022f06db270926eb9e532fe9ebbf625b7318454fb5427c24f275cf4a_adv,0.1457083523273468,1
887932e733a5b3ca48f7f4b7051de638e5c566b265c908f3b954d739fd743733_adv,0.8955869078636169,1
cf5a4f0f188009699e228d104478e5b7d1cbc84dd82827e0b093b61daba74415_adv,0.09598583728075027,1
22a3561a48a3bf623de3ddb063e7d79ad05e437fb0b8b7e9e8cf6a2ad79cd7c8_adv,0.5180593132972717,1
4c98b7f4f4d1cdb6d6af1eceb7b7d44b68252c2bcb1020248166348350896006_adv,0.4615199565887451,1
93fd4f636edc0a3e8e36d5dd28205f72cdd4abd82e0bd5aec190e416e7109ec9_adv,0.4579299986362457,1
0a5868efb20288e68ba2ffc8204431f28d731074788387ff73498d9d4321c5d2_adv,0.028833016753196716,1
8aa7cfad82ec013080bf4f4af1fa3a14f98f32045722143037b9531bee8a4574_adv,0.5506296753883362,1
04dac855409418fa8cfa74f3a567745765a8324f76fb0090f1c4669024ab2576_adv,0.9999853372573853,1
1e6bd5f23b852eb80061946b70fcb46f44850f910155ad41188bca2527707d15_adv,0.06207539141178131,1
55dd5adafd0963966829232470b9fcb620f5c1a8eaf98b66ed6c35e5e45fe299_adv,0.9995173215866089,1
fe0f544ca1b7e4e6b6503ca1625564ced2f352de71103d0cb2e4ceab019cefec_adv,0.17381955683231354,1
14fc78b2f29bc52ac0dcd55cfb19a4fe52682ae1872e80f0c407ba0bea921d38_adv,0.46338075399398804,1
d281eff814fa184eed1dca56e9efad305022c617a93f41c3cd6ae1fbd1caa321_adv,0.03069479949772358,1
5a89af79c54c15e90f1b05872163b979f68ff30b200f922c4ab9d860aaa7b926_adv,0.09077223390340805,1
96296f8cc527e8cfd788920921013d90dfa8afa39b6d5647c13c2870875a0ca1_adv,0.06687144190073013,1
a9a9383bc73e2729fab3d39bf4e00248f0f94baa931f47b3ddcdbb6a99a3cfcf_adv,0.412118524312973,1
73e0834daa45f2a8598f02ea12952ba6986c32f349570da2acb3a716faa72ea9_adv,0.9902371764183044,1
5e3b999bf01e2956efb7662776d352cd80766074477f06eaa16fedc52d1b25bf_adv,0.031021680682897568,1
a8e33d9efcd6b9ce728a1e552bc9a3ccea9a66ce06adeae3dc6c2b2ba156ecf4_adv,0.2726828157901764,1
8b7d2baa0143f327fa3fc9554bd8edffbd10463970d762c8b301f4988099d1f8_adv,0.423797070980072,1
22bc6d3cf4dcd80ce4fc1deb96310fdf05c0ee906370edccace7bd67f86f4aad_adv,0.025530610233545303,1
0966b80173c2b60fdc9a7ab9dc1b617e37c719dfb33b301e2814210e7958cc8e_adv,0.36914387345314026,1
b3b8bbe3b1ea9d536fc754ad430fbaf6c25553d0e33867a1f5e0172458b5418a_adv,0.11438074707984924,1
a3443f0446c95cfb1c4bd5ae124249451d6925da6dddccbb38770f58a2cdf89f_adv,0.968848705291748,1
2b9e1ec7dfc1e08bcc22a0d57a0abda956290fff48e43f242ef108d5ca19117f_adv,0.04101419821381569,1
130e02afef19e6f2f5c33d0b6556a835845740960ada038a030498ed7e237486_adv,0.1625240594148636,1
c90a56b483a56f6743fdd5d79c11380c5f49fb175c4b3308da653ee91c3dd924_adv,0.02773909829556942,1
6313fa79f1f597486d968812f14ee002247eea380e3e44f7e08104e905f67697_adv,0.423797070980072,1
258ec0ea8cc004772163ccffda803a8248fd0efd941c10b413cd4fbeba8946d5_adv,0.5060145854949951,1
2f8145331b8e37b6bdba5a610d34a15114ab5a179aa44da79b3aa4ce94bb9c1c_adv,0.3157266676425934,1
1d180752ed76f5277ddb45a562fff964c57b415b5474b143ba0acec73690ca5b_adv,0.04757773503661156,1
c6692f955b150ebe071ef594547be1f19cc805a65819fbe1b5fb2670cd82966e_adv,0.010473636910319328,1
2473618277c65266ff7fa5ee18f168c3f0c05d5c2573b9516e29b5a5c2af9421_adv,0.4288193881511688,1
9ed331ac42cb1c104f1d8a59f4100ba28ed7646fed3b8c0c3c2b7ea4c3681192_adv,0.4132062792778015,1
92018ce4dde9d8eacfe58b728d272a2169c71d1df054a3e591f7f51fb27bf63a_adv,0.1759866625070572,1
62fb359f2c8d1e74ed7b7dd7ab0380b465e75e78c46bb92006dabf829a7e770e_adv,0.275259405374527,1
faea4d53abfb05e4c17717991dfdac96f27bc8cf7e50d45aad7831054c5046f8_adv,0.038058675825595856,1
7ab8bfc5e0a27363fef800645aaa69a85bafbd271562aaa2f4777383247b5bd5_adv,0.08786552399396896,1
fde4684945143b8f3f073fcd8bd1d4a399b9c07890bbffda81958365f20413bf_adv,0.3972870409488678,1
1697a8bc98201d05d28711a78c72014238ac63a37b18b41003f005baeb96c0b5_adv,0.6691222190856934,1
1bf9b96b83afbc4922f0aa0fdcd877159f0c06c3523df74eff5f93a6f7b7b653_adv,0.6147081255912781,1
6f35a1e784940f947914b66226135c9a2db96bf67306db361b7d095b4448133a_adv,0.9984508752822876,1
fa283dc14704eb79b3df81ac2024b212446d8c782f0e406248be152845b0aed8_adv,0.1752893328666687,1
a2aba9c1365916e451f8aead2a0837358c72e883e84934d0f46dae400c776f80_adv,0.024840693920850754,1
65423f39b438acb3a6295951aa989f406b44dcb7a73ffca93d0e7ed5b5f93766_adv,0.15557195246219635,1
b1ccf22c241947c635fb63e7116229c26cece75dc32a584e299768dc7bbf305e_adv,0.9995749592781067,1
fd4201d7e0f900b9b2035193517115eafe33a5bcc4937e06d8a7d68ac1d1368a_adv,0.9997931122779846,1
e22359760f952c2053e42346c37a048b9503ee23a1aedb3184f652ec9848eb32_adv,0.15472689270973206,1
a622d501f2c926242b1d21600ca48b5fc52a798a3befd0b616157eb0700bec85_adv,0.07832976430654526,1
b5bab66a6c7815ee4094924d278d1023891b48f49838dd666f16d8a0ce693142_adv,0.3496096432209015,1
74e5f71b3d7e79e4c17e2e6e686130fc47c4fc8c5e7c9e8882688cf5c6978abe_adv,0.3883400559425354,1
fbce89d6be4d76656bee8817c9bf6e071249eef82625d4c488a73607bb4097a9_adv,0.9996300935745239,1
028a906dcb615c175b3141b28e919e73cc4ea03da1ff8619ff8ac128efc1fdcc_adv,0.07504800707101822,1
c0857b407327c3acbf01ddae78763b8820646f5b12fafc4372ed939fefaabc8d_adv,0.013646889477968216,1
b498b1f8a8a102a10b999cc0eaf3d11803149640017fe988717d70568152bf83_adv,0.6884498596191406,1
3bd740bf8cfc70ea27b618c06efc5b76ec85ba9b23edf30228929cb442328b00_adv,0.18342165648937225,1
098594492ed0b8b90afa9edbdd25b4255fbcb6561ccb90b68061a022d67ec400_adv,0.7312931418418884,1
11b7436aecbc50a336c2fbd4d35524f1a4ac78c8d485830a189e6e5f7a79ac11_adv,0.18297222256660461,1
8ad1f11d122b71bb5b5d5933149f79b41a622b8129cef19f16aea14405986e84_adv,0.0640348494052887,1
1f60dba70e89e65394a10617ca93de6064839cf81002dfa71e2828cde2d41fbe_adv,0.41538792848587036,1
39fac5267a69440cad9044789a261cd119505f50db5f0e6dc7907e7f3f6e9274_adv,0.9664009809494019,1
6d6918953bae0815dc45bc2cd8ca682855c2fe5c78e3029501ddd65bed9d4355_adv,0.3972870409488678,1
77dae5cfbad2a996b56bf78e818152e7ce01e79cb9c5f5263e43035375539960_adv,0.9923082590103149,1
b2f85c7b366d02c0fc2f3a24054fd4da9057ec4ff7f0e2c00ed8c9549a30d2ad_adv,0.1428314596414566,1
c01ff24d9d48ea74fa79139fee18c3c7fba870b6dd594d8d0da7339f16cec3ed_adv,0.05572123825550079,1
4bf31d50d1380d153f0804081ead854d6c1d299219336d09fb8fc5ff050e478c_adv,0.11657818406820297,1
fbe9364c6f97c0fe70be4f7486c3e22c7e5bbd842019673ab3b65d8a82d5b24e_adv,0.41343623399734497,1
b781e6d9a3abd0458643abf34f76cdf2bd846790673019cb36a07ecad22b5afb_adv,0.019208373501896858,1
62be41d5721339b91dd61254d7bd5e0d2d60611407cd29feae6383107945c4a4_adv,0.15472689270973206,1
f396b0822e0625120dac85f38c38f18821979eff5964b8b77b41028864bef9dc_adv,0.6879634857177734,1
8b9ec67a479d54b9eb914e6d2072acd6d545ee7fe8e5378b62154ef440004b22_adv,0.9998037219047546,1
3a919828b9a6d15ea9a57c095f133396c19d5de6723a2db8d4897a7469e22cc5_adv,0.10405182093381882,1
0b05e547b1dfcefe2d5d4e4c252f6664c11e414e5738a67beb25d844fc1d30b0_adv,0.0232235137373209,1
5f138c959f4117c58591164c34a4184a7932012a4b8778bb6cb3fd75284f3fc7_adv,0.4185473620891571,1
b62e3bd3d58e51fa3759b4cccdc21db000d2b640ca3913d0090da125b0447618_adv,0.3197406530380249,1
5a1166f516234940da16a309de4fc964cc8a397833ac90d7f5510b15ad77f7e4_adv,0.09986356645822525,1
f5dccac341069e07b234b29cd481bdc7acb08754e8637d67a0c77709323c2842_adv,0.1899617463350296,1
8a6ddd9769da60b277676a971c6927e0ab61fd798171186479aa26ffff458c95_adv,0.21554726362228394,1
c6ade12ee5060387d1f71d24db1103e77fd3d1e492bfbc7066591910a034f4b3_adv,0.8880289196968079,1
93418f862be839052f0ed345dc9408b145fe682656e10b09bca393672aa103ec_adv,0.14590568840503693,1
0cb444d2782c9b496a73e5fac9ff92778670c38939ac7d29acc9bf19826b5f14_adv,0.8145231008529663,1
18a0c543b10db78facd9efa348492bf0634e64516172b46de0bb4eaf706a28b5_adv,0.37762293219566345,1
530553169013e4fd68228a129661d66a57341df4a429af7e2bf82358f733ddc7_adv,0.2834446430206299,1
3faf188a9fe2149b5d77f5396c7e321df82951303cd24aadff783db31341104b_adv,0.28432604670524597,1
2dc1cd25ec200ee43407b59b6c064ca8db78a467caf935825dc346a340980223_adv,0.9998952150344849,1
6bc4a72dc381d28d25b8a369e7e48d3ee6c03ad417a2dd3380fe146a511b7b6e_adv,0.542436957359314,1
4e2ebc989ae1cf87b91f3f769071e01a1b28fd11f94a564359072ab84a486016_adv,0.7571696043014526,1
3f0d501031252e594b20c725136bcb28b09b42f5e644ed8bf2557951d469f2d4_adv,0.9599050283432007,1
f3cfc76d92d5ae06cca71685585ba705e6297e7e41b55f95355642ad575b2b70_adv,0.3308461010456085,1
58c51d5f89c49355ae75dd05a2ade1be6e8c0abe1c26d91ee985d21dd89c1270_adv,0.09787821769714355,1
fc761f24b74cb453825241d495b007a76aff6ee1204a375d06d31eccb70a6444_adv,0.9887526631355286,1
97a539608912a48b0a4f51ef6d14bd8c45921f081b81369e68a7f5209c8ea135_adv,0.25195419788360596,1
c5760609be632a8db1e059c8fb7b9f8e6d17b647a61d820b95abfd6e979099d7_adv,0.3859061896800995,1
371623bf2ebcd1b9c213bfe5e8012ead0127b47f35a425b4e28d234ae6e744d1_adv,0.20713761448860168,1
0f6ce0d0a5fecb750d59f28595f4e4259d37d6bc2473ab49ec6ef6549791433f_adv,0.9935917258262634,1
1db4947cff87017a8e328e2a53c103b6d84e041a8d7492e56cf7bef616df26da_adv,0.31014958024024963,1
0cc62786254c78ff396bf3b5df1dde2d1ea11bc3f8381f8dde60c3ca3a38a771_adv,0.9902371764183044,1
6f9e8a017811d111d1c725063bbf0b8aa628b2c774ea61d7997c49bfd89c4130_adv,0.5210966467857361,1
d23582670e2344f619c4ed0845673f9e70d959d0397340ce22e084c3eda680bd_adv,0.9531540870666504,1
f5c0600d75ab6c030595a0ca9b8d98d56e34acc785daab8e79c48adbc9816d27_adv,0.1547865867614746,1
32ea92aaffcbf64e54d26ff4c23c0bbd0e258208038e5d8ae3f57803410a9c77_adv,0.32136309146881104,1
0ffa3029e9d84a4563e1e0cc39a39e62562f5f2b53ade5029789920b220f83ae_adv,0.024840693920850754,1
9cf3b0b53aad3a2b8c9e2cb9f9afd8f4f86f741da514fd04cad43dc13b5f74eb_adv,0.4769309163093567,1
56b06e20ceff577efa2d905a85a6078b4287fe73fba2b8d0cabceb58f02ee425_adv,0.3883400559425354,1
1b2bccfd3f9056c98f95242aff0ef4430f17f02bb05ee05b94107d33eeb8adc8_adv,0.32162463665008545,1
4c94c4d159ae5a0071e8e54b4d01a3686bf3f8b27cd25494693ef64f44ddfc63_adv,0.4614544212818146,1
67c17181d8c342dbe7cae7a91afc6178036929acae125214864d1b7b16abc5fb_adv,0.9902371764183044,1
70d78e514664c672a56d2396c4bdfabc222d1564a001890c2e377218f0cb9048_adv,0.26372531056404114,1
7a51006c047dd839db23964952d4d817c2ba220787eb2f2ffac8243871c05880_adv,0.9999969005584717,1
96ea1f6904ee85927825295850b232fe39b7aece6175e9f27bf03500fa706de8_adv,0.12917745113372803,1
6a545aed620b6556345d3f9ebcab146bcabd8527e4e873d0e66ea903a490871e_adv,0.24507082998752594,1
676fd8d15e90b1802c59dd3569b5783947d3dca47fb8b8eb49a507ee00f5bccd_adv,0.1422165483236313,1
b0baf3d2c62a3bd3b552ba8f9e55feeb768fc6d45b568ee75e30bbe8cc20a4c9_adv,0.9902371764183044,1
a2678aef55247a25c72a3eb6d7aaa48f6817e80a9ebb8338f6b33e0f4d890336_adv,0.7956730723381042,1
6adc42d19e7f2a7a43d70e3bf00b3fcfc40e1fe160f6a0dff217439aa6aaf31e_adv,0.05528024956583977,1
76c4a69d0e5d521b3e1bc7a753a12a2f7f06b914c17b15ec11d08ffad2274744_adv,0.4531787037849426,1
a0184d36824b1ec7f85d3619a7f03ba699729ec7657de4561281628cb0c0228b_adv,0.1541830450296402,1
7b66eb0f580a5b7d8f4a1f92af4807b689b2a28c6b36c4536990702bf8a4dadb_adv,0.8192156553268433,1
b1243bb2575d6e72b8c69836d49a4b0bfcea5ddcbc6e9a3bfa465b22d2fac86a_adv,0.4225199520587921,1
a89c7c0224055a9678b9998c3b959e764cfd2d8644a658aef2b20437f1d4306f_adv,0.6271612644195557,1
2fe4d8c62396e40e008e893066c8ab4edf3caf79767327b7fa62fb0616e17d56_adv,0.05313479155302048,1
71a666c0567900c649e2430208edb37efa92352f8395b7e6f2d610486d8e0f71_adv,0.9238730072975159,1
18668b1ae57e7ca0cb7dfafd103ce4a37e968f6febfa6ee0b7605976c372dcd7_adv,0.131290465593338,1
a063c86c97dc4da29d375ca1f0933cf5695ecdb42077aa4cfe1c5c9ce6ef774b_adv,0.06290164589881897,1
99e909c088ca77899d1a3524d3dea435d86fdf28a6655bda9c9dd02967595f58_adv,0.20713761448860168,1
3bcca767642acef640bb68ec647e7d7a0c99d4069ff0d43691365f02cd8ac054_adv,0.025636237114667892,1
bd84a4253fbe44a900a2542364e1c9690fad4ddc9eede9457072e43788ad71fc_adv,0.7684009075164795,1
f7dc1edbdc79e7c7c0af19aa0a649d3b59e4de7012aab0a2d812b40c61c02e4b_adv,0.7701727747917175,1
66e90681e6dcdba208e359fc05f1fde3cdbb3bf2219a4235d70d33aec8f9301c_adv,0.08992540091276169,1
5fc8367772f59d999bca4ee2c16f6492e75aa8768c9a0e14a5c04f89b58d5da0_adv,0.3078308403491974,1
1f1fe8561fd5f2ab1ab96e68783adf055fd51dd733817dc6f1ebaae9c5accba3_adv,0.44768038392066956,1
d74be511167f2fae10e9a52af51b88bd7d269948269e281530e9934409db1f4d_adv,0.38735708594322205,1
1a8a1f4c42cc6c63474e270cad0ec17024128a662c5d0c245fafa30f532936f4_adv,0.09963729977607727,1
acf28e4a45d68f899f9b8d5874f5d1fbaa2d3d1eb690dcf8f0fd3f5c064a66db_adv,0.4132062792778015,1
f94d429ede641fab122b56b4743482673f8788117fe895003beeea7894f77bd5_adv,0.08947507292032242,1
8c4cbb6856ae61f9ca52de3da98661f8f1c0de45cfc35a9024008ff44f8d3e3a_adv,0.6570565700531006,1
3528f0aa7dc655777c0e89aeaca524f5bd8ebdbcf2a9710ba65cf8a467ea01b9_adv,0.9673901796340942,1
f1d3c5945697841423c750ee78202b2098f39e956f1fa2d161c9591b65a69c44_adv,0.02604065090417862,1
dd2fd95fe1c37d03726513c03713208e46bbb4b16dd5ed5c7a8110e93192ac96_adv,0.9991027116775513,1
4f58653938025f7a07b8bcdf6e2e08c0714a4a6e785eaac77839911be27dd507_adv,0.8962733745574951,1
59e61a674aeef5d2c41dd4ec398b029ae65086a7f3e13e6be948aab6f9a3fed5_adv,0.008631633594632149,1
d9cce5d7dd98db1145582da69b1f41e2d8609c5b5f18bb5d9bc9d81f12123834_adv,0.3271442949771881,1
8f335bdb0280261abd0516c8ab73e280eedfdf5d16d30e6704f89dfc6c7cdf2a_adv,0.5216097831726074,1
83a6b55d8c64ac0f7b1241c63b4d1564b0707ef35ed500c76ec167be9ce6629f_adv,0.6433086395263672,1
d1e36ec8213435d57fb22a39a22bd0c17878bdd6e3ae840f8cc4a09309dd02f1_adv,0.031021680682897568,1
fd8e3d2729f17a44d8bfad916d5ab3c002c2190a95ae7ef72ffac979549ed9a6_adv,0.44577622413635254,1
fb6ad72950870d9564e5716ff8dcbc37fd7e37c49d145aebb85d910b1cd09bce_adv,0.2859390676021576,1
9964a94596b072b2cbb7411e4731eec0798dc1c35d536b711b554523d6e3eb77_adv,0.05706134811043739,1
152121ca5510e1c06696615ed5e4b78880113622ca9b63a0c7c9083f2e9cd762_adv,0.3946911096572876,1
d591bfd4557c36b1ffbced518eb016c0948005ab87ee72fbefbfe62da97ae28a_adv,0.09916943311691284,1
d27ef82fb5e1da34ea29f695755d42224f107aba5c4efe162c82fbb6f66d19bb_adv,0.2827773094177246,1
09942c780f465d9a0eb3459b35eb6e18471812511591a2c51469bc9ac8be275e_adv,0.9998313188552856,1
50561851546ac2f21e97b952e18ca1b276831d13ef30b48bb8a1e6f10f908473_adv,0.9528893232345581,1
6ba0b950e94d0d6d57b5bee0e285dc1b0a0235792a4cb5cef90fd16d639e08d9_adv,0.1069144606590271,1
2f24a17f6d29da7a2e909d857c65bc6624a3209d33e3cadfb0c961ae9d88e0f3_adv,0.23147597908973694,1
5663288d8e9523af102101ce89be66148ce0617bba7027324555967be1afced4_adv,0.20674946904182434,1
b258fb65ec7856759df0015bf4a3a3ee106919a6d1e35bb39b81600fc508746d_adv,0.23770970106124878,1
cacb99bb882ede69be7beccac0bc7e948cf194a3cfe670efc879eb81e8712879_adv,0.418428897857666,1
21d3f822de47b78b63553ec48510d878f0644c67fdd4473038909c8a7b86554c_adv,0.41015341877937317,1
d035e1c6901d8f8432340fc5afae7e4b6c73bf5125e8518c39ed408d702be07c_adv,0.05528024956583977,1
231138b5ce4a2a96267c7ceb867858132a1b5fbf39a33faddc11f01c88f03789_adv,0.039779093116521835,1
c3ca156624853932c18b43ab00aff85c8ae4001337115ef6db5ac83d554bbbfa_adv,0.6637370586395264,1
21ae5316f319fa8f7f0c7f2f3a030de614907ae59477269606a4e17575bb7919_adv,0.9997931122779846,1
277fceae388a890f62b735f0defa143c4e6fa9ba7315fe658af064349927fc5b_adv,0.1158110573887825,1
0225f503e6ba1344333a8cc0b269464f95b5f4c1b0b380efb0e2a4460aec15da_adv,0.1512944996356964,1
cb1968658ca65a9d9c6cdad22fa6f7ddaedb4c60fa720daf2873b49d746a77b0_adv,0.03848744183778763,1
68c4e91ad733cc9bcb8568ec8581ba1aaa93b9bb61f3f805cd5dbbc919a83114_adv,0.09647189825773239,1
f87f1b46903f830f82e60bacd63c8d096915a609f81f326d8cbc8109768e95f3_adv,0.41282519698143005,1
4f3bb3c7a6b3eb5929782767b789d2d4d9388a2b65ef613aa8ed75e475257173_adv,0.6626919507980347,1
0a59ec3c9443bbba1071a269e034b7a34948c8f5488e2d412438985d5731148c_adv,0.22846245765686035,1
4b8d0bf86c6f457688163479115774045843ca6d91e7068965aa19be41168acc_adv,0.9902371764183044,1
821ad3da8a741814a2516eba1f51d6dd5c3d0a58e6672db8f0c4d45428ba58b8_adv,0.011493279598653316,1
b9fcaf92aaa4bf7e9bb0b2e2fe7839314ef5b2073d15648458d4bdbcee089541_adv,0.3217736482620239,1
1311cad6a4f128a22b89d3f7172a2a418ebb9411f8005b1c5d1aa09b9390c937_adv,0.4554908275604248,1
3a9473e92ec0c2df983502205614e0223b63c5eff2c7591cff03d7a899931f4d_adv,0.8995763659477234,1
aaf9b1fea08fb75ee1e9589a9cb07cd516f010aabf6418234fda64835bd8c206_adv,0.9997863173484802,1
e462622eee5944b33083d5118db5ccd8cf2617c74d0d3fada5f72b0f16bd70c0_adv,0.056326963007450104,1
6f883048c563390fccd86e57ca71e5cd19613d27d0ca2a23ef40b6b5db8cdbe6_adv,0.15472689270973206,1
6a400ecda11571b3c803ae0979d308cae7e6d283b88ebedb121b2fc0735f64f6_adv,0.032379794865846634,1
62c814d3630580c8ec002d984a54d4a4f46ad5091cb5121ea79086e692472075_adv,0.030750755220651627,1
801d8cc1d50c89a6e22353970da556d5d1537ac7e0e510e1c32527a1fe3a1f51_adv,0.010750203393399715,1
7a9d1d3c996b350fc6822f834c4c254d681dfc76a0234835f7d9b7901d84cb1a_adv,0.9999806880950928,1
17a61031136feba0a73a520cbc1cf097ba2ae18ed2decebbc4b4fe17099b75a6_adv,0.4124191999435425,1
16450f76e1a5d012cf7fb48eab333c9c61e034ca070edba5d8ba9e0c2269337d_adv,0.09703322499990463,1
8975bf3c0e7aa4c0e32f114ab0b0ea568593d6477089f025566b9c6afc1aa277_adv,0.07290275394916534,1
6b1989fc0c05db71404df9d0fe940619478797a74d204d7499de94656676c730_adv,0.028774715960025787,1
ad5427d69ffebeb558d11271f12c337891960b65a88c4750d8d26c56c43802d7_adv,0.2665683627128601,1
f985db896e8ca93da4b280bf48d46384aacfda04135a943c6c6e2b3f82308295_adv,0.045224856585264206,1
0a356c30666673843f10d08e99c237115ca4ef1be983488c9a113948c72c0e06_adv,0.5780776739120483,1
bc0f88218d28ee9754f3f9f06cf0e07ba15fd54ca7356e1b67a6e14624d5ac49_adv,0.07648297399282455,1
3468b57a70a2fa772a1852d18bfa6e183afa4249fddfac968c08991c698f89ac_adv,0.01303168386220932,1
bcdf4775317c33bb969e895d53b8478c9657d37fe688241c2b8cf14c70207a80_adv,0.20830273628234863,1
fdd31d6c63209ae5027938d6651d09d938f6d91601127559ce831d2127678ce6_adv,0.08278266340494156,1
ac3e5904d723eea9e06d3291b658bae3d735f7957c166eabbd5dd46292b5445a_adv,0.41572678089141846,1
fdfbe2a2719b419f3d929ac26e385298722564e01992df945cf08fc82b2ad52e_adv,0.014294177293777466,1
3a4dbc5f082e5a604ff216bb139006d2789aeb53c5cd1bf03dad1bf1d4c511b5_adv,0.3462776243686676,1
67f0269fe34a10f7da853148c842b5da8db413b775eca951df991f38a6232a72_adv,0.999835729598999,1
a07f3f59de2ad94ac07b538c08898b0dae36fb50d0306090807f114e4234a47e_adv,0.6662047505378723,1
fa1bf606221c18e4572327b7769ffcf5bf96213d905cc3ac996afe5e1fa7afbd_adv,0.996576726436615,1
1b5acaff54931d02df82663ddd8f8032ee53934e007a76c2df97475cd450c06c_adv,0.9939776659011841,1
49244a51975ac6bc4984d828b3b6ba8b8080e1d91a1e3afe6170f6e6f4d4561c_adv,0.9902371764183044,1
83665d979bd730346ab66940f0098ffe8126602e27eae0777e2c78b4a866bc6f_adv,0.5831469893455505,1
5ea305f21180f1ca8018229c642d58292668bb52ba42d8638169459907158737_adv,0.38787582516670227,1
91fa274a7d683d544754f90ebb434055fe0f95daa5b6d84bee2c2fb0db65a584_adv,0.1660723239183426,1
c6b99871d159770d258d0b9a415a89620bf59045649d7b92f1c9d5e64793564d_adv,0.9997988343238831,1
5ba51d965a43426865b24364ef2d2e18e7c3a3578075c05b0003be751506352a_adv,0.15446463227272034,1
be99663f29e0c457304680c8004503ee478a7601e823e39d9ba2f7f20e0a7a4b_adv,0.21827509999275208,1
509cccc6bc7f82e14eac46cd9cc59133be8b2ac37b7e6214aea31492098d3171_adv,0.25195419788360596,1
9a2be2e87d82e65b072c45ba42e18fa03be88c97a052161e3a178512aed75d3a_adv,0.5407141447067261,1
f00bff99f0fbf4d92eed525731904b753413f73e07208ba8ce4ab4abc72b0053_adv,0.15472689270973206,1
e7959b50b7d4ca008f8db63334141f71c3567e7cd2835333b8d59090166865c0_adv,0.6389984488487244,1
b4945311956512602574a9680c4110be5959e2f2767629635d9efd7ac739c961_adv,0.08131153136491776,1
a8ab4254e77aad8be02a250e82de074e04c086b8fe341159ff88a44ad267b224_adv,0.6297683715820312,1
032703331e26b28661519bba0b561b9919d787560bfe6c9e43109315bb8f2c30_adv,0.08984287828207016,1
8aeb206e34c94a9da13cee64fdf0761efb0f6825991d26439fbf0533489763b6_adv,0.11678479611873627,1
8a5b1f7605184038cb638d765a23f26a3d3270e545ca7343178861742ea5dc35_adv,0.4251869320869446,1
44937e53b82a3b73396687e3c36daef50f71931787591119649a677ca334cf36_adv,0.1595001071691513,1
bc4f6d8907aac0daae5208b51ab357c36ef10bce3779e60afee5d0445133bb1c_adv,0.02520802430808544,1
d95ec69a8793caebd4b18d3851f4d8b406e7cb11b927f073611b07ab35c3c9a5_adv,0.6524006724357605,1
40c28d004978ed49e8c3f68fccc67f0efb1a5f5b007a725b4a028f403d52bc7f_adv,0.13047382235527039,1
7fa7c7ddcc03d4e6f3d1192e3b5d8e73c20eaffe18a2a57e7412bacc913e0585_adv,0.5285506844520569,1
ab65a9562238842a11c3e9031ad916d2527f97142769bc4c5e273092d846aa2e_adv,0.4210425317287445,1
df767113fde52eeabf738ed03943b89b916ae91482673073c98f1f60af1fdff0_adv,0.2793416678905487,1
eb87669cde34d368fd66d311b035d98bfe0c4aed6ce9fd865be7cec03ae82fbb_adv,0.22893822193145752,1
ce07524727c75ec028f2d8f7923a9361566f5ab56cfe46803cbd352087befec0_adv,0.24651576578617096,1
f29f614ca58de4e3b6e482e0576e94218721234515934986ca67c0cf3462d430_adv,0.051834240555763245,1
133e54a88683d88bd3289d25f3a092f55d770a235bf48c1de2d6d19df0319e8b_adv,0.972564697265625,1
31c3e8660078dc512b7dcaeb00a289c4a47ba467866112ede0ce4b906e2c2984_adv,0.09906327724456787,1
97c295dc0aff011ea61c817895ae03bba35cddfb6df264cf8a838e72ba63dd8e_adv,0.9664009809494019,1
6c9e5dd2c9937313f3ba01f340f716f0a015864dcf3650d12cb5b1b83f0cff59_adv,0.5180593132972717,1
96e6bf8127fd676778447bae223fb3656e316a9007dedacf8ea3d3f1b44e9353_adv,0.18737490475177765,1
587fb00fcfad9cd137b75a68f27c0f8325a0294f9ca79a21e9485259e5559ac9_adv,0.36782002449035645,1
faecb40f876ce18bf06bc76902e5aa266255013d0aef706be8c91147ec1a5532_adv,0.4066998064517975,1
2f956cb5e0ee17bfd54482e5e1322384c4462444731a669c7a7ffc5e08c3b79c_adv,0.294747531414032,1
d2ea0a1608fa5b208311fbcbbf4c244fe1428a8bc46c03388118ce7b6bca06fb_adv,0.031021680682897568,1
5d13d40b62c6dbb52bcf433768b05c1fdb96286979da9747d42f578ca2d39cbb_adv,0.8200051188468933,1
ea5577378e0ccfacaefa0ea58df31d18c59b52d4614992d82e705363af09d80c_adv,0.4418957531452179,1
0882ec67a8a8f40aa9a0e8cf84960f610740d7565f49ebc995beebadc7e033ee_adv,0.3786182701587677,1
b8b0aceb498b5f56ab42a815277ceb25ef99f23fcbc312505bea7aac424fc16f_adv,0.9994311928749084,1
40b6b309fa77b42d0dc322ee27f0fd052b761343355ef692120d743d94b67116_adv,0.060030318796634674,1
67b5de7bb221ea5c50d29814aba975970879edc6f4b2012736b519f654e8c223_adv,0.011890632100403309,1
489b68f7d2c6abdb1f99df577fb45307e55026d750e2cdce43e606954aa67c02_adv,0.9984877109527588,1
d98a9e360a5ff0aef0aeeda28cb140febbf188258bd260399fa132ece544a251_adv,0.9993553757667542,1
a31b7baf5192456d3517735267dc3c2025c2e181af4464c4473f1a22b9d1ee62_adv,0.6598778367042542,1
7f292ac8599234087f94a31e73991c89f350679c91bed6580ff1dffb6278ae54_adv,0.04528949782252312,1
a857beb52bd3747fc45de06f79b8a7d3b47ac5007eb559cf60f6dfef92d598be_adv,0.23338119685649872,1
2d87d14164cec8a71b8891c000996fbd206e74dcbdfef07ebf718e45685dfeeb_adv,0.057275548577308655,1
0b0bd635bb73af71bc7e5d503b171517d28713c62855d3391c3c4ea3718bdb91_adv,0.1726716160774231,1
f588d413d465e8c7820d20f604413bf8b96300a4c590eaef80744cef1ffbc783_adv,0.018296508118510246,1
cf682e1b49f7463c1db32c8c585783ad81f900be19be1e4e8acccb3e40e332fc_adv,0.7851600646972656,1
98cc6d527511531998da729eda9d39b24a6892e9dbd5c0e2a1ac688955088466_adv,0.741114616394043,1
5649eb43db036b0ca94601f3e65a1c685a2715a60816bcb8cc7ce835d006e038_adv,0.06987428665161133,1
7f01fe58dd2fd13f7a38a9f5096055eb0793c8df09ce3d9dd6d8eefd355de171_adv,0.9179776906967163,1
e9379dc504aeec376a735920d457e4f8c57da2beb83a0c9d15fa2a9e9842a537_adv,0.3972870409488678,1
7a117eae31fa4afed4ae5ca8f45d359b93f62b900f80dddcd7ad51587a678473_adv,0.4132062792778015,1
a65d7d5fc47bd3ab4aaa4727868ee8fdcc94e50852b94702a9984926f8f5e026_adv,0.027736354619264603,1
fe11704fa4d1de1c2d3dc41b54e997b4c2c31db090aa5baf889136436b9214dd_adv,0.4132062792778015,1
e1946616a6d567695e4de49f93b08fbe41c4166a7f83d2096c4d012e1755eaec_adv,0.96546471118927,1
59c8154432541a19af7d1cebf1320cfa93a36e9fb77afd3afccc84240ea6bb63_adv,0.1027599424123764,1
bf6bac356245ae601506e25ad032c70353a11d2070006e25b327202fd1ffa235_adv,0.46926766633987427,1
8e458318ba9d605cdb35ce4428ae83dde5ce4c9ccd97a2602ee983ed2cc2353c_adv,0.019357830286026,1
09d59329858f4db9b7cb88da7ff09a05d572e2a43f651bcd229f0df7998afb65_adv,0.986161470413208,1
a90c92d87e1551ea964f4c7f438310fb25bb833e8ee3aaadac3dc5cdf903fde6_adv,0.22076818346977234,1
ad35706039115299f4a27af4e3f5a5cea226c41dbf5afedc0813cc59947ccb64_adv,0.9997796416282654,1
971974309fb9555fb2adb940942067cdfacbfe40bebb4993ddbdd65c54718207_adv,0.2746064066886902,1
e2c7735199832f13d97b0ee292e9b234a5badb2f8020268ca43483f9a7162379_adv,0.10282550752162933,1
cae4c64998575ccf846eb379e648ed1a4e3cc8b37d3118501d0e8164483aa0d6_adv,0.8404145836830139,1
6485a1e3dca7c580973ef1764560f5c5e70a56168de49dd1dd773d4ae48f1bff_adv,0.1289544701576233,1
d611cd9a8536b0c58515eef26491ae088d72c7c9012aecd4e4a4fea00af53395_adv,0.19476160407066345,1
5ce5c5a5ad6615fe0f082ec77ad0045ed0afbdfaf060b423a95978ce461663a3_adv,0.06927840411663055,1
9b27e7e948d782ce81a7eea599c953318848f8841d590a1d5cc57276ed307ed2_adv,0.7044197916984558,1
763915bd27ef44bd130d46fc993b180b97dd14560c066440eb4558ca2accae04_adv,0.015946365892887115,1
48f10e7c7ef6ed9511fc225e7b8ef7be39d32a3653febf7307a784c1d9eeaaa9_adv,0.030308978632092476,1
76c90fe4136b3f6bafe493f62233a7bfd8138c41092f442320185d81ecb60ef8_adv,0.09745829552412033,1
0c9137b724129371b0e5706c33420c44adbe52d21b8ca255b26d5c7df9a81036_adv,0.510151207447052,1
6ae17c76380a4d6af8359568c41f0a77141b4475fb9290429ed5db552442fac1_adv,0.2522519826889038,1
d12c71e4010305fa83cf34282c5b776724535d981b9e8c44b74680fe00c05969_adv,0.9981381893157959,1
64dc64ef449c13ccf53f6ae1281875bc49c98e3867b569f96d8b9cb0b63a7a15_adv,0.999968409538269,1
68e893835bb7b86b727be387305cc183fe22ed7bb4c60663d803e3577d50f113_adv,0.02596418745815754,1
6a98e423cd206ca80e6d6bb3664f40ec63db027c62cb1afbf756004272990f74_adv,0.4197719395160675,1
be9de95dbf3f27f52929d20d793e047d3fcd047071c5a032f909731fdc580420_adv,0.4222148656845093,1
b7104f1c2bc92f0a1ebf5285dde7f772b94fa48d6ef8bfe1e8fc1760a9373d5d_adv,0.6706078052520752,1
182cf5b6ab40b8081100e5ede9d06b588a12ef25b89c2d01530ff5b88bb8d576_adv,0.9748165011405945,1
d14cf987e7ded37daa6488bb48e23c2235e54092899809c9a8988569223c5612_adv,0.1899617463350296,1
e57ff90966a18c820e39de8fe37ca590f7b78f71cfa924eb38af1806eca1221b_adv,0.5743123888969421,1
d691ccb60b0e8b7c734f47a9ad4ff748b4a7cece5307bef2995d7b0e72798c42_adv,0.9190744757652283,1
2ddb3a45a952140e97e951914f596d6eaf2b8d46435e78cc9c4893590e276ec7_adv,0.04304201528429985,1
d886b10cae01976a25efb55a09890d872459ba303506ef2f06f287b829a429a0_adv,0.2757616937160492,1
8573c005f67bd19aac59636ea63218e7d842c84ad73cf6063a05ddb2b0b77473_adv,0.03210391476750374,1
9d5b8044bb44475191081ad16e7ace116811cd51d213be9d0368ed640c5fe883_adv,0.09918131679296494,1
5fedc6985f7a1031fd72e45fbb45d0620f064eaea53b73150677b87ff77bb581_adv,0.1554742008447647,1
88c34fbed4ad623ca7b53a4c0e186ad7bc27073aa31a574ee778859736d2e5e7_adv,0.4081234335899353,1
2a1742ac4070226353c139f33b97da21380d5d3b34ebaf142aede32719f47b42_adv,0.26869523525238037,1
5d816a3f7622e70db776d256534aa941601978090da2a07529a0000ddb679138_adv,0.10124499350786209,1
002244422c5146be2169340c5438f65e3103664b6af768493d615952168b326a_adv,0.05852782726287842,1
e35dbf654ccc1258734ea0358a58361e6783613ce74847e0b9081b209a8ea041_adv,0.5222423076629639,1
553ef04cd5408aac0fba0c6a816c272902917aa4e593ee0ef7950701b4d624fb_adv,0.2880443036556244,1
db1050ca6f91742a4714a5cba1ffa32c441d2752d7a4dc6be2b770431f6b32c6_adv,0.34800779819488525,1
4083c12255f793a5558d7f38e6d441d9ed5f13c088166e271329f5ab43e06eb7_adv,0.02935118041932583,1
1bd7f08fd3bfdf10aa8b9027b5d2de113882cc66d0f6f3507be6e8eef07ff5f7_adv,0.4696947932243347,1
2af65d4dd3f65a059ebed8adfe6722d65c809511389d1579090a4ebf30663486_adv,0.07104601711034775,1
9595938ba635e831eef6a478eeace6b4885340835ff1aedc19bc7f8b3f7c93b2_adv,0.028024712577462196,1
e68b99aa72d859c90df226562e91feb0a4795d627a80fdd74fa1405ad758f867_adv,0.08647783100605011,1
f52609bcbcd5eb1478735b01bf1089b50eb007e62d622d09f5a6be46c6345120_adv,0.2785603404045105,1
8df62af93b223fb09d137bac5388366f5d5586ddf77ee5527a9a007f9dcb9f38_adv,0.1926552802324295,1
07615a49c93b161f9072ef5c4932aadb04849f5d1d6f9019cc91dda61e0e24a6_adv,0.03405733034014702,1
705b6547d28daff3effc82adfa01eb95fbb7712975b608c39e8d8d747a402985_adv,0.05535241961479187,1
cb86c3e1a9d35ad0c40fbb458bf972a640aeec8694cf6aa9381e6533398b1aa8_adv,0.11264354735612869,1
eb0752304142fc733335d471c4f2cad8982f3afcdf5b32adad96787508249811_adv,0.9844648241996765,1
eb8bcfe75981a5045ab4d1e0737a6e47633d040327fabf3f068616820cdc54eb_adv,0.9942031502723694,1
1e8007b7d15abb2f22158a8c642ea0573f009439c882e1855525e6bee4fb10a3_adv,0.32162463665008545,1
aea805e9e7c207007ee9f4e81923434bf6155310d81d7569bd5fe49e0f178b1c_adv,0.5296292901039124,1
0e2c7356c34131c2be64e1d3584e241538c34417f807aaec9d0442063798f809_adv,0.4055481255054474,1
9057dc6ef80d0a89a9b69e95e1b29e9a47f1c2c363fd669e59086b13dfe38cae_adv,0.18874754011631012,1
8e995d6af41134469e8016ee7969dcb060a9e86c9d84cddb1e70c26558011c27_adv,0.056326963007450104,1
22a062dc9ff0140ff987b31bddb75d4675b9b67f7e4a006890b8791a24d6b30c_adv,0.9371499419212341,1
f4949e5133d450446c2a97605f543c2b50b3b8c696008d74298bd71b6665c01d_adv,0.9995102882385254,1
0e77be464aa0cd0607ab73f577b8ac2ad8446d11dc9fadf2c301a05c1d67a6be_adv,0.4132062792778015,1
06b5e158c05af37f8583ed77213133076e0f2f9f4f194f3d744afba96f4d51a0_adv,0.14529496431350708,1
99f51014ea38eef94a06b76f8218f3a69c7b946d357c69a4c8accd756ffec066_adv,0.4132062792778015,1
7c549774656d41d3883b1b479a1170c08d7ef0d9f133e8e0f5a796503a5d3d47_adv,0.36670199036598206,1
d4ba67622059d80ceaa94673661b5efb746ef40db681a89bc875e29e8a3fe4c3_adv,0.09358050674200058,1
ba421567d5b4ea1e3efa4777809f4e6e243465eaee8e0442bdd486883878d6ba_adv,0.15233881771564484,1
3e2023228b92cd768b7f98906717d242ea9e24087b2ef444e31853acb7ed2481_adv,0.7968896627426147,1
c372668078ad42a57cc1c78fd5423db342e0d8b911d9dd24aff9d316cfce89b6_adv,0.24034099280834198,1
ec8d5c0766d51e30882a3f66ff5d9d519929629a4c583c7b8757f7bab6d08ee3_adv,0.22975865006446838,1
239f769bd06c38eab000957b90e7eabdada8a4d720db181108b57f0f2cac3f64_adv,0.19423072040081024,1
f61b84a4ff017547a0d66f7c2dd0fd876af53042458166f106d53ed5c23d62a3_adv,0.4339781403541565,1
94d69a37dd243aca65fe59381d6dc77a65bde6b2b51f819a072173dba2da1103_adv,0.045180436223745346,1
46331c301a2e174787a444d7078da3cf6b87934ab07ae14fb20c3f0895c41228_adv,0.4132062792778015,1
dc8407aa1eabc66e2c9ef86ed8c9484e52b25a090b7d24493de9b42fd1946db7_adv,0.20557279884815216,1
6d891222dfa3af8f2a57ed036185dd1a6776342cf641a4ec1b4782aade5dd3fd_adv,0.4111636281013489,1
d9178999f30f3f947432473ca3c9705a71dd53a4d855c7cf2c08a2708abffe5e_adv,0.09183473885059357,1
d942498966a1fc5a2df8d104ff735b4417197fc194ed44a6b6048d8e2898cd6c_adv,0.06614486128091812,1
bd89dd125290f956b552597ef7d3eda04aec3166c7d8ceb43f3e0e76c416f624_adv,0.4132062792778015,1
d6ca10c246b98591645181b9e9fadd9bba88caf7fa30dc3f87c1704a761d8d0e_adv,0.08756814897060394,1
37fbb019f33a57fa1f3a2de91a91d1dae2690dd1932fa4574ad57a68d053d4e9_adv,0.4126562476158142,1
27aa15952ae16178922ee52156b484e2b5cdbd870e914181604acb4ce8efd5eb_adv,0.21820580959320068,1
8c46ba69dcea769c2cdc58dae0179cef8a69ba4a5bbec547c4d690a67dc29d6e_adv,0.5357820391654968,1
57cc52f7dea8700929018796f9b16c8bf1fa51a9576ffcba992dd61c686caf04_adv,0.43939316272735596,1
f9ed12ddf204d01cd9c4c3dd3a83149a152a2188d987934912266007f9ae5cac_adv,0.8479645252227783,1
e299742f37b69a821ca548dce2cdd34293e08370d0e625afb47b1a497658dcc3_adv,0.972564697265625,1
d6a5bd8d4a6c672adcfd36ccffab9135b274e076352f0429990ea74ffae3877f_adv,0.05042185261845589,1
d79a2284773e2fd3be2e91f7a477c4f6d3a0c053d628d8a77e27a980cc5ce4f4_adv,0.14318227767944336,1
4e4d42d9fddac75c159e0a966d05c488e3329f75872e54c45c2a276de711c9c1_adv,0.18764448165893555,1
603f553bf69cf6190d60c71ad1437acc26489a06bc195e4e050cccf34f7b3a49_adv,0.07195490598678589,1
ff16221157d6d3ddae795b34af8313d1eae1ec636b18babe7d97d05f75aadb16_adv,0.05302256718277931,1
9136394d41c8c66d39e97f2d9b277a5f5f44c2c4a05826777ed482bdc1f26d83_adv,0.9995473027229309,1
8e279e86206f7951ea78963a67c773f32995afcdcc5170bd09f84dfb5a1c2ad6_adv,0.9996781349182129,1
08e5f72978c148bcff7208e3a7fe377ec6b3a3666596530fdee36a571773eae0_adv,0.5008113980293274,1
f3919fb8affb5f631aa9f61d13ad4bb621559477c4ba774d49e351d353af4080_adv,0.18318280577659607,1
990e21cf94e37a8e74e7057cefdcc80e0a42e38be7f59d86142d9bdbaff03469_adv,0.7820412516593933,1
d04d2a0c77a18498539937fd2ad9e29722000bd9345d625a414cf16e33a8d549_adv,0.9638444185256958,1
eab00cc8d994b4cb62dd482781d1b740a50fadec25cd519022ba4491360c6fd5_adv,0.15963198244571686,1
de0598a52c6a20737dce3af4672aa3bffd4a34a209b2071adf7d8cbd913c74dc_adv,0.048902347683906555,1
c47d2c0fecddb9d98ca9267a1ce1c103b7d2b339344507406e62d16a2328b687_adv,0.06858991086483002,1
6d5f534ce0cfe3b7c2dd72adadb2c564b944e73b8499f9c19f84170d59db996a_adv,0.1446983516216278,1
c06e4e19cf704c5f3bb5048ee1ce96e49a5353bf6f69e77396dd30c75fc918c2_adv,0.31063857674598694,1
c5248849345b2c7756aa1888eed4a217a1507be4b58f427a77161f933a8ddb68_adv,0.9476974010467529,1
64591ca22922c7dae2797a3656a93e26a8e4a2853ab1f502292d1e4c18f8e3e2_adv,0.02842034213244915,1
05e0797c494924d35cdbc8a17e67f67e5800f4e9cb3a58004035a9def2ee7ca3_adv,0.05528024956583977,1
c5cf944fb9657913a60782db846c52a9a423cd859efa2366bfee95b0fe348821_adv,0.05460819602012634,1
2db72a75b87f766f3ca315fd705c6551bc07461eede1f30a33e46c43c1901df7_adv,0.2099635899066925,1
5174c8544d0bc3f44cd056d951fe356faa366575d1f4136443d520db7f1c10d3_adv,0.10941404104232788,1
7dde59d21582f0a83271594e9aeaaa82d64e7ebd51e1f60cecbcef603ad4effa_adv,0.04074886813759804,1
cc873eb2f924d049f75f31737bc6fb26fe423acbf7a85bf90b197f9e7e0a2192_adv,0.9179776906967163,1
f592ea2a2e5be2461c4fd7816e06f16a94704bbf99d9283d352089b9c9e9b4bf_adv,0.3972870409488678,1
b7cd1ccf67780e9f6e715e60db0103abffea757ae612067e89e98a2328acfb8f_adv,0.3913922607898712,1
5a19aa2731b26699026a2460bb08bed2d8748c8eac388b5b6fe8e956bcf8b96d_adv,0.26282578706741333,1
86477523dcc287e87b32d0a8334b56e4692ec98980b6e4a5f55c2120ccd59854_adv,0.2191396951675415,1
9e747a21d105da42b1d197c709bd7949e4940552777ee4e2910c034106ae15a5_adv,0.9995173215866089,1
664e6a39282029fd01cf07bf5e86fcd071c53366cb217ad94946d59258d4bf75_adv,0.04525906592607498,1
da5f163b01a06bd382df2f6d84c8f7e6069e3d3554d568b83709507aab92d162_adv,0.12135391682386398,1
c1c2e3e50bb115d43f8f14b62b286233ffdb8e7f831a204c3a4664281b5574b3_adv,0.6957065463066101,1
046221dadb891f39379e6706e3ec077f8507f5ab98e3bab120d8703abf395d14_adv,0.40428459644317627,1
30fad286297478ffd8d7e26574351b63fa6a433cc018eab1a66921d25ca93e33_adv,0.12379492819309235,1
1ecd52cdf74349bf91cfc447a27b66c5fb8c3440dbe8e7405f1f0e208180d7a7_adv,0.32876572012901306,1
15b36eaf38d9a9850c19d0c16c2460fa5a3e944770c3d37699b0327bac90c236_adv,0.3181955814361572,1
0ab0c1b67e2d3de427c81670a86b81a27ace98329027363a1234661a357d4756_adv,0.05528024956583977,1
d81197a2cae349fb60f0e84616bb0e257db05d7e914be1fe009b4100a25cf97d_adv,0.5189714431762695,1
e19fde2b57c6721d43c4d53abad9bc62302897fee965df71b18dc8b41c4abcb2_adv,0.9610454440116882,1
2306fa037e73b7ad2223c3e2a4247310e54497987c6906936568ea86248d904e_adv,0.4211115539073944,1
c0ff64785eb588acac2ba7869d39b8b64baff8ce79c138069d14235a39e7e5c3_adv,0.13747602701187134,1
bac909162a07def3f611f9f6e7816b9b1e110e7fbfd6b98cff5210a5949c8b49_adv,0.056326963007450104,1
86a707512a4e99b466d1f4e2e05d029eb62461dde5edfdf6c445512441522ccd_adv,0.21056601405143738,1
5991e8964fa075427debb4ab0b6281c08dc20ce83a3f04fbabd904b28a1b0c2c_adv,0.999818742275238,1
0a239bad89790d9198c4448a8c6e38700cd0175726d723bd62bddf83daef5ecc_adv,0.15472689270973206,1
a32e8407d0b2f19bf7381dd2a7726d5074dd58b7c5116eeb006de4fac0ae1833_adv,0.17101465165615082,1
091d4aefa672e5c12b6ff19b2388c24fa8c4ef12ff3533463c0e07cf58de21a6_adv,0.3972870409488678,1
c79a2acf6d542fa1338d8fd61554bcd812d69eb7f28b0112cd04f047e1165fa0_adv,0.6817817687988281,1
214685576466d3267d1ed01e71751288e760e3007acd895540bddefd9060f378_adv,0.4132062792778015,1
db4088755a244dd8b278b6e07290df766a8375310ee98b1bb5c74ed633c295c8_adv,0.03243742883205414,1
4589a3d008abb0701815391d3f55b87349350b8e70bf5df53437f91fd1b6e094_adv,0.2827773094177246,1
084292aca3fff1b0a9ef7878499f89f447d91b774b8db13df3c49c13331cac39_adv,0.2998026907444,1
753e850dcf7b63d8b4cd1af4d9939d97024d0e141843c3df3e4d70742f47bacb_adv,0.9995173215866089,1
7d78873656879f42ab371828505642b9713075055d88087e2becb0818faeb144_adv,0.41337379813194275,1
80cb7a7b7f8d575d0070f16006079563039c52f949132a0465cc1ad9d195ded3_adv,0.9664009809494019,1
ee7931107c8a4120ed831f6e531f7fe7dc0896e40c42eb6eb85f210f69ff8c17_adv,0.028833016753196716,1
b695fca13cf186c98bc272cb3c2b4ef6751699ce865a6c4c69b38fa6c2247321_adv,0.40371233224868774,1
6c977f40a7cbf91ac28bbc33c41fbe277add151eb02c61990c28adb9fb1d3ba8_adv,0.06816975027322769,1
5792f5b284c0287579704910557ca06b0c75bb04397d3e8007fcec1b20e2bd88_adv,0.3972870409488678,1
da5ce01bab7371e8f11c7dd672d70fd7ba3654c17b787c07273b6cb412411592_adv,0.022429438307881355,1
3b6c509505896e6caa3bdffba0eb6f6f347216168206bba264aa476f96362b48_adv,0.9995805621147156,1
23cc3722e503504330690968d0cff2f0e9935598b668ff0470071d11f63292b1_adv,0.3859677016735077,1
ebeca96b2b8a8049969af5e4f2b8f78768d2d2d7b95c446ba5698baec05722d9_adv,0.9838027954101562,1
c7b7791854d0182e88078cc21b1ec10015938baa5b3b1d6afd11d73e5292fa12_adv,0.9664009809494019,1
d4966adaebe53be8b04fb277efc1439737881a89e9da1c265639fc27424ef894_adv,0.08833318948745728,1
b19a4db77c03b226b96bb5e1da27d4602cec2685a5884db8d7a1e88ef919b1d2_adv,0.9997931122779846,1
da01d49c9c3d8859cee4c6745ad19d24cc166adfe13f163c7b979c7e379a101b_adv,0.32344043254852295,1
82ee85ce4c99a50e67bdf20a836208c10ebd4f61d74a541ca8ede2296434a61b_adv,0.9859082102775574,1
913b84e2c270ac0ccb5e894fdc2590b8bfdff8b89ca0ee47cf54147741e5b0c0_adv,0.3972870409488678,1
a8b1c4c43d9d1faec523322250952ad65628b6baacb2947a053c74b0f4fe4f57_adv,0.07586849480867386,1
e5a64b884307cae3b0d16da5091e5ff108223d6ca00b2f54fa16b5d2794e646a_adv,0.22662794589996338,1
2d7a738fa97ec6bde6e8cb34f46f62f7bb32b5a6b46ba259b8084849c1a27e23_adv,0.13245029747486115,1
0f8c497cb4d08aed9de006e187778b95dbadb732262de652903938ca7a8468b6_adv,0.8962733745574951,1
a349de95da691eba3017074c136f27d91f163b972c78d37217d34a3532edd08a_adv,0.37234315276145935,1
96604e1786b09cedaa16ee2c3c882a73436fb98f5901757d5ad654cce86d5650_adv,0.18682724237442017,1
f5e739cb28a081547d97999ec43a0ac7d9f5572b3fe2c81ed299b9f6886c2b29_adv,0.09275097399950027,1
ecbfbee02d58789cdf0d762b0a989ee1e6f7440ecb749ad3002472ece0c943a4_adv,0.11197606474161148,1
56b2508bba1c4604ca7b4d8b3e56ffbfb4a891aa502020ac0905dd5b52336d66_adv,0.22091329097747803,1
e1ac2ca35dc1c431acd61cea6d3d476b55e6505b58ab68531b3a4d981c17dbe6_adv,0.09459778666496277,1
d6145468889318ef20fef02f578055387c1626a64d73f40955f7d6788cf577dc_adv,0.10356879234313965,1
26657e088b53bbdd020663660f4c003bf4baac22e2ca1a2e4c9cbe508ff54b4d_adv,0.11532008647918701,1
b37c5ad7bce1b144b284cd6772c09c7d7cd63ed9c9770db4f6ccb1bb9124ebbf_adv,0.6474647521972656,1
6f89ed1cbf8a558f6083f19c51a5d9ccf40309717572f08a51e1423a2792184d_adv,0.03173982352018356,1
03ee966b529e065badffb5f52a85592a12f049ac66e8e9dd8bcec274d15a3302_adv,0.999607503414154,1
d6abb84e1d2682f5e8997fc3032d1e3068297afae7027c13ec4ead5bdcf2e61b_adv,0.14051391184329987,1
2189475072643ab7c1d6ad2ae5168ddc492903d306309a3341a3ca1327f6e54d_adv,0.4132062792778015,1
8fddf724f8b23189384fcbf8f841dbdd86253f6e15c036e1435baa4d476df185_adv,0.013522394001483917,1
7d5835bb8648fb7a9c319aa86a813f8510f0f8d5d2d50d98c8646891afdc6588_adv,0.06315398961305618,1
09314cfa22031f48ece5a840de15149ced13cc596468f91c5cbb49f9e216b8aa_adv,0.4132062792778015,1
db062765bb454057b29a1ab5d9e6bbc9c2cab863644daf30c0d59c27d9878d2d_adv,0.46174564957618713,1
ce59b46653365afdeee5551e1485a5d7dcb59359adbd0bf02d1e445b38302e6b_adv,0.04459873586893082,1
a6e5765b7ca2bee2e2aa50d40372c89b3c2ea1570b4d5dfd44d6b22c7777b94b_adv,0.052773233503103256,1
ae666b51d38c54f92c8bf8e01ac0e9f66ab06a6b87841c77cf3aa0d3bb3b95ce_adv,0.9995173215866089,1
95a9e1e3a5d7c8f62475e3d3ebb614241c732f6de815e88e9c028c2effff1190_adv,0.008666717447340488,1
dbdea08e7b970d395236b8e0aada6fc07fb23e6181485d86f65da1e73ab2ba2e_adv,0.00558446254581213,1
97c76cb39bcc26f384f1ec47c3653b2bef1c004c077247274ac845951d39febf_adv,0.030155692249536514,1
3381140c7e2a5013ed3eef1ea68e59623e7eca9656ec2660ce8a708ce2f5a2e0_adv,0.31058111786842346,1
d2348384e646569749594904920b25075d4d3d8244177104834d2cbb88ae2084_adv,0.4132062792778015,1
c3d974995c957dc88a6ab31002f7d884c9ece2bc685edd1fb9ad161d059e1940_adv,0.09703322499990463,1
268892af54726b3d180cf5b13bb0153195be1414eafe011a0cfbacdb9a24f215_adv,0.09986356645822525,1
8c47b55f36fe45a87ed80b68ac1a73fd9b7355f2e9c88abba473f8d7f401ca77_adv,0.21728630363941193,1
a53c4fda48504436ae6da13ef27004fd9009750362d5124b7497cdbb94937098_adv,0.4014047682285309,1
5e8b4b0a31da1305b6e25f3649e24dc4f52317fceb10f66b307a33076831d645_adv,0.14800164103507996,1
3af51c532b3f77bdfcaee05a25b60cf94f2c954668f49c66bef486a365422ba6_adv,0.06076224520802498,1
b28c66e4f5713192c68a24d08fbe3d7caca0ae5cfd7f4c5697b652a0f4d3dca7_adv,0.0657515674829483,1
f077fd5308130f8367830b8421f367a36896b1af2e236f04ac5b50f6bc6bb66b_adv,0.1927490234375,1
0b3b00e74c292db853d9e8104bc40f7077d130543732643734cc4b680cd00c05_adv,0.06076224520802498,1
1dccc3ad0f807d1f46215799f017e8657d94a4b8225de513b3f40e0a4f76ad22_adv,0.37728825211524963,1
3bc2895eed409e2c56a16f70ca4eed5215520e501574d07feefefa3989c9ad05_adv,0.15638719499111176,1
a5416d7805868b9ce54117cfd9484a7a7e865a0f6c883caab957622a9c63c41c_adv,0.5180593132972717,1
9f5142af72fb849be7746f92772efe72522e0c3462625c6457d6a3fab97a0823_adv,0.12882071733474731,1
56aefc54d0d7eacf824cd7e87d9f26ab8ff4d62990bf633b89ccd0665f0803a8_adv,0.402824729681015,1
05ba6322f8dcbed7acde9e5c2fb84ba11596b5e3d03805df1328b5846c8e1873_adv,0.31163933873176575,1
41485b4c56761b64686b10ecb3549a7679cc6727ae50122d3674c4d45179ed36_adv,0.6698334217071533,1
5313502a51245f739ecf2b7bceeb819c6a53328a5a7be123dad13cfbc1bd0893_adv,0.09417498856782913,1
5e98928143fe7af794a4b6a55be1435dec505a51157d23c82ed54419d350e140_adv,0.5585302710533142,1
c38e5946549c96996fb0339c0c9de05a0d19170ea4f760182ee623c16012dcd0_adv,0.46338075399398804,1
1fd1e18fc0cf54691ce62599718558ff602240361abf5d4169fc4a7e0f05cfe0_adv,0.057834357023239136,1
b4bd8dd6911b614678fd7219488061681d5830ec4585596066b29729cb911538_adv,0.29515910148620605,1
0c4b7b57aa86c79990943268f087f679e52591ac8b43d87fe938990153ba162b_adv,0.3233576714992523,1
ba5d3d937dda45f9fe3c50ecdeddf41e76f1125737137fbdfa6c12f13d1ef860_adv,0.07503695040941238,1
e76b82558b7e1dd48bd8b9fe93663caa0192a216d690f0b5b175202cfe199e48_adv,0.09667932987213135,1
ea49ceb9917907b2e8a688c0622bb82aa72403972604cb779bd9b384383edffb_adv,0.4043695032596588,1
c405a55b15a7eed41f6e3580896709037696e0b310101d09f41c21165ab73ff9_adv,0.048902347683906555,1
1e6ec47b95dd2e916742e03305398aec1959ba952b39d6989e6cd18d7d562dc5_adv,0.41430291533470154,1
4760721b9c1c6180ee6bd6f2b60c21f9e24ba83671eb7356e8b775deb9718825_adv,0.416814386844635,1
4131a9bdc4eed5bb9520a169ba1f7184aaeaabe757811f718e77862857a13acd_adv,0.3828481137752533,1
4bf8c64c43914681beac73c96dc2b0d9522c5221842fa946a7d228c2c772f42b_adv,0.22215776145458221,1
d12cd998d218171c0c36e1677340669f6ba851bf0245646781572687d92710f5_adv,0.5725167989730835,1
bb215ddafeabb42b3dee97b0a64c18c60fcdbfdb4bc3dfb2e6341dd9fcbbb4ba_adv,0.28251010179519653,1
b977394bff8722caa7959199e19fc42d94c15de3fa2e79aee1558b80665ae3f5_adv,0.7315675616264343,1
de25d6f22405f4d0d0a3ae166c8d82e638be897a0c404878adeb93811c6367a7_adv,0.22975865006446838,1
a74134cb645e8cb50c6e53c24c6c315482847da7d83d0f1c086b040639c70471_adv,0.6844821572303772,1
00b3ea05cf3a096bc11973414c5a592bc0f210162ad0bd472456749ea6b6c252_adv,0.03670094534754753,1
43de9f62e258f8ffb07d4c4d71ce21726d27a64eb2beb3cb8eb71e3232870cb7_adv,0.4288751780986786,1
4ce8c328026e75327521d7c10a51f53c3bcca17c3ebd12fee4f38b48eb6f9cb2_adv,0.21088621020317078,1
6a5a59f6bd013e65bcaf78ff84502eca18ce9b8612998d59b3f987f73975b4e2_adv,0.13683225214481354,1
bdf5623f43eaf0dcc044f1af6e920976f1127be35b097f3074c3a72e6e4872ed_adv,0.08184944838285446,1
e09201e5966931f064c5565a4b58873f07989b87568c37fb76dc8aa4fafd3ce6_adv,0.5003728866577148,1
212c3ba11f1ba4fe4e361ed114c2b2e17708709140eddd687b1f7309cda1ee65_adv,0.46338075399398804,1
26a40c1a873c2564f279ecf4a39e48b658e442ca34278b7a310e1728ff15073a_adv,0.1289544701576233,1
b1eda22a89b221dc817cd1fed285502b6750aa7f496379d46a1dc8803017bb35_adv,0.15638719499111176,1
328e162bbc8dacda4771ee216b76fc8fe37d21bf060592d6fd61440f04e9d530_adv,0.13714838027954102,1
f024886dfd69ae7efe0cf7a145121119851513641b9734ab987925d033ecefb3_adv,0.7139615416526794,1
e965f17f7edaa95d6a1a571acdd8b21fc1432397211f04f4ffd5a021da45684b_adv,0.9901858568191528,1
58bc4f36579261f08d725b7e05be8669b6103a5b1d61b62dbf3c97351991994e_adv,0.183659628033638,1
09f016f1ce79059a14ac2e6dcb78eec82a23fe24a414857e4a47941c037e6c78_adv,0.9304924607276917,1
4068b18579178a11344925349eaf70a734a1a8d3176f8539169291d1df997261_adv,0.056494299322366714,1
86aa33886806e0d7495aa4385a79d0de6c249c80211d6a2ecf4bf06bd6dc7c3c_adv,0.40389880537986755,1
5dd8320ec546fbf7a8c1cbe959720553a44179549570c20a829d622febbd8638_adv,0.08099658787250519,1
9e54ea5e9a87a525fb7ef0e66cf6a61cacdf7886cf297d9030a1bcc44258a9c1_adv,0.043165214359760284,1
2e2763f99c3c39bbe3843175992fb533bbe487883c23be76e64994e62ab93e5e_adv,0.027679141610860825,1
d5a3fcdd643729c11c1f31466c46128ea4cbf6045bc2fac7560d09ee82e1336b_adv,0.9307990074157715,1
819a3ea4f4ee1c2d5f7e3115b52e1b3f55703129372cfcd567fc407f9f5770db_adv,0.9997931122779846,1
12c80123ec06f5a9d6fb50d106010d870ec83b7fa5a648ccaeba288bb1239d52_adv,0.009628763422369957,1
aa2a1741b21b53abf0bc42c29976d1fbe1b5e28b6d487149810e8274900f750a_adv,0.9327449202537537,1
a066a7745b5d897ef2bbfcb66727879cc7afbb8f643d37bb9832f80640143270_adv,0.12087094783782959,1
ea04f8f899466bb0e8bdc513642bf09b7070a420e4bef3971ebfaf38ab4615b6_adv,0.19748961925506592,1
7cf9a5ea6df0c35a976de2d09ff6dac18150175fd0c6d0bb4a988482c319c3e2_adv,0.4989047348499298,1
b9ac4a079f22f5c3235ae453bdb040f8764cdd37659596cbe1d2c1f47c4deb5f_adv,0.9643789529800415,1
f0972189513a364fec7bd92b75abd5bf11eaa7253a1ed3db6155f3c6a61e6513_adv,0.9979749321937561,1
ba5e2ed7747ac767debfa09ee37a8b7ab5681d26894e0ded13914b39f7977608_adv,0.9996535778045654,1
2fa045856e2410682e4a5ff96830ac73b01928ba4e839a32eb1fe2054e5c1197_adv,0.9999643564224243,1
a0f8c3ec4ad87d42a5a7a5ec20c4c5762a192e74ca1a3cd8ce9eee6a4b4b053a_adv,0.9998096823692322,1
750dbeccc9d61f36936c32fac81b1763dcd3f1e73f88493da1d9371a91d24b82_adv,0.14014358818531036,1
62633d534584ce34aad80ef75882d326dcf2386e5316279c0c9799723bf16f69_adv,0.4210425317287445,1
e513f2e8d7f032070fb427fbf3cd06d22cfc5bab29fc669a99bd11cfda28da1e_adv,0.10356879234313965,1
15f412ccb423cc4d99b50f75ad66a69c42ce5329c96606d6fe5896d87fedbff9_adv,0.03241131454706192,1
021fca377b2c26e782fefb51714ab043756146afe36ee13b6213a45fdbae1d40_adv,0.07185735553503036,1
91f44b01ff1b2aedb46ec3d5ded737a2a1b8d4eda7768cd66175c37b8a5a3d71_adv,0.4569806754589081,1
69a193fba79fb6088560b13677d64098681a7c25b9220843939ed4fdce1bf0c9_adv,0.025530610233545303,1
cdd100f9fc8b0a56836fafc76101837405c6bb22b7b9c7d9c00837c360ad515b_adv,0.4079996645450592,1
53d080c7b0b170d749840152db1f8cb5552988a0021d33808d4751f0a227ea8b_adv,0.9616325497627258,1
623e2eecf897a46aac46f6e5c4d9cbb050a7c684230d6bfaf1e588f2f4efc579_adv,0.01070936769247055,1
da0f24ecb5d6817a87352606174d86d0bd5472fd8de06075486d5abc0f837463_adv,0.15209177136421204,1
b9ee43bf90916e41de1bc1e192d925f48aa65d2f4135ace2a0593cda21b23ac4_adv,0.14016592502593994,1
1b66d4dd26d30704de9576d3a9f8ea3183dbf82406f2967bf089be7f76a4d607_adv,0.3882564306259155,1
e20937917a2a2055a6698378acf55063ef43b63ed2a9099574b1975c53ed9398_adv,0.42872366309165955,1
e9d8aaa6e57435a604e998d06498fe3ae11f52ea414da02b7df20b3a3dee9380_adv,0.05139289051294327,1
b487bc680200a1da38c76f61c2a54583dbe68ed2fdee735704fb6e57645cb4aa_adv,0.13323956727981567,1
1d8441c0337ad4311027db052e201f5fe9834704531ae69dad814fde74574222_adv,0.10800499469041824,1
a56dcd2a77ceffa5be3549c9f29896866f314b3c796539da8ab6324dfca5061e_adv,0.19975410401821136,1
8742f124a4f2b7b303aab68b91f16214dca51809fa3858ad47326319433be325_adv,0.029894202947616577,1
006654ff5f9fb3da539bf77f8779660cd5c7c04c4ad9aab03c76240960eacc5f_adv,0.4648708701133728,1
d9b652bd1051d8a6c3d1546cd45f4f709b11bdd811f003584f5812fd26d07e3f_adv,0.24062883853912354,1
b7e82edd33ec2a7da15aec00ab8509e91d3b7a6a30c7eb2c63b2895882a12dc0_adv,0.9995731711387634,1
c0a0017451ceb45502396a726c8cd03855df741dbfb3a507ebce7c299cd18092_adv,0.2534541189670563,1
1b8f6549eaa532aea6ce4fc5db8e6ecb62b7b308fc6cef744d9359635d4496c2_adv,0.9988911747932434,1
7214e6b323805639a3d0c34575fc3549b7cc34c05e7073f8df25039aa9fa06d3_adv,0.414143443107605,1
9a3ccbf49eaf73763eecb8bfc33bf87c8d36acc5228a977353b52f4b07e9fc71_adv,0.1064831092953682,1
f1fe07c43fc5fc00af2450c2699c615265cc0a66364f48aa1c9f56ffea937a96_adv,0.9997931122779846,1
222f09ba6c40eed16ee9940863702b71751461a512de25e590385315e3a10497_adv,0.06618572026491165,1
97ecd576ee4ecaf13249bf94d52cc31d78f96edda7f006ba7cf74438454a043e_adv,0.17837896943092346,1
5707ef175b1d7255145c4e398dd4c4e9e89d30500f9b3538998c1cdd1739e6bb_adv,0.46338075399398804,1
74cc2764672964cba2f33ddc717b1eb83f9ae8767c4fc03eeff20431753ecf99_adv,0.022609464824199677,1
0a7ac25d6b44071626611bfbd4d0c52045555521b5604c50f30265874b107f60_adv,0.999830961227417,1
3cc53c9eb7aa069ce7411cbb63239b22c9e3d4e07a4ef9d8f52e3065f2abb66b_adv,0.42844119668006897,1
0d718115a9730a7f664605c3f4da5d0314f0ed0415962a116269c6eef5e6735e_adv,0.9997931122779846,1
fc8590c6f1723b4b1f5435585de2121d27a2bc64b01f3401dd4182bebd34d9b5_adv,0.006122656632214785,1
b5d48d315cd493a5e27b0f517fb7185dd92e3122392de4c9b0eb08ae81f8f79d_adv,0.06921632587909698,1
ef241f4a08a7125917799dede3813a507cff042dd2a335dd0134436f08ad501f_adv,0.41261735558509827,1
b7ba14efd18f7c6fbe78c3220bddba20ec9e0ef04b6db477de6f3d63f2e98bce_adv,0.033625587821006775,1
17f2a82e11d18b073d4243e2233f6751c79074875a6881736f2d4bf483c4be33_adv,0.15746626257896423,1
9a3a28441d24a45a43ee022e9f66a64d8daeeb8df8d7da5a53b3e3f50948696c_adv,0.02789112739264965,1
2eef951f9aa4a18a90f5c11ca83978b5c6fda5f5091d1c5a3030bfd009926c91_adv,0.29050159454345703,1
1f9db5b1ed5c047ef3366a0b4c200f5e47b20c8d7c922fc808ec9b61ef3d1858_adv,0.5180593132972717,1
304efe0b0e26f57081c8bbc16a5280d7755047fe03c6525bd6a8d801f5e6ff09_adv,0.07383216917514801,1
f51ae0f237a3a9cb1f37a214910349932b6a10260dda3990befae38be951118f_adv,0.20923186838626862,1
beb7db9f7133f7e27ffe38ffdccb26fa18d5b071f122f429d9a6028f9d623350_adv,0.9122171998023987,1
36e63bccd52e51996c4f18cdf93951f6892ee02142cb809ecda602f6c700f277_adv,0.050650227814912796,1
b612200cdaebcc02084723a124955a01a01260f6ff456ff2f45fdb8832108a1e_adv,0.025530610233545303,1
69a38d5f962986061abb02f3ae52b38ab8c6e2d84ecf6b9519bcf77736572b77_adv,0.17666971683502197,1
9f6c43e445e965d68cc190f410ee8a92d582051d19f9478c506a77a5e922aeb4_adv,0.2517293691635132,1
88c2e63b34b0e44b5d114e937e070c166a4214d98f566191a8c3a41446fe559b_adv,0.38236305117607117,1
edc3b06a25d09ca5755c4369bdff73d5feefedd2f6e63942aa33c033403d113f_adv,0.9874846339225769,1
82dcb20f35b4bcb029c236a812379f2ac0aa648035a05541d6c5d18843845d21_adv,0.13003724813461304,1
50c9dadf218061a07905305420ce786a2496edc6b7e2b5a740333c65b780523b_adv,0.05953262746334076,1
ff32db8ea99f2039c698fb634729e55e18e9c5f287a3f8ad2f9ae79d0b3e01b8_adv,0.2522519826889038,1
4f6fe5b58a710266599a6e52a4e8e5b5a8209ebf9f2f00d6a3607a802e7f70a2_adv,0.04794491082429886,1
6e50bdef5939ea23ee07a7ed80609de35c209d47eeb055cafc24bb9a6708f16d_adv,0.9997950196266174,1
8a5a24621b9645d97233f628cf8aace0fcefe34c3dd7b403c2ebffa598284e90_adv,0.3972870409488678,1
0976aa377c971dd078d1a54e036c5aabbc048d719f3a332fb157613406bd245b_adv,0.08136744797229767,1
ac36c77cc2697c217aca7b7745b2cec5acf49d47d098d6daf3e37bd3f8063375_adv,0.04596742242574692,1
c479d75beaa1a8507a95553830ee96943f69810b89e3f18b70574852c2b8ccf1_adv,0.5456631779670715,1
35746471dfec4148af67e9dc259569d82a175a50a656900c74a1fa25f5617d89_adv,0.5720428228378296,1
c08e61ef1a3a07c9009f1ecc7ae2926fc3fa0c84ff68ebfeda5a4930686e830f_adv,0.12057240307331085,1
b0d85c72ec5d2ec94a6a067490f5015de5c06c6ad643cb8de8215094baa6d712_adv,0.3972870409488678,1
a772e1b2068e3c8f766e70d9e2fe07243834a0113b66d6fb97cdc2b35b4a26de_adv,0.5762803554534912,1
2ac02e59e41f9cbac7d8c960d83bf86dd3bc16d805fd893125a3569c7b2b8a9c_adv,0.46338075399398804,1
0aabba0eb56cb2f1dc06e43fd2f739c4d27894396a6af3a1a124a37ff0a555b6_adv,0.12090509384870529,1
50cfccb0b154275562d8c95bc706c4d6f8df714d2210a942cd9d543a0ebad737_adv,0.6372955441474915,1
81c9b68ada415ed043111ccd6e8960d3ce1e71183a6210fff636e355e97464bd_adv,0.2522519826889038,1
50ff67689549d145bdfa5b017a8e749341ff067879d27c475530bc8ac93eeda1_adv,0.0304189994931221,1
7f0e53979e8bdbc1468217b4b4d61d0589c9a31327f36923e0f6a7e77820f131_adv,0.9865615963935852,1
f2dda0855a931a5706eca358dca38856aebe8ee8afeab7801a95df3d3a273c21_adv,0.04343080893158913,1
d56fae33f3e15133768d6ceb01d4283f096a3df43fd335e0f6f0260884722153_adv,0.10082945972681046,1
6ca78e6c7e40dfb5f31cf6ae78b1e6613817c06429ab9833b5ba43db10514e0e_adv,0.2522519826889038,1
2db87b7eaf43b579f0435e8c607210bae9a627fafe292e54b3470342df2494c5_adv,0.06906343996524811,1
445210d16fadd51e4e82d42907144363f86097be6388e0d314678c3c6f48cbdf_adv,0.056326963007450104,1
f5f24685d97b591fd107ed6ad440e03832a35162ccd0b82e584ffe087f103d76_adv,0.09689794480800629,1
cdb58f7aeae4368b86b5c4eb6c0f669504a63a783b365538e60a7053d7b13a71_adv,0.9997931122779846,1
0a2802bdab02c1e3ec51008b3d07eb5822293a97b7dc2517f43f881557de2333_adv,0.9435276389122009,1
7283d99065063d2356495d082912d78a0464363314cc5808a189a8b87b4f198a_adv,0.40749314427375793,1
8f75d46512d587f0f944d3bfe9c7807b1542366ed2cf6c3837882974e9a1e9f7_adv,0.06930892914533615,1
14f829ee190ace8eb50747db9d3f748429add322d6d12c123904d34edf988bcd_adv,0.010344943031668663,1
eca8569ebb3735539579a5dbec4f3f785aba13fb1a49de695ccb4a0b70d9c560_adv,0.43702107667922974,1
0239777d35db8803e187cda8ffb6a5787698187a8c7466a3890124d1ac563bae_adv,0.16273996233940125,1
d6ea03d6f4a3d45d59a44e02a78f35e22b357155a2f6b8fcc7a1bada09915239_adv,0.14051391184329987,1
40899898fedd59cb4a178c2e6a77f1f06025b564be3f116c14ece861375036d2_adv,0.42691463232040405,1
804ea3b9581140bd21946798cc07637c720155435854a60254c85507ded57a72_adv,0.2151573896408081,1
6ba31f4ce71dce7b8ed6a19a25a96a8b6de73acc6d500440850112a846e3bd4f_adv,0.14852847158908844,1
3a1236861db4e1642a8f4db27f502d583974d215ddb954971eda1cb8b8f32b3c_adv,0.9902371764183044,1
fc3f95c4cfb95164bac66bfd503e388cde89a9b0c3a825b6a739f30b03e6a6db_adv,0.3826243281364441,1
f9e641842c9949d1cf01228e12f6da285243eb8aaf9803ce2a86b0cace76c01f_adv,0.31094640493392944,1
25c552a9c6e5ccaaa86d4c9d7c5ede1dac4f178361c964ccd2ea6fda270ca15d_adv,0.05528024956583977,1
eb6a55093d6e1bc26897f5cc1bc9b958a86fc218d958108dd143ff6a727d617f_adv,0.16018879413604736,1
5f50765440ded52303d2dcc1d01bf4d9618ae1ad0e55e34ee9183fa085489801_adv,0.15638719499111176,1
4d0ba0242776810b90911f2c9f935f8505ab87f68dbdfca2befdb29b5e2cb9f8_adv,0.565763533115387,1
a158db8ca01d0184e1a2929f7ce633ccfe7dbc5e960c9de975798115ba3c1b19_adv,0.06888365745544434,1
d2323d8262423908f2c21ce1e6ff50372417b72e740cb74d43fe274cb92c6e59_adv,0.07848241925239563,1
f3e06a71cc8723b491e423d7d865ef4248b1021c5d2ee5534b217d17ebadc7a3_adv,0.531867504119873,1
cdde9961d38685a3fa01b759c09e245b26ecef06af5cafa276fa27a9c56ff117_adv,0.9997578263282776,1
9d53b38c6c5590b6bc6851709b3e8afbf3aa75ddfaab43436026a7d8499cf7e8_adv,0.09745116531848907,1
e5496b0f4d827d82fc316e14dfa1b7b9ec343e2409b771bb7fcbcf29b8a40735_adv,0.9997825026512146,1
1cfe1d737be950a683ecca5e1a1bb3cedad4043bc4e9eb25baee847702484735_adv,0.1027599424123764,1
7e76602a7412f5d27f9259410900ba9edeb956b1907d5d0e816f20156cc51c4f_adv,0.9999810457229614,1
34f181d7392522fd3fdd0ce5f1b9a6d806d98b593db3b465668a98e08effe5ea_adv,0.4346190392971039,1
ba3a77c8221ad035fcb06afa61338c7bd1056ef36f9f22a8ac4574e9eb931ddd_adv,0.058618463575839996,1
59557d7a9c2e00e68d36577a1fd9b41c0f5a2e19a3434e3c22fed33e6c28f14d_adv,0.027679141610860825,1
f319cc7873568fa6b6df76c373772bb5b02a906c4a8e62bf89cd8607c9f2f084_adv,0.25740188360214233,1
cca30e9a5772beec7cd796ca9089be5a7a7174bc9ef2d163ed057779d6c1d53e_adv,0.1027599424123764,1
907779bb25d230f6be6d368113e1086796e3359147228579f390e0468010dab2_adv,0.4227916896343231,1
9a75eee1ccbbeaa4928c1ef7bc574dfb6dae79796c4105906445f7b058b83ebc_adv,0.005929787177592516,1
586de06669274e94bfe43ebea4aaff3847ddebd53fc6f102d2caa4fa991c8dde_adv,0.04190819337964058,1
cfb3fc3ef664de15b7f9f941e898ed8699560a93e8bb032cdfed9538e75aba99_adv,0.09703914821147919,1
97b1b0ed9377c8d785eb4d6871f034eca21e67ce45f4ddcd0041a184de388214_adv,0.030519455671310425,1
88e7601748e123bc23538573beb0b442692d59986cf22e09a7a82bdf344dbf8f_adv,0.09007579833269119,1
267c1ebacfb0386b5392d40c67d38ebf0ff20553e9ed2792373b7fc88c56a6df_adv,0.44768038392066956,1
d84589af4aa435455b468aca542eef2a459a07d1201aaf870eda7239b8813437_adv,0.27722179889678955,1
8c7e8fdec6c6336b9519f93c0d80e7d1372105e19f5b0eb1b1beb68c982b6904_adv,0.13321731984615326,1
4c25ac0cddd2111ae40fbf094396df6e8fff0cfcfb68dc2a1edea64578a7e5ec_adv,0.7351350784301758,1
62aa4fda720eccef36b82289e0ec2b57fabdc17109402aef3495740bac7efc84_adv,0.028449315577745438,1
886f09ef511b473f84003dbd40f1d8006ad176462c01e43caf1e5bf3cc7a4064_adv,0.41277140378952026,1
5ab6c71a1293f5d07e7ea56759a90257d35510412180e1579d332425d036a8e1_adv,0.06315398961305618,1
1c0b634e63dbe435be0ab7ced0b5f887dc1f2311de72e134a2b0ed2cb220d318_adv,0.4132062792778015,1
e97c04f75c6af80ab9ef2f54f71ac1e6b79fcc75df6173000e6a36e317588816_adv,0.05368516221642494,1
a4dd62f79d9971dca65e56e70ea5eee0219aaf64a01182432b578a76f5629b6f_adv,0.026588769629597664,1
f7ddcbabc2a9598d93f867ac378e92d7e0bd3856631859dbb5253c97587ba433_adv,0.4132062792778015,1
acbde45b0a51c580a948ccd02b99066921507cad00c1a266a67f17c68f82b079_adv,0.9919488430023193,1
b199bd4257f38d3758fd81f7746df0b4e4a89f090b0070c6c365df96093115bf_adv,0.1152728721499443,1
fdbb0c4925f35e0c06c428865b501e2e3d2dd9206d0491e30e18c4450227067a_adv,0.10356879234313965,1
e91ab8c952bc4de7a78b7e8489c8e3f606e35caea18907ff13583c85afaca883_adv,0.1532110720872879,1
43c0b9758aa15584c91326e39989e0fddc5cc53df27972bd82a79b3fbc1002f0_adv,0.9997931122779846,1
debf1fb36cda26117a86c95d60c1df2c5e443c722fc78bfcdadc34dbc22aa467_adv,0.056326963007450104,1
748b8db0ef2efab87b438262bbf3bab871f263526251cd7b6f2d4d7ad123ed16_adv,0.13338704407215118,1
1238f55be785a9eda9a8dfc785b055b29b15e0ce7f0f79c571c93daa8e4451e2_adv,0.4865708649158478,1
0a4a174f4e079a723593f496bfebe3a597427d769d0ee532bb37d6f639ab3dd2_adv,0.04147594794631004,1
69fcdc551ccde0692efd546a580f81d6cc90c90a64a1f33440d54fba15700dd1_adv,0.07328587770462036,1
450073fc49734a21acbe1439d2540a8c23d71c4dc133ac125ff86de343e1a975_adv,0.4164949059486389,1
72990156dc05920391a8ebf0f662e1d6f477223cb8fc3fb03c6566d67fcfda40_adv,0.03210391476750374,1
b9bfce9e66e5df75b83bf8ff7b785e9a3bda8866299285f8ea304d02051970b9_adv,0.4132062792778015,1
80fe67bcf7d9beaf9d000a36cf6f7f54b945fe29fa8aa9ef0c4e9169ea7835b1_adv,0.39325466752052307,1
48862a48d85fc70e634537935ed3f4a126a1fe51d65b3222538028cbcb699741_adv,0.024212222546339035,1
4e4fbfec3b52add7b4cb8cc7aab9fd9fd81b6797f3d7ba1f2281cffc31314d40_adv,0.028437860310077667,1
91158a5f8bcbdfc8b5c3846c60edb31458100e5c3ab52d17104a9602c733912d_adv,0.03663213178515434,1
f1cf2c27b5456261748db2a3aa0106c944044cd1d108ea36f2dbaac22c6653ba_adv,0.03404095023870468,1
a5b168a42d9d5238e15e990a99e726f2c1ffbe73a9809fc7e2892edd3c9f67dc_adv,0.9924874305725098,1
f1eb6498031d68042cf041528574bcf71af247e1795732aa9b90ec7340ae885d_adv,0.06631238758563995,1
574025981ec8eb2dd8367f880f5f21058327c1fa3c5309976881df0d071ac642_adv,0.9902371764183044,1
e0b68f624d49b8cf9f0f5b41d5135d7bd9b13f67c9b0648b5421ac5c5903b083_adv,0.13231955468654633,1
c241a226c3ff82acd01fe7bf3c3ca48c381e3797d61468436417b8c71e7ee298_adv,0.09734425693750381,1
f74df66d198364b5257e56fcf3dda13e9be9934593bef056a36fa9bd9d89a52d_adv,0.22924582660198212,1
411b23abe3c246c7cc6d8c0430782145476a598a818973326a1fa8bbebf8a2f7_adv,0.991565465927124,1
a7024a8463ac27b200aeac4fc83c043a983a9857f25e341d8efb87632fe42849_adv,0.4132062792778015,1
8ad489ec2bda9e1dbfdfcc375028fc31f7604ff9ca5d904bbe18a0aac836a4aa_adv,0.4491293430328369,1
6028e3836cdc2a675fc980ce6632e830e6a581aff61ca65a36cfd13323a42e41_adv,0.1004299521446228,1
9e43d0d55e6036b8f6fa02f18da9a502491d41aee926d2e3c2764aba89c37bb8_adv,0.009363057091832161,1
6337fcf6445bc2381db242fe1835ccc3d5f0ab7b0ff9c0d8db6886b489f5ad3f_adv,0.36006414890289307,1
4b702ff1103d3eaaeaac675bc58c7458bd993e9518e0a4620a5d41a668f5585d_adv,0.4205848276615143,1
ffd249ff972620c6955b1d63383be8cd96ef5e8bbaedec7f94ace7f456af0f7d_adv,0.29161012172698975,1
fb353c6f2cb2cf0b2d77715dcfb8c21e13d28991a77b4e431884779a3571a06b_adv,0.9933151602745056,1
349e28e482dc8ff86bfee2b9444b3d6eb4937cf5ec7479afaaef2fb47932aeb3_adv,0.9998308420181274,1
c41f0ea2a616bbab5a2d37337925533d3c9b3cb54ed7ddcd254ad702dccf7567_adv,0.31076228618621826,1
c27e98e488497985286576391116aed809207aa021825b298bdce919897fc9d7_adv,0.4018043577671051,1
7dfadfac318371008f42ec171a51e6b39eac2fb1b6c339cc5a81deb2ecc61155_adv,0.02596418745815754,1
69b9a4231c832fe380b5714f8810ace0817442ee594dee2a4e38a355300c4f19_adv,0.9997931122779846,1
d3d48263e9f0556a2e979e16c3901a4427aaf3a6236353f6d600c6899233f60c_adv,0.22795481979846954,1
5405c385083d53e5913bfd02a51998c2b1c5ece01cfb35f397b0ddd533db3a1b_adv,0.07459253072738647,1
4eac7609c4f719bf9cd8af7ebcc178fb0a242579664df4f9130a60688270e701_adv,0.04821857064962387,1
f85b3f2ea1c2e938d15e89668dc5514a2db9621c36bd53eafb552927f134a920_adv,0.2946583032608032,1
11f37c5a73418f1f2f68327a2224e685a0bfe5ef9d6f4ad0ef27e28c22376416_adv,0.6094286441802979,1
7a62fe3ab268164e200a15beb2303dd4b4470be59d710bb263eb7ba0f301fc0d_adv,0.028923550620675087,1
232847628c59b7fd140c4f86b515ae9546970b6b78c416447774a8dbe3fe4604_adv,0.38132935762405396,1
5326dc3819d6926d785221950bb9a6fc64bac1863bc5bf70ce7ac95fa1d3db77_adv,0.3651914894580841,1
ed9e2774a58ebc3262777f979475e54f6e7229bfcb713451bb84ee96cb4f1d16_adv,0.08292020112276077,1
d50dd9e5f8fa827a103a5a164ed495e808f99e2bdc32d141fc470b780a6736ca_adv,0.15593864023685455,1
d2af0492085048c0ac845f6bafe112ae5fbcc03b170ffe7a28df1197f7be7757_adv,0.13905979692935944,1
0dc9fe81df5a6ed6ee6c916943cd923694ea63cf78b9ee50fa5f9688f363823a_adv,0.6343657374382019,1
6ea3d785153b7fee09a1cd75168f8279ae9b066fd82a38a5172456a4e7cdeb8e_adv,0.03190941363573074,1
f78f50dbacd7d05e3ca26bafc5c4723b6e5cf57f6e13e57237e53564abeb1114_adv,0.027679141610860825,1
3c61205b7bc28d7a54d62a8fde902b7bc47999cd9361167d63255fef5f44c039_adv,0.19574397802352905,1
7405384980cf2d8be88343a4dbd3b3801932cceeafc05de650e27c4d14112c46_adv,0.4069806933403015,1
dcf69b9a0399e249285586e36bd6546458ca40413b46a6dcdd02ac2fe10ce9e3_adv,0.1636320948600769,1
52eaad2a30a9b8342f3bb2364417f4e6d24c5ec4925eb47aece26e6933958366_adv,0.37234315276145935,1
15ba5cc98ab14ed11d110bc990c90060bf71c6aec5fa4bb48beb264d05a09a4f_adv,0.09099284559488297,1
fa4804237b6991dc7eca438cffdbb9b7d4e32bef85d56ac13a578c46e4e018b3_adv,0.10618346184492111,1
27cf1cc78d862f326243c694b75ca9af27f7cdfd041ed7cde171f86ccc9a77d3_adv,0.573161244392395,1
6026babee3e2eb9baa3d7b60a4ac91c715bf071a2eb8f6fc776e1d7a242e4a54_adv,0.2608647048473358,1
567e61fc313d0b75257bdbabeae101617cfee67945ed349b409f98048177c24e_adv,0.4574199616909027,1
36d46a9a3fb7d223bbfe262ceb7bbfe57f09db9e9f73830f3993acd4d70fc8c1_adv,0.07356098294258118,1
c8dae3e47c1a03f2b7e84b7705d483d025681064b728b5a9fbf329d1a76b1745_adv,0.27953359484672546,1
f3ddc6b3c78d390609248c4bbc91355f2d67ed73b965f9a4e20fb933271c18bc_adv,0.4087584614753723,1
b09b4a3ce0e103f3f8edc27a03164cc26eaa7a803e84c262dbee4311070ea8ed_adv,0.615459680557251,1
2e381fc32ea8d3252510d6538d7106982f0ee1990a44d90f2513eb19705ce312_adv,0.2522519826889038,1
2e6784b7b1606c83bfb303d213d949d11e3258b5539e2bc781cd39eef2691030_adv,0.4132062792778015,1
9801370f5d32eaddd03f0d7117867e41e16b14b6152989c481ee03f053c4e4e3_adv,0.35595405101776123,1
fc358390be4bf0d72fc4ef17d3f6f5b2e9bbbe6de5542bb5f5e2b5ac69bba618_adv,0.4111636281013489,1
a3dc721a119a10425f97998b7c7bf4a05d7a13e9972cdc89e7519c5ba3b28d40_adv,0.028833016753196716,1
1a6937075187e015f8c6e1917b2d32fd6908229e1e8e0d879f688a0e5b0649fe_adv,0.15638719499111176,1
3ce9e45694dee14b15db99e6570cc461aca093d91798353f68d24e797e3a0b64_adv,0.39816755056381226,1
3cc29cb87850628dc58146da6cf972f1a99ce07e56b96ec5c2e89e4a6a4da196_adv,0.39481979608535767,1
726751a1720d48a792d40308a6bc4c81826c9b37ce9edbc3443650b58a532696_adv,0.09107205271720886,1
3855380a0565fccfcc15bfb4d9f1eb0d8fc92de49949cae560b9bf06afa50e82_adv,0.05851524695754051,1
6d1fba7169fbeed3427fd75ab4075027c092bd945722551978b6b0b482fa497a_adv,0.9995102882385254,1
6cd4a1fcb0aa8edd4dc683485113fff59f49fe25d9a683591222010513c10eba_adv,0.4276750385761261,1
59ca2b314d4f2857172800596b0eefa53d5811241c21e2b3d9245fca8272aaa1_adv,0.31413349509239197,1
b37a3594e33d9a135c786295325ec3f895f734fdf78c5bdc7809856957f63192_adv,0.239381343126297,1
245c09d731708ecc027cfefc7fee754cb0bfbba1831bdca3bf6c7b2023ff8b6c_adv,0.05528024956583977,1
9d899cd6dbaf1f43f94a2d50d7f45d64868ee7aae5c080f65a0709f2eaf9f673_adv,0.636963427066803,1
3f43e2bc93cf24a2bdd9c078d054cf8f73a2482310c8da1bed430babc7e5753a_adv,0.9995473027229309,1
0c63e459372262eca1f01ac0d249189ec624674d0b6996f30551b40a403dceab_adv,0.026741139590740204,1
a7af04704bb41676bb8e750d55d8a7712edc8c173bcfeda8471d0a4d80e2ae13_adv,0.16658125817775726,1
4b223ad52a9a500ee2ee27be4bed6935df25269939df2b3bca1c165307a3d4d0_adv,0.3696020543575287,1
b28eb0fde44d88eeaaf60f0a58cd305064d56c370e4bac2145606992cbffef99_adv,0.09471897780895233,1
936c2e1835e53b6fa72433225387819ccec04f8e938fc4af253dcacc4aeaedce_adv,0.9989933371543884,1
d0c4912e778e42b3e67f5a413a1c587da492a72530549e3fe6a1be4da314e181_adv,0.740041971206665,1
de84ff59a2bfbe2787d30f38ebeb4df661389287b4af863f1a4af68762999737_adv,0.09941145032644272,1
705ecd14984010054a2c5fc14ac08b2a1efc630ac5fe1b8eb8b31677010dd8cc_adv,0.19677364826202393,1
decbf82f13eb1915bb88d948045a3c8b1592c546298af2b0eeb73bbea5df169c_adv,0.6100554466247559,1
3083f08ebbb4e322cc783b696fb55ce209c26b34ccb40da23afc62bdc9560d7e_adv,0.32003137469291687,1
903124627d5ea7f4e3e5732dc7f66d31017cb286299975d19935a02fe8254682_adv,0.9992092251777649,1
a4a06b36ba326dd30d45ac77e6bb6a7d32ece7817a0307c7c5b74a281d830992_adv,0.25015079975128174,1
ca98cee54be2d77a7a756d6ef1e4822e4712b866b5f6a60d340730960da037f8_adv,0.9996212720870972,1
4ecdb07982b93aab840bd66503f90ef1920ccfceeba482569636d57cbb4ad4b1_adv,0.08894824236631393,1
2191ca588d01cd1ef23e12c4d9ce99cbb2d24e13d36c7fcbd1b89b1fc6521a46_adv,0.27887606620788574,1
1ea7d281abdb0d1cc3d89179a91b831c836fad52bd55ea08dcc8dbf00e99b65c_adv,0.14640910923480988,1
ce741398fc2fd41f445bdbd26d7a6adb70a5957673b5cd02159b9e66163fa15b_adv,0.11760913580656052,1
74c6a743cbf763e71868c493065289daa2a89721cb0ddcc25d5b941b8050f84f_adv,0.7515591382980347,1
949bb98c309b8108e3e3ac4d36a8a5d62497fe534b3e6a635b3b3e0eb815c3f4_adv,0.1538160741329193,1
d82b7ee3f262e9a7548f3b972309396f8fdacf5b78f6c30e9e0f3b5f1e3ffe6f_adv,0.3972870409488678,1
80e3c40d83b0e20572685d1d91534949cae4ab1ae94312a2b8d102186fd3a3fd_adv,0.778880774974823,1
4daae9c0d60641175dfdb8526a8051562bea3a4db36ac2a264ab5b5c36bf9f16_adv,0.4132062792778015,1
c1da4da29aa86bb40e348d475de2bd8b2d1da297dec71b60f62f8191aea4c5c0_adv,0.5267255306243896,1
f8e69c144cce0cf0d7cd62fc8e1d92cf7a45814167b02ea1c71fbc52e20dfbfe_adv,0.4132062792778015,1
b40527e5976de824705c46b584b5ae70787d2f4ba743f7530685c8c5e96c5ef9_adv,0.604252278804779,1
c26365314cc1a58b8e323e70d1999a41c92e597412881cf1230e31ae021d9728_adv,0.7478859424591064,1
cbe0115b39d9bc748d80750184a045e4c4e502b3a682d470ca5f4775e173e15b_adv,0.07195490598678589,1
fdb5cc8857686c6be1cffa1d3341e47af7d0f0ff070a4b208c309770007be12c_adv,0.056326963007450104,1
59d09b9e6124138fc903bc93cfb4345c4a2f78cc19bfe6029dc604e3e83a31bc_adv,0.3391417860984802,1
f1747d266030e24baea266de514574e1c2c245a99b332c69571c61eed417566a_adv,0.026320520788431168,1
a0e9b97228b9f59884d5af67e765a41dc1094f98427f7b195274eeb3af175997_adv,0.6076479554176331,1
04d875e21bccdf2330a0324fadc3b2dd25838705cdf0db6425bee6c22af0c137_adv,0.25273430347442627,1
5f6be3bff5d4fa9b1cc5fe7365745229374b00939b92d0f3f5294cb4f54c17d8_adv,0.02646307647228241,1
1d9176ee1aee0a05ddd2246a5fd4498e563ca4e85bda8b21ad63436e75d20a83_adv,0.3983326256275177,1
532ac3d7661a12b3702d33e111f311750d712ba6c4e4e3047a7e64e72e2c8bcc_adv,0.05528024956583977,1
5f80c4ca40c7b921000171112e58c71e6afc8689720acaa6660411fd632d70ca_adv,0.03225810453295708,1
9c909df790f40c00fbcc681183a8c93993848930557500df62781c574c08b77e_adv,0.13140785694122314,1
249f19972e9806c6c5812ae01c585543c14159a6dce8b156ad574faef3c2a099_adv,0.056326963007450104,1
866f4f71482ac00371ed3cfc5bb5fbccb2ec58e01e57b871b3fc7927a0d5bfa8_adv,0.4152582883834839,1
6114bc86f3499dce91b7d0a8f135eabc122308b1184d4e71bafa3a64fe0a3b29_adv,0.2522519826889038,1
9066c95ac8d17e7ee3fee18e5de0391ea698fee74f819977a3705b128cb87057_adv,0.408449649810791,1
56d057e380f0b8b45c12b9301d0cdc5154e979bc6641013999e621938efa0039_adv,0.15638719499111176,1
ff295c657d19a86fb5b1407394184e657d03b6c23acf31593c538787695eca07_adv,0.05690617114305496,1
8f51da154edbb4d30a0499fcc6de5451fd6326ee2b99a4b96f8cb3cc3ddc9246_adv,0.6747620701789856,1
c8e9cfe42d3c5b67cc6a2f701311ccd879854a87fc2f42a8276561acb21a2ec4_adv,0.0651574432849884,1
9de144e5300d10f059574579ede705bb307be6e5c2aeddb1c361899c33ce723f_adv,0.10356879234313965,1
92688c266180326c78bbe93820371cd4ff03519164a55e48797b532de6338136_adv,0.10387823730707169,1
fce4d8e44264d5cc2131887b3fcd36432bbe82707c368496ee077bafc7a02506_adv,0.10966317355632782,1
82e1277d5a355e1d0d8bcfd61f649a1d7556641c009f9d7e2f74c1e60b2f6b2e_adv,0.05528024956583977,1
0a37d4443469e1642f884db36e4063ca5031a541c0ca1493e17c18b7368527d5_adv,0.9997931122779846,1
d613cefd3b806fb24a753ff62c8d5063ac53aa23282963ec245961597079284f_adv,0.06913533806800842,1
dabb37913a93d136c03f4f0c1f82e09b99ea31d27f24fc8fded80d8cc5f25f4c_adv,0.06794354319572449,1
e5aa367080a1ca1fb8b3c2693634b95fd2eea24ff4047d829a15414c92da68b6_adv,0.03084752894937992,1
0dd6d1aa16824dde08b8f75f0790c8cd8005b155a6927585db7da03ac172e0b0_adv,0.05266973748803139,1
97a242420fe32472585f35ad8216567292c18cab8c7ff7e2ad98b085a2a8368a_adv,0.11678479611873627,1
7d3b9035638d8fffd74ed5315d109b07d8ee6c709b1022520b5a646a67c8aac0_adv,0.4933307468891144,1
0d2383573f2afd632d9067a43565380e637c3ed6c10025c9dfe4f494f80bbe15_adv,0.02201692946255207,1
84e1386966bc2b3c31f46e679fe12c620a2431eb52f2ee07987315cc9a0fb55c_adv,0.031021680682897568,1
8ba97879a34d86b408b281f68eb181151e43915c0490aee815568d76fa2d3290_adv,0.9778580665588379,1
d09b6a2d30689296b1a553a1391a0eac4e5ef58b2a2fb546820b4cbfb8c3df06_adv,0.5711327791213989,1
3f85c7ef432af2e56cb47f12703e6e83bbeaf87d354031223c51f4cc629b7744_adv,0.371224582195282,1
5fec07f363126ee5397687adc53f2742d5295899664084e748c7c13d82c5cc1b_adv,0.42569026350975037,1
eef94543999ab030c4b4cb77e1b2ab563a98e0964abde3cf4c4f374d7f1aaa82_adv,0.06715203076601028,1
c4728bb503c11acb4f2bb31d5b170ed74cc78f33cc6245faa81edf3ebc9ac859_adv,0.18249379098415375,1
4b21fee245f12b1b8d4cd1dc927aa19b3e5f30f5052c76de6ef313f68e97e880_adv,0.3735690414905548,1
5d68e35573eeb8c4a50a2402bf86b0cb3989d15d2b6407c4593ad5c44162d292_adv,0.5321446657180786,1
091d026de9657bf635c509834dbbbc1b0cb83a30f4bce398b2f4df64c8e92c35_adv,0.0868861973285675,1
a7c49d7ecfeb2184503aa32c5c29eddac4c91d2370ac5f1f1cde197e4fd8dd34_adv,0.06076224520802498,1
388bb8162945cdbdb6a254fe49ff6a99be9afa165bd9ad0a37d52f98352cd207_adv,0.999826967716217,1
517a6555a3fabf68f808c42b21853e0d4fdf3f3a57ad9d9d8d031703cd71b3ce_adv,0.037605855613946915,1
d0ad92b24f123af3c12f5f3937af6dabdc69fa3f95e8d973dcf16cdc5cf9719c_adv,0.6867436766624451,1
f540e967f652d07508d3a6ed739e072630da13c69bdb7b70a99fb2d1e528cac8_adv,0.12020855396986008,1
e62d4d07a7860787123b3e28e5a43e45aed4bce7899b53f91356b96ab8db0a52_adv,0.03752421960234642,1
53a186b16cb3c3ffce9941a5a820fdfb628ee236a4400aab8e20758286d42294_adv,0.5560253858566284,1
52ca471843c0f45ae532314b708c5b301552554b2a6190e0a29b2a5ac64fc194_adv,0.07503695040941238,1
21f67a6bc3edfe4968b515983383f36fb4f2d1ee3b0b4c60cc2fe92d195b1412_adv,0.17992731928825378,1
e6ab73f5d9c429553f3577edc09dcf624ce33ab6ae23c2c78c5c7382a46fbebf_adv,0.2632749080657959,1
4003948c32b559d1391eb3bbf8f1edfb5cf4cd9f9c6cbcf15a481f3d60f53c26_adv,0.4132062792778015,1
44bac134eda644016a8b033b68ca171d2dfc714e99b8b5980e958257e84e02e2_adv,0.09183473885059357,1
b91724bccbda561855a01a30f011ffa5a19bfa49aefc18bef387da9849c5540b_adv,0.7043180465698242,1
8788a95203c87b21115b15d797db3937d1d2b5648b4e0d35cdf077b79e3c010b_adv,0.5972549319267273,1
24865212fc0f32d90618fce2fd8dc5c78169f89d300547515b9459d5c805a638_adv,0.02585613913834095,1
ca659075f2f924f3fc771f3daf6b424ab68c255cb404dbfa6a65a31dc6a6ce53_adv,0.3305942416191101,1
deaba29ccc50075e875726a49511b32ae7c32dfa2c4953315523e5034ddd69e5_adv,0.21126843988895416,1
ac4519454b4c62d52c9eef49316a82d8d3e7f33815d607d779ea3a773ee4ddfe_adv,0.26637428998947144,1
45c0de2b6bd6021d4cbdd9ba84e180680e3b747fef69de6fc5c8c5a484b17142_adv,0.027679141610860825,1
14b67aa4bd30d8c141e31733b2820036038a11b40ada170b25a9733d62ecccdc_adv,0.875571608543396,1
fc7b433f931a88de66501426c3df84621d0c21bfcf7082137a4be3cc4def34d8_adv,0.5510808825492859,1
f948f76737e4ea87ae22c6917b4705cf57bc4336da1e2b9deb791e8b73b42b3b_adv,0.22323893010616302,1
397cc56308fa4686647359673297788c03b8de59b2ba10b78aaddbb8d57eac0e_adv,0.25986093282699585,1
a57761a6ac33b320410be9c2553b56917243c15b580b8e7a229f9212ef162f1f_adv,0.2729792892932892,1
3450785f88eadf4caf633883550060b1772879998d2d24c45968a62abff19db8_adv,0.10151877254247665,1
8078fca178b7a0c7f483189e897ac78654e0db76b96b900ec37882030b04fa48_adv,0.44834914803504944,1
dd03a8e7725d75a389e5448fc00ab97499da408f31446f030f0f66b2b7d9fa90_adv,0.4554908275604248,1
75a21804fd79307c694d11997040a35c81d228e178d5374ff5805bc2c7ea0e9c_adv,0.09647189825773239,1
7672338ac87c56d840c9aa16b35e3ecf83e98e9fa256f9af8ab4b7de400e299e_adv,0.09917709231376648,1
afb1b2b80e6b8657928594a74b4feacb8207aaa47080e7a87ab24a10519179e7_adv,0.27953359484672546,1
974cc87e95a8a698833f0fd426a3857568cffe74b09f7f4befd13703eb81806a_adv,0.1966027170419693,1
2f036a82990cd2bc34e054a089f7b8a6d5ede4ca6baeebee2c813349d1219bda_adv,0.25730669498443604,1
fcfc0cc580147ba3f8a95acdce2d42b884b72de933b474c377fedebdff454f21_adv,0.9885175228118896,1
202310ceee281b682941979a04bcf974a43f25224aa654e4cc65900bf7919fe6_adv,0.5377835631370544,1
f7c9bcea23bcadac5e8d9cf837efeb3d025254a5942d02d9eeca7f50c1b61ef7_adv,0.13321731984615326,1
0f8d582570d7b3a3ebe365b4416b8f6010e11ceb1dfdab9a3c32e661b7a4cf0e_adv,0.3905203938484192,1
2c1b4ff526ee4521cba08e8e51acbedb86baf0a5752352c180f05cc7cb281738_adv,0.9934678673744202,1
5cd7dc8624ca85eb989be6dffaf6b5e8f0c50a913a1ffe6cd44c7a5f74aa45fa_adv,0.056326963007450104,1
038efca56574dad6782d8924d096a2c5e45773d6e5303f8549f6ab7e803e724f_adv,0.12399397790431976,1
abd3ebd9e99225c8f59b952d61e5674e70e023bf54b7a0c5dbd72e5a3ca82030_adv,0.026841890066862106,1
0762c29cd84cfbd68d30631d656e358af9436ce272463c9dc6de406c46de9030_adv,0.18087004125118256,1
fe9c6f8feb7a575c685839b9771337cc4a5d8b6df63f4714e08c5cbcc8ea6d40_adv,0.018296508118510246,1
44b20e52107f62f88a2e0eb4d978bca23e2d32741134117d70acc9bb064323c6_adv,0.01629745401442051,1
47213580140e221b81963ff09432b242fb7e4c0f1ac8b45e3a603eb65935d0bd_adv,0.01914013922214508,1
ef7e449ed5016ced91b685b8decf3add35ee7f36f7b8287d7aba783bc0f6d12a_adv,0.7831976413726807,1
6d3f72228ba75a7313c0ba6813dde2533dbc908c8ead836d730f08548249ba18_adv,0.214120551943779,1
9071e379e88c6520fb1575cea1c30fd4a9b5096cdffaa3d4222e4b6f6d647433_adv,0.2827773094177246,1
e486b6a7af077c750d159970e4722fac4ea02e0b9e21c60280622e228fabbb17_adv,0.418428897857666,1
59a0dba7ad6c59028c64cbd08949ce1637674f8273aa4ac3a53581d2ebf7d10f_adv,0.24106501042842865,1
1b42b9b80482c16a57f1eaba384c084dad070d0d1d1397cfe3a6d31ced53f886_adv,0.04872026666998863,1
9df759bd995b66329e446d1fefa4d86702457e200396bf0398796d3cea83b94c_adv,0.4172155559062958,1
5d051b71304b93223c18f88aed4dde84f5155ea0b8eaf6d4d5a674347f82fa9c_adv,0.1289544701576233,1
d73f8a1cd3c6560a2142014f3f368a94ebbbbe5368a0056cd45efe521089bcc7_adv,0.9997931122779846,1
dc77e8950f4eb24b98381c7b8df8c00cbcda42f4b8af805fd2c3743f87af1993_adv,0.08136744797229767,1
4b1f08861dfd47b1be18595dc232b25f6a0a22cb7e0ea19a6bf236b5f64fa23c_adv,0.05176648497581482,1
a740a64a1db948604a5e29d28aa5c740e913e371d55163f4d9757212ebe19687_adv,0.4346190392971039,1
ea8e1b62c42a59724db7d20662d90e4185cd55ad143731797f9d819561478164_adv,0.04357050731778145,1
6efb2081a5fef8fcc517220f55f9291c7efaa10c3b5922cbf47494fcb2c5e29d_adv,0.5324109792709351,1
d6fd2968cd00bebc69e3684c7385357927e0c27da4eaf2f1308fba3f169aa656_adv,0.12549445033073425,1
b7400d3b0e1252f707b3f9d8934e52097419fb664dcd7f83a6eeeed10a8d0408_adv,0.0943203717470169,1
1d63663aa186591f7b5652b1c92ad0890d5ddb85dbca807d5cf9bcaf8ed95ac8_adv,0.05528024956583977,1
c198167bac52be2fcce8aa521d7c73449807122201e1af1715a7fa6903866f66_adv,0.19379425048828125,1
00d76b67f8c70b65b537ee823cdf096dcf7f794b69e5fc62dba592837aabb9af_adv,0.9999489784240723,1
7823f40cb3e6f3123b251ab234813e4f5d2b4b13eb231d786d206b2dc0f93871_adv,0.048771947622299194,1
29cd3f4ea98db97d1f6bcffda322acfc3006ab70c4e98f4a11be33fefb837d91_adv,0.8990570902824402,1
d63cd6228b66c84674d964bdaaa8dd1fe802b5bf0be652d26b4a69f89575e167_adv,0.4132062792778015,1
044cd3907398aebb8497d1e629212804bdec23a26fa46b1dcb11944629cf4374_adv,0.9995632767677307,1
0696a4de657bbac43bc9a4b6d7e36328cf45cdb3cdf4032c93942b455ef0edb4_adv,0.42522165179252625,1
642072af60ba5eb5945d8796af33c98139324ca82bac973b59ec6c0c777b1d6b_adv,0.41859671473503113,1
7eda2f6a9eca3d8e0f8e90d06e363bdac1948f5dfb439d519f1f7a2d3fb02af6_adv,0.024840693920850754,1
dd90aea03cb41bc53519b8fd2c320f15ef65e9318c78bcd38e168b7ca5169198_adv,0.9827820658683777,1
87c317584ee7d32ba27cdd013df17b5b325e5037cad363e860ebc71b218feaff_adv,0.20179753005504608,1
1a7364327fbc451067e35d5befbae8f6300cb6fbd7a9d8c0c3a0d87438db30c2_adv,0.11868757754564285,1
36172e09e26c6fc51247168a8592f2d76f0ddbd95a5914318e24611c12ea60c5_adv,0.35364988446235657,1
ddc9127ddc011c0b6901af9f3734ffaa73757d139ccc58414e67da0aa4b90753_adv,0.08646809309720993,1
a2534b18c943bf97653c41765ef9308885a41974759d643cc64892babc26dd17_adv,0.9710675477981567,1
4a71018286c1b8e95518d25c0c2a92a98df9c97e7c3f0f17e8cac2a1a540d2c6_adv,0.11438074707984924,1
d88d7c8fd9cd2b99570bb063b6892b5a3000f69f72701219f6e9c7b70f836d08_adv,0.025257360190153122,1
8ffbc2c668d2727c0395bae0ccf63cebb42e37d21954f2db93dd44e3368b5cb1_adv,0.46338075399398804,1
831bbc05dc061f82ad3fe3ef08bdb7157e341d2b38c9cc21a3e06b723fe743ea_adv,0.43916377425193787,1
3e76257548fdddd74c256c1361e0f178e833d50e55f02d9400e0be5893551c6a_adv,0.3972870409488678,1
acb3045043be9a09d7c31ebdf28af877ec31e87c20c17a98756b31a3e575db18_adv,0.4132062792778015,1
0ab7cef9b9bb6d532ae9adacd24f7a7d22d54c817e62eaba79bed9b0823488e3_adv,0.0741690844297409,1
beab99cddddac33ffb74930b546af7d7646c9c71c1a33ea95245c2671582d676_adv,0.6761918067932129,1
97dab156cc3fdfab624b12646f8c7ce9b61adbd7b4ee49aeac6334085f489178_adv,0.9696658253669739,1
3130f44d41935fbfbb55ddaa26ac4223e788611e233e5c06c4273882be88f751_adv,0.45227915048599243,1
9189d7468bd08d9510686598a88053ff7cdbf209ae7e051e697aa4acd97ef621_adv,0.2807905077934265,1
534832c08e759a706ff5f90d0b1b97c405a7d5bb5d4d5c09f6bc3448bc70af3c_adv,0.1644568294286728,1
e221781d24c3cbb73d78cc4b4d764e9c0771630201439a20c152a20c856a1988_adv,0.23172053694725037,1
475d8a6264bc12685f9f83ba39a7012b4186f502c58e6b2c62a9c51591aacab9_adv,0.42118483781814575,1
7c949b4c20b95deb9f0e960d661f52a8199dfc4143f8a0960fcbaaa229a57200_adv,0.41332656145095825,1
cc422c297ae7857b58c657baf2b3717b12dd3824c714af1768b9dcffd897ea06_adv,0.4132062792778015,1
e8e84c31e108801e96dfcbb0af8377887a4094e3a7e67f8a659b9f60ae58bda3_adv,0.41856735944747925,1
d9e9c8012ce7d8cebacc60727a1ed12663079905356a1548e3773c1935564617_adv,0.9891059994697571,1
1fcd82048618c26b126eec36c1759d890d9205c4b3a5260aa5746f4a80ed37a9_adv,0.031021680682897568,1
4c6b3eb41f450ac18b4bfb3f4c4cf00d054a8302be8856118bf329413045ad98_adv,0.1027599424123764,1
051087c5af027f8b04a6326dc187970c2c10de6cca149fcd848c2130bc6f4299_adv,0.2862641513347626,1
ce2b510059fac94a046a17599bb7add2ddff8192927e6c4adc7d5cad38d27a95_adv,0.02488076128065586,1
ef3b0b4c63c8724909e4db63f05cd66404fffd070f57bd8b7ce277d90b9233c4_adv,0.17025473713874817,1
b5fb67f0554dfec73086a1dc66029de0aa725254eec7841a600ef28291a5876f_adv,0.440054714679718,1
d8e0d06a57ff3ab1f097e2d0f1e3696d5176c3a46ed975e2e02a3b21feec60b7_adv,0.057644788175821304,1
4f110dfc0f28daea37c6474c2ff28d03e0c1c5d12b7a16b1e6dcabd2e3169504_adv,0.9960448145866394,1
372a93ed53812072f39459b38b2c155fb84e2a8e716688daa2696331c26c4c79_adv,0.9971586465835571,1
9d3ca3e6e224314759842dc643c35214903e1e66fd22e6797d64c1f3773de19c_adv,0.2522519826889038,1
e88a7c08e75a63af1039a19dd1498a42f8f95d8032ceaa007f8eb874c9abbb06_adv,0.4132062792778015,1
810c6268992d10802b8aeeb7795d19d76ec94cbe3b507b808eed28e063d3695b_adv,0.28729376196861267,1
5feb974cda60408cefcc625994fdb064943678929f19431d555e3e0197329bc8_adv,0.14441311359405518,1
0f058f69ed2abb320a3381f25a0cf1e61031398f8bf4735c2b34a8e71d282a6d_adv,0.027679141610860825,1
146c80fe2dafaf93dc2d77bf28faa359c369b1bfdf7367134501715574fb56df_adv,0.49056094884872437,1
791039a697ce1583bfb63df1475b08ec6536abc762a1ef4b92e0862626731d26_adv,0.39254137873649597,1
f4c48babbb1aad423cf984fc7f76c6baf865387230419c8a0393fedd28236690_adv,0.05528024956583977,1
97cd094bdea1a36cea39a5bfaaccdf8f85a9ad0d8b8980a79a49bf9874c6d6f1_adv,0.0927460789680481,1
892084ae8954ac016a30c42dbbdfe528e269d5b4a6ab8dfd91b27b297635c682_adv,0.07280973345041275,1
ef95b619ee0827f53a577a06f1647a0ae12741fad1948a3c31fbf94eb86e4b83_adv,0.07064322382211685,1
1535bb5a3c59a7c43ef03efcffdeebc1d9ae31556d489d2297d6f374cf9aa1ab_adv,0.416319340467453,1
efdd45f4bed2889d5b247e87844bb78d26356574a8db1754f1a3eff5931ef186_adv,0.15638719499111176,1
497047d439c0fd7b2be6c7923c588a62897627a058494fb0738e6924734187b8_adv,0.07195490598678589,1
51b0d492ea58622424c05a8c97576ada423cb2f0d9a0b6f75b4729d18f0bca9e_adv,0.11996717751026154,1
549fbc8e2fd7654e6bec48326937168f016f4d03266985f4a396243c1e8f3b98_adv,0.43667933344841003,1
528fff83636f898f21004a990483e5fcf12c79e2401b3f353dd25451bded2517_adv,0.15096162259578705,1
3379be4d660ac6ab2f0ae75927e1e7a90dc240981866ed09a18e885372ead3d7_adv,0.10041321069002151,1
1c73e7b36922743e59dfa85085b3816b2c863c1954925fc67f39b95e404d9e6e_adv,0.03288211673498154,1
b392761b8cefe6e6614433b10c8aa8fa3e7061cebdbcb33b05415501811cd768_adv,0.35661041736602783,1
a291427850710b5452f992febfe193a0bce7f184f79b865ecb68c01078f47976_adv,0.4093274474143982,1
99a198d1ab3c7079f53a3ddb745b11296ea9ef0bd170c74d18e5c3b16592e783_adv,0.18175379931926727,1
56e9eef44a10cb0b04e20d144719de26add7f720e018f15362bf71f75cb13dda_adv,0.024840693920850754,1
df5dc8a8eb79df0b63227161494bf40c15717a03aa611606d63aaad629927e04_adv,0.1791648268699646,1
d4b5d14877aa655cb9f2000f2ef233054e707469983506c7aee3d7ad2e0abd22_adv,0.38256826996803284,1
cadbd6722db78923a3edd934ce22ff0b385a447a7a79ffac6da3282491f144ab_adv,0.1623426228761673,1
53045a81f5fbe9267ba06c2250595a0d249a50c1787f45d3ff6c17758e5bf7de_adv,0.40389880537986755,1
c79ae505630468c5cbad109e24dcd07fe9409b4a6ef549f86b6ead87624f45a4_adv,0.22541232407093048,1
6d56048706e40b115d5660bc719a9fadb5052b23cc50426ef6511467a04d7bfe_adv,0.27096351981163025,1
928f43cc3c15b1835ccb989f92b2e6f0b60cb826c75a26b0640932c882affdfb_adv,0.40746432542800903,1
201c75ce39308d932403603f0846698da14ca4ea28badfdf133571faa0ce616e_adv,0.07755762338638306,1
2c2804fb29f1df0b09c7b51a21e65456d4796b6f51f02e0286f774a3bd26928e_adv,0.3631496727466583,1
cac36762e6c2aab975b1095ff296c4058dca18bcdd923ac0b3736ffccee59b89_adv,0.9897904992103577,1
de1a8e43f492919acfb74b0e8302ba40e609ce4135f04d56f72f0d7a3adc9d7e_adv,0.43139705061912537,1
3e4f65c627c95cfa637d0f7993f1a8b4a60b10f73c8fa45f0e577e7e0c938014_adv,0.12041660398244858,1
6f06e2123a91985942b7b51782d1fba97764578c8e58a27a6a28c1f5008740f3_adv,0.22207410633563995,1
41a2d2a27461d30048d6953c16bf5f193a21fda05947c9e440a3eed63f5a77c4_adv,0.4989659786224365,1
610ec55c558076cc1129ba405bc50ca1ad7ff6221997945957d33349a05f0bbf_adv,0.07976195216178894,1
0797c35f1434a48c9d7f5bf1ec3aa0b997b5468c78c918da3a8f13666522828f_adv,0.9179776906967163,1
54c5090a2a8accca9e55e5cb786eb65311469da1bb4f94a0c1f76c5c3ce5f9ab_adv,0.09986715018749237,1
a7e1c9038fdaae3ec016d67138fa65302710ba792e43b88c86f0f3c88f8cd6b6_adv,0.9982833862304688,1
7453b0fa91e10eac196111edb935e4d61fca8c0d02e658123184babc3abf7f28_adv,0.16843044757843018,1
aae0736da9f70b65df10f5ea6fbaef6cd798c309bd88a625fd8438b42b850ed5_adv,0.44870489835739136,1
92501cffa01455afb3a2678f31c3c7a7b9ce74f94d538b0656ef4fcb23068f9a_adv,0.030652092769742012,1
15982611f1e9de4688660f6bf92c1aaea50f02a7bbd1da0ce096ec80d1620889_adv,0.4721638262271881,1
7d9156307604ddd0bb257ecbe78cc6cfc739970f713de06235c53ad7b23e9645_adv,0.2012656331062317,1
d229309b760b1ce29c8abdaf6ad1cacccdba1066345c9588fe231763f84dac5b_adv,0.9514020681381226,1
44fcec24f9bcafeb58589b329cd05f13a562e1acd71554539d805912741722db_adv,0.08582726866006851,1
85a958bd1010248d7333a2a7febe045d79f5822223d7fed01ff3b7948170183e_adv,0.22771117091178894,1
fd74e6bf46a3e604adb0f99cdb73c3425c66970b822cd2a89aba9d69cb6b83d2_adv,0.9997969269752502,1
a2fdc0b8373abf6e0677cbccf93f0732d6fd4d9c83dcc907be1f85de0d3f188c_adv,0.26866328716278076,1
4b34b193c5e687337c608928575f20ebfdaa7f9c152f836eb67ce909994d8139_adv,0.3950434625148773,1
c2325a735406a1b5f871606be3e9f415a1f1414c58f375706b91f51e2ed83c2c_adv,0.3975549340248108,1
e291fada571c7f9f03e2a2ea4fa4e5f6edddd76f00c8920dfd7e398dd097648f_adv,0.4535709023475647,1
b9dc90907cca88d6e321811433d6b2a2648dc9890377d2c30b9169d0976fdd7b_adv,0.019308334216475487,1
6e80284294c31dc20592271b209ede927c23154f72680573bc39d9ed3415d701_adv,0.7425784468650818,1
36b41303d253b5661bb08b92261a24218ba1a626a020819a3d1d3dcf3c705ed3_adv,0.1528521180152893,1
1533bc34323216f89c599565585221ea95537e3596cf26b094845e133653d602_adv,0.6794214844703674,1
14b14f79a3b711fa23950165298d817ac7b931eb8cd4b4007d67bbfbe642edd5_adv,0.4770066738128662,1
760eb720643b66fd93938059d66e3f5587354c60a7feed3651456538a3a42967_adv,0.8997343182563782,1
bb67191e5a357955f6a0d90dca77a723775e7a990fbc53cad3e0995ad8f7b123_adv,0.3972870409488678,1
86546d8b2036cc0835a6493e57dcde04f25f727e40553c02b7b5595b95db6eeb_adv,0.7758648991584778,1
7633f993d281a51f72d905deccbffd177346560338db1ed924fca2ff307adabc_adv,0.41588956117630005,1
f6d9b8e3cc794ea70ff3688c09e89b503e4db4a0810cc40bccbb261dda49cddd_adv,0.9999812841415405,1
bafaa28b19a2a8a42d168a377bef7c020bef972a5ee2fc70b6fcee94ce2ad1b6_adv,0.24258284270763397,1
8500f827ea4960db2fe6b116a9eec1c7aeff5aec3999abe1d822330ce8954b3e_adv,0.692094624042511,1
e70d827ab935942d1594a97102a5a063269b3005da861d986203cc0fc74a412c_adv,0.3672099709510803,1
a74784d16f1d417676e8fc9cbf6ba24d1cc88194be6a6ca6f0085c6bb2069888_adv,0.0898350402712822,1
b3a22da291586e6e87c4932513d90cec10adeddb9a2df4d0fc675b75513c65cc_adv,0.1027599424123764,1
ad178d16c0d74cfdc27d376b93515a695c97bbf6f5a9a813b06dfa0ef1e2244b_adv,0.18580053746700287,1
552aa0d1b73f5e574feacdfab1e86be8c683e65c73713ad249c5bb4e4283b28c_adv,0.15472689270973206,1
d8cf8d2b38bdfc83807f443c0adc5d1fd53b4ed2ec2dfcc50633555344a81640_adv,0.05795428901910782,1
833d44324abcedca0688bcc95c97585e687d5422663a51d700dd237f616cf46e_adv,0.10505583137273788,1
60597c3decaf14a7fc228e4a4ffee52763e9969dcb350d0a52f99d57cdc9119c_adv,0.1538766771554947,1
16f806f2c49bccb2e0c0ca1af52e9caf0044acfb251ed46575d02bdc50e7a39d_adv,0.3386983573436737,1
2dc73f8628ae1749fd0ee460dadc7e7ab41d268ddb189996818daae4656e9b77_adv,0.21059739589691162,1
7c265ed2aac16f18b1c197ec088685f950e8e38bc66877d5d2ac584821f06f93_adv,0.6379128098487854,1
8e49ded1a3febdfa3770f7ef0f74b3536fd427b06c642106b2a0cda3b5a34c6e_adv,0.9990390539169312,1
f98356fc750615fbe970111c4b1861db4f30b13bbe67554066d9ed6de68eabfb_adv,0.4132062792778015,1
b41639424d37e9dc81733227f66e8fcd7b51f7fa8c3d9a957b28392a6254d698_adv,0.06290164589881897,1
85b988322a749fc97b1edfba919a228513ee074d8e577bd10e853466430a6795_adv,0.46338075399398804,1
b60ffaac3330a250310a22d7ddda2aea0fd4c644ca53412e9ea0722f9b13490b_adv,0.9632725715637207,1
a4825883de5f3e5ff6de151a99e4fd7addd0d52c54b90f0f4f9e5e0975b7145e_adv,0.40146908164024353,1
a6fe3a7ba60d40c2685447c7aeb4af3c5f4eb3e5c1dc13588da54b0c9b52105b_adv,0.1027599424123764,1
8cedc0cee072fa3ea220aaba5e7ab4189ac3c0dda00d60d27b66f37ded777c78_adv,0.1027599424123764,1
4fd958e96cfcc95e5136e554b2466b1b54ed27ea09e1b8e45a06cc0304add85c_adv,0.42107832431793213,1
061d79eccc2c5cb29f036a6fe8bb0a79bc6460ca665fa603fc479ec43c190788_adv,0.9999610185623169,1
3dcd449206b24558d22f96a8372af1dfaa9d94db56580168acee3d043113918b_adv,0.03123503550887108,1
ad67e1526e06a3454d534f4fb24d849d049dfd69dd1d55d86a49fae3ccea437d_adv,0.4250047206878662,1
f47299d48044ba8eac0223f4206bf48417d60d2e90d12f1d51d4496f005859b3_adv,0.3930848240852356,1
06ec8ca17ee3ec6de27e6645a07f54091d131e18b572ae8b96ea97816548306e_adv,0.031021680682897568,1
bc820c0dbf321c3f98c2c2c32956008035088aac7a458d878845ca4680fcceb3_adv,0.9032158255577087,1
e0060c1d78bb82e54f5895b16c0c301cd64d50d0705368f836bc3c5fb626af10_adv,0.955493152141571,1
731e173f94e9890752888ee40a32ef4345b770c16061e355f1f6d314bef82fee_adv,0.30930769443511963,1
9ff014d4d5b27dd77e2d80228ca98b3bd80e45c5485bf6c4f0bcee8a20e4999f_adv,0.5611352920532227,1
ce8ba7495e14eda461c540ba3a3166196ff950b0e679d7a4f81b6d1f85a9e84f_adv,0.13866524398326874,1
69a6952267b77945ee43b1ff808939cbd7bbb5627319c4c4132e2e13f4cefa5f_adv,0.9997333884239197,1
f6f6faba2393b38ff68e517ef4523ba50a6c1dde16d1e69c4acf78701a8025e3_adv,0.25814276933670044,1
3301f42f0b06d08f794979cebc868802376bb688e10bfb24a7ef57c5370326b9_adv,0.8864030241966248,1
13e7a3eb3930589c43541918395adfc743253a1d703547887f2cbc61ce34b2f5_adv,0.20994994044303894,1
a9e8aeb8d7cf7a671cde334a5f390b070c4f89ebe703adb4de5a1a8b33c1fee9_adv,0.10356879234313965,1
8168c5d68eb6ba8f23cf13c695bf9fe70ffe5614f7bbc22acc309ae33ca7bd99_adv,0.08013883978128433,1
183404e0bfe232a495bc6857e849e8a0d96ef8262d57ec45a72787010d456dea_adv,0.4441293179988861,1
4b41631898ae5a0fb4e663f7e943c002a796e0001ce37864b64aced974a0874f_adv,0.039157114923000336,1
427953ecc45609799b2ecfa1df0480165225c8878c781f8843ee29d23943eed6_adv,0.9962289929389954,1
d5e087fd6870e637ce4e40db994302626302304401b659e463f03aa513d2c28a_adv,0.028833016753196716,1
30edacd0cd9086de2439fcb96a0d98f8b676a66c8c83c32340c752922d45aaae_adv,0.0888599082827568,1
c2eb11414505fa9b3da3334b8e75a98511fce907dfeed2b86eecf9153e7b8e19_adv,0.42178642749786377,1
7974a4a3282419c09e8214362a238a60979cb5f62b4e8ff494d2b928687f5ed9_adv,0.3972870409488678,1
29405ca82b2162e90b4204710678b2899c9c4be324e9e72ab79eac4302ba8658_adv,0.22344167530536652,1
f00ed48321073813120957439434bcf772fbffbe2e90e4a2b9d7eb3bf807f93a_adv,0.09079278260469437,1
efb51d598923a15b0d6f91428f1457ccb88e77440486b79b1d274f10a3b738b8_adv,0.9915125966072083,1
db215d0ae2a0b129a92b4ed1d6068fad362ae1b18a01e507c721a84d58b6ba23_adv,0.19932809472084045,1
57e38d7d06ec8bbe6ca6622ca67d39083fb97e00e21b2d2f69d1face624e758b_adv,0.04355882108211517,1
c81e9289ad782583ba86667c01c8c3b22a05a18b042ef3019570d08fd10cbb88_adv,0.20713761448860168,1
9b5740064f4242609c9e6a778b1ed8d0532db039a427e6a85f0b4eb776f7ea1b_adv,0.08710560202598572,1
a1703c736b3a69d8b59eed2719217d4e38beed6ca6b66c00298bb317c4780b39_adv,0.5766380429267883,1
a47718d05eb8cdda870a0ab275a5567c34d5ec52653e0f9898adf63c6c5d43d5_adv,0.390860915184021,1
b78d8f137eba8640dff18e8eaac900ebc30591043f2d46b06134740710552b96_adv,0.4132062792778015,1
aec16b226a314824eb9d2cc2b633baca33a9793c598fed7c56ba750572e83ed5_adv,0.40323013067245483,1
b0e78021e33afa3380b6c18537ff891a368cf4b89e7c32a968f7248b4d931b96_adv,0.12886658310890198,1
2d7408c77d8bf2b1baa29b35f733a92cd6a13f1f2c8cebce485e69085c07a400_adv,0.07717333734035492,1
e4234a49bc9fcad2fffac0282a468ad880f2656bb095a4f47bd8887c0e4e85bb_adv,0.9997931122779846,1
f993ffa932e10328363da34f6288d383e20ef39e6cfca0be6f30a0cf2b3a79ca_adv,0.9997931122779846,1
ed8905d6fc4cc784830d06699b4b680163d6f7400cd15e2059500eb261ed8663_adv,0.029203562065958977,1
1509131879e8350f3b1f5d515ea5b2f888752173b4acf846582169278f42ac23_adv,0.9829837083816528,1
c9e37aa09a9f2a6aeea65d291ccb8c002c057c53576a312abe98d72530a684f2_adv,0.024840693920850754,1
59015d8dfb7e632ea24a774a5b9002081d628a464c23f90150399c793e4d9c5b_adv,0.028437860310077667,1
4e5d94b5daef28c550eaee9c4dffc3b31e29f2000c742f81d434052eae106d1c_adv,0.02428547665476799,1
ed044ae97e4f28c6646fd0c8ced8c1db322fd22bc14e4dc1a59bfab983801159_adv,0.009116780944168568,1
5e80fa1846bdec88bba1306594c273af93fe6abb74c4077dde4a80790f1c3fe9_adv,0.6433086395263672,1
8c7257b23b499fde7648e1c1db5f7b48afcbf637221f5afb950f1f8b66daa32f_adv,0.2424459606409073,1
d9c5ce9b4ec14ecfa8af689474ef45912be3c6e85bf0d21f23aa630b5b1a3055_adv,0.09099284559488297,1
89a23be1eb1a36db42d1edf76791bdecb726d43703b146910efdd6d8fbbfd354_adv,0.025815948843955994,1
1255fc7179c9850422a6591b5cacbfbe655189b95d93c538f6104a76c2b7e654_adv,0.024994999170303345,1
a51f06d29cafc5a6b07fa88c4494e192832c71dc8cfc38507af878a34c7a1ecf_adv,0.6749019026756287,1
7d37b5768244d972e82cb7fd5679d02f75aa44b99cc9357af65fd7ee792ba81a_adv,0.5212109088897705,1
9e8fed7f9e92676730d69387ef2fdae3b6314949edb3d927a66052e6e051ba76_adv,0.39164918661117554,1
67334707846d7aa6d40e674c11c152a415c6572d06f0c0e3895a296b20a31173_adv,0.623902440071106,1
d5179ed2d8ff8262149d5fb5076cc009068d1db3f95db3ae3f5aebe4a2b454fa_adv,0.250095397233963,1
e9d0076e70a88aba1da58fb4186612f23de95941d7c00eb64ae97304b931d7e6_adv,0.025983570143580437,1
8587ba5abecaa5fbe60c6d98aa511f4abd45d43ecd97e34dbc34972ddc41d003_adv,0.18023446202278137,1
9fd393bb5ae1f5326d8129bc88998709ed6ef70d57bd020c8858aa7a368f66d7_adv,0.4134962260723114,1
2a1afe5c1d7ce027dd8400dcd89dbeb3b6506d8cf175d2ab9c932fbde765354d_adv,0.5689342617988586,1
12c66feeed066a0412eef018f8b83e49cd27bd5734d9489304f61a60113f403d_adv,0.9999719858169556,1
55ff307e84e7e9420527446a12802343b1b67b980181fd2624162111d9062fee_adv,0.05609259381890297,1
e8df78ac02b550c17860e914815f4138f9e579dbc908d359b94f31ee74bbd8e6_adv,0.4197719395160675,1
9c612df902a30254ed47460ec6dbcb15e548e3a53fbe626e9fbbedf942220208_adv,0.4037589430809021,1
2450b1d45fa7def1cb3524afa56ab820f761daa47df9a51cac192da303a65bb6_adv,0.32162463665008545,1
f2bca4d69dde555b626b1f0193037537a7c8639efe98bdf73c41b61195deba97_adv,0.9997931122779846,1
d60e494b4eade15328da2311f105d0ce4ce7bf619291d9c388da1eae95c8ab6b_adv,0.06290164589881897,1
ffe6d994745100bf9774e44dada2b14a1b2489e5dbe11bc647b5e2e0f5276825_adv,0.23591062426567078,1
2ceba85022f23482329b53d0ed22022bc2de40cf6040dc63069fdc767e5f0a7e_adv,0.06618572026491165,1
02d984bb402b8e4c4e0b56f0aa59d3291bb10cb05f557239a2fd11f47c592098_adv,0.028469908982515335,1
3d4df18861d57de9bc7d623157b44e4fce39731793d02d4107360b753c6020c7_adv,0.3316373825073242,1
97751c27f3944261a2926b99d39731d29e187e01436e49171949d145360e5b93_adv,0.04072455316781998,1
08cf4cc6d515ea735665aa6405ec54a385a21bc88bd0a745fa70d9f80107377e_adv,0.42391860485076904,1
ea5daeb561a0f2a844167f29c074348d9a8436dc964c86ffdd304bcd4514e917_adv,0.012527789920568466,1
c84863b6413eea78599668a9563c2f0b0d06dde1baa16d80ab523922724b744c_adv,0.786057710647583,1
241405a1bf9a53c2fcb4c8f12ed640723f3e6e97cdc5779f1a1bab61a1d8f749_adv,0.3963729739189148,1
3ff26279cb0faaec20e9b316e22da79a6361d3547fc5e560e2b5f2d857d4cd02_adv,0.41052255034446716,1
62bbab4ec246193260da5849736f10ecd3d15c0661b27947d59f916b92fd73e0_adv,0.18311001360416412,1
22dec6ef76b2c2c556987d40c9c42057fdf5dac8be74cd917758b204ee59b705_adv,0.25880181789398193,1
b2584dcd8f53797e63cffad7568b663a856659b6dd1c3147e532ac49e8cdd25d_adv,0.4210425317287445,1
d36043a6dde6802143fd5892d1f4722487339701275417e0ec02dad181dc6ec8_adv,0.11506939679384232,1
0b173b8e56ef90e5dc7cb9a5ac5d9aaa17998d3fcd139feb62636c1756e8c8c4_adv,0.5180593132972717,1
d1ee528019e523490f2c0005542870e1dac969d9cabfeec21162d8fc71634cf5_adv,0.40895965695381165,1
3218568b195b3804483436d12d68c9f61776c5c0923256590225da4c61084708_adv,0.4172663688659668,1
88b1deb638056e5728509614f6675273dc7d90b4265d4937f148650f637a787b_adv,0.1027599424123764,1
b21c884517c74988dc10d402433c8e24487a4ff5787cc502e7af51b73c84ec67_adv,0.030757660046219826,1
89377b4615e50c2dc8d9bee3b646228e6e2ccf14e48a3a0981deeb588f7e98e0_adv,0.2718064486980438,1
cc3e0182d5ed6c53e9446cb957d467964ee4173a703cab73617054b0a2a2d9c8_adv,0.42369094491004944,1
b468a5fbbd554a631935653d7b2cc0bc202945911ee0f651fb325ef8589730fd_adv,0.0641588643193245,1
ed3fb0a4a1acff7bb9d1642ec69ad7265438de6e85aff1c740fb90068535b267_adv,0.4440034031867981,1
9d4236189e778ae171ea99a976045925f9828a27267f4f4343353a7f5f334791_adv,0.1606166511774063,1
149e380af094bbc6ffbd9c091b9fb821710a2e4767c545ebc019a711067d8969_adv,0.3631667196750641,1
595668b4f036891416d7ce637dc737a4949cc5aef4f6f2c4770467a895c786bc_adv,0.2087164670228958,1
f031eb94316fc484702bd816b58649730eeaae443e3816d697aa0f3d70a2393f_adv,0.03198159113526344,1
8f0aef0cd4280a7372a7e5580c86a1a7e65e0b3dee575fc5b22d00542f7ed6f2_adv,0.9919906258583069,1
f980e39bbcce2bfa962949136354baa400eef1d8a9679188cef7811f09121697_adv,0.999911904335022,1
cee90e0564cb5ffe847659b98b23d7479fc9993f9987b2dd06013cfbd672235d_adv,0.02902679704129696,1
73141ab24a4ace184d702ec4de5c3e009377dc1a9eead3633b860776ea909e1d_adv,0.1658734828233719,1
4fc66d4fae7f68dddc07b4fecdfd6b918f569c29ec1362b6daa39b0f30673791_adv,0.9985622763633728,1
d32698c7bd058d17e3772e55ff863376cbd0a8b21eacf61f07976bb985f60c82_adv,0.06948068737983704,1
b6e2f145421938d79a1a328081506b27790461ce826559bb0d081b8912388b2f_adv,0.3299335241317749,1
224c8652cdb59d3ebf4644985489a080a2461d1b3ce8aab3d3f55c66d08ef502_adv,0.17843171954154968,1
676ea64a9d19988399f25f4736ec3fa201ce88563028c86f9a3d1a9ce35d3079_adv,0.47084841132164,1
377ff951d8b71f9f89d515e6d55a16df2f5016af7b373533f5db6c232a5c94d1_adv,0.18175379931926727,1
42f68960e09a5f0824e7bb615805102c8d38d5adf3de4f48d366e37aa690ef7f_adv,0.21793179214000702,1
c00228e37a4ae75395bffcca7f420ae7dbf8c902eb06b76bdf102e91986e2edb_adv,0.27096351981163025,1
52257117b3d7a177ea7403f8854265f3f0234a2f3a5d3c52b505d2612fb2f585_adv,0.5220556855201721,1
30625e69020c8fb94833ebe4f656ccfc6083e991bee47e59e1f7478603129f91_adv,0.5660707354545593,1
38204be2fa81733501248600bcb3a5b501a8788256c2b8e3b91e6f544147c1ea_adv,0.9997988343238831,1
7a55a5ac3ffcaf9c1edb2faa54dc2c804b0db98707437652331a998c44863997_adv,0.7478859424591064,1
04574202f0f47ce3143bab8f7710fa81316dbac49bcc1be30b5289d59776ec85_adv,0.04322123900055885,1
f92f16bbff74e8176b69ec296cad88c5cc65308e263068a2c562080fd34d3246_adv,0.1027599424123764,1
a64c8e3659c2cfa87b14e70bf97558a0f9844da0c91495155631d105b1030b71_adv,0.061319343745708466,1
5d8f2825a6b49e1c67054735e2c6a914191d23bf4c095c29562986068b0cdbb3_adv,0.20860782265663147,1
c88a70a64adf33bbd68d5a85baa8bc196f85cc069f42ad148de46ad3c830199b_adv,0.9993821382522583,1
34fb4a4ef9bc64db3888ed85e0206d53229f7b8e70c14ead1fdd745934d2bad0_adv,0.9994381070137024,1
da54d25cd2bbf732f5fd086c49e47843da2acef9d232287ee567ce770bc1fcca_adv,0.07195490598678589,1
575be4c5b9a8768b26bba8741eb6913ae0a840413fd1dccf7770e8585d83dc1b_adv,0.05528024956583977,1
790b16021f71799b15e39cfc892339370400c3e6f4ba4f3d2298812e84201238_adv,0.3770650625228882,1
fcf4630efec85186e597dd29f347e2a15de62ae7adb97353453cf95e736abb0b_adv,0.9996067881584167,1
693795ef6afd2bafb53cae73ef24cc837f9afeeed5ce8d0a3db25e7ce0f2ecd0_adv,0.028833016753196716,1
9883e2d77f4e96246fe902068e4ff3fce993d6cff829f9f64cf06b1bc625f654_adv,0.023443982005119324,1
40119433cf9e60a7a33ade6c22013ba67f80a4acdc2877e3aac6b4627c5a0806_adv,0.9663015604019165,1
01b99e939a31f54cbb6bff61112f04addba484443911fadf6811d2714348402e_adv,0.049322620034217834,1
321dbe110f7af15fd3e6ef63c619953f8adfbd956c9355508536e30607d18e8c_adv,0.965901792049408,1
dd141896857bf1adf533f30ea6506858e966462040d9f978b6d1c4c3a7c63e14_adv,0.09099284559488297,1
22c6e0e68262dc622e87d61e021077c8dd54d0e7aab51fe83399ad2d7767eeef_adv,0.46903350949287415,1
565a852adadd75cc048818b6ee67b012f55b4d5ce823db7fe38c33efb2ee1aa5_adv,0.7543284893035889,1
d17637b2d1ff5ba714a1b07e1ff72838669355d118603397f42e9e4241e348e1_adv,0.6716839075088501,1
6c013fef3a5eb617ebe52cfde5d353b4930cd3d441ce1a8e6c940d07a81c6697_adv,0.3993343710899353,1
b6b15bb7f3a9e13afeb835a509fcbe954592447099137ffec41bd2897639b18b_adv,0.9995173215866089,1
b5129b7f71cfa389665160c8744a08a0b65375574a534b90c81fcaafeecfe192_adv,0.42107832431793213,1
1ace6f372ca976e993083a268693c6edfdf5e0b34879d7d901dc2c2e2d23d7aa_adv,0.12826016545295715,1
74d9678235670e4aa25a4010d119ec271e5c2c2a1dde690c2f8b0a1a94fee057_adv,0.42353948950767517,1
bba3136f86a62e948d9326467b873d30a1e719aa058f266d425dcbcb0876f0a2_adv,0.05331594496965408,1
643586f8b15b5f2a075e31356e50f712581248b05d2677afb78d086de98603f4_adv,0.7569124698638916,1
63ea5070188fa7a626b81050a01cdd51709ebaeaf59272f862b44d08701f3808_adv,0.9873968958854675,1
3b2a7ee828bbc62331d70455e7a1cbfa7a7df7d61d57cd329d3bf9d9ed4e675c_adv,0.029038237407803535,1
558babd06222ceb30245bc35d94da443576d5b8b07bcceed32bcb0942e234160_adv,0.11439201235771179,1
d6d9f0edfbde17fb1d6c331d38e13761b4e89d15e30be05e8c64c64fc3b36d8e_adv,0.09703322499990463,1
0fc11a5f278f87658d6954ba016f8b92b1d41888df584febcf7d40fccabb1de8_adv,0.09118431806564331,1
44a1ffbce298badc4ea35ff23d7204067aae56c9f5db67018bd03e9e3fae0ce9_adv,0.4610739052295685,1
c562a2e32cd60e08a02569f78311317c7f3f5ebf95d5cfa4b6de11501d8917e3_adv,0.0883447453379631,1
fbfe105a5d8c8bf0eac7439748daf9ebb7377894d296d64ef759ca33e12effcc_adv,0.024840693920850754,1
a06ca8edbad717d1e5f1fe4b76095e40fb203993ea938499910a548c7e03c294_adv,0.4252905547618866,1
177c9957ed96af834bcb014dcc50301f4c067dea42997344f9c3d5f29ce6228c_adv,0.13529664278030396,1
c79c76bb1a43af8569fd42aeac3a9319360dd582506af2042bbb7640c21e2945_adv,0.06076224520802498,1
1da0453148384d6ed5eeb6faba197bc8677ecbd83c719823dfce964d548ccefa_adv,0.023990903049707413,1
3d8acb2b3b110c80b374fe6a59d041bfba3c71ff81b72b638d8b0bd8f065ce35_adv,0.4132062792778015,1
f5f8595b52c65d47a621d47a7fca543e6cb157a8e6a83a89df359979fa1fcb2e_adv,0.9126089215278625,1
b6b558f2b23a016ab29e3ef565e856f3bc4bc7695848bab7e475485ea6283fa5_adv,0.031021680682897568,1
828009b0cca5fe747b20bcfdc7cf5caaf1b91567676eb03153edc0c36b349582_adv,0.04355882108211517,1
cf8a7facaad1505414ddc7965fd1dbfe0baca2ad46a4209af280ff3ed2a901b1_adv,0.024865182116627693,1
2bc5cd8072e3fa86f92c9165df289ff7591676b5b13085ce6c2f02c8a9fb5597_adv,0.9997393488883972,1
8b69220505aa9c8de5ee2b6ac52421f44ac77be4e96e0688cc1db6679ece4400_adv,0.15472689270973206,1
3df666b7a038630ba2a6b262a202b36efabc4cde11525093f07594a62533d5e1_adv,0.6220629811286926,1
abbcf39c820f673dc2113818273f655eb5cffa808d1ba73ad234161f006fd50a_adv,0.257474422454834,1
50fcca63e3fcaa9e7e66f69d4f0c8604d843dd4731878efc099091c3727353a5_adv,0.09382889419794083,1
ab9efcfc8cfdd2266320306a787f307803d0e943a3d85b3e09b5409070921197_adv,0.7426239848136902,1
6b692a1121e0a5c3cfe7128434f1b19c8652cde6787ff543b25f612904721d05_adv,0.9902371764183044,1
a7df9b145872bac1a68498c498545b6f5e88242e3a304999d1c5910584f8c6e7_adv,0.2236693799495697,1
5e815abb239b972cbf8cfd616cbd83e20bf68b7fc5cbb4422b78e98892ce14e5_adv,0.4755321145057678,1
24060840743dbf1af8d12c77d96d78a97c1cbbc693857acea32e4212991da96c_adv,0.9179776906967163,1
03ee832a79eccfc94378b8eb743754216e4972cbf02e1e8c85aa472e29176483_adv,0.003004420083016157,1
0d0f1534cebdb14c5faa0b44fa53442611175fd1d418159e7ed56a3e5fea1033_adv,0.010943782515823841,1
79bda7dae22b23b2c6ca97b33e71a172118601781f8b0c020a1281f052aab873_adv,0.15925715863704681,1
6ecf8751ce90a47985105c58c88f5474997a6c1c7f307a11273e228420efd5b3_adv,0.9997931122779846,1
26f7c4802ed89e551a91a323b797cbbc96004325828225f2838711693a0b947c_adv,0.9902371764183044,1
58b57a45212637840b2f50c6add5be4c1c26a849fa67735f769bd4cfe4505a50_adv,0.02900550328195095,1
b1786c89df6beac121a0d1049a74877335d04c33fc93b42df118836fd5895447_adv,0.07438036054372787,1
f4fae5959fa2d47301d30df63744c159766c835fd47097e172d6381fc9fc559d_adv,0.2118200957775116,1
9eeb4e30f7f8c2b3d724d54c9780c64f47f59df360654761d8a003050af30aab_adv,0.15472689270973206,1
a28775a7ab3c39cc6cd726f618102418ac7c5cb1399970c7b6132105a69c2f66_adv,0.2650419771671295,1
6de3588fe825a23c77ce87fb5290025e428321d4a256e885afaf582369c0c4a2_adv,0.04175937548279762,1
153619c0da2dc192a9323072aec86c76d70400df2badd23176bda2c2543172f0_adv,0.9239210486412048,1
88c0458e9cf0e072f131ef5b233d093a25fdc653fc8dedc0463c2927ea884f20_adv,0.14342044293880463,1
07a4cec682dbbf484f359c4e4afa86e89f2615e993ca23d909df5b5690a81fcb_adv,0.6257627606391907,1
9a36135e55c7ea8c233d086b0afc5b6da1509498ae71ba5f1795c407cfa74441_adv,0.7899721264839172,1
0bd4656e1a39402b1e1e7509b6af9b73022ab19426723affffe22e1caa89001b_adv,0.03493022546172142,1
7f1b9297dfde4ce9e4e9a1eba2f13af022812a486b90d3030ae5885c98cdedfb_adv,0.9127593636512756,1
c5152ff00e70f6731c7702b86bde8a54320506a1e1afca3cbb243ab161f92728_adv,0.2706873118877411,1
8d9c7efda3dc9184c3eb30f380a04690daf5e5b0679d0a7aa3ace6724b2eabe4_adv,0.026265518739819527,1
3360012c26460b44d5b5511621b32a84fdb8b022cab3e58220276ed1d846e42d_adv,0.16811969876289368,1
bb3575c3b7231b1207054a6215617c96293d8d884dd26e6ff814d889346a986c_adv,0.14356665313243866,1
86a8a21e65230562ca1351bbe9b1f16cfec131e3289dc7b7c2cde96106ab084d_adv,0.07503695040941238,1
eeb67236e724d424d0f2bb512f1f19be0c471ddd908b6a736a1f98fda626eb20_adv,0.10356879234313965,1
18d4b0a792f1e20ff26c8c51b0db2a328bb89d1b0912294666213a7f0262cf66_adv,0.018227552995085716,1
2596f16d825e063d91c2d8da90a91de443d46c09a3a0dcd04bd3d9d5df7d6ee8_adv,0.09099284559488297,1
77e6967f90caa4238d7a8f1be4f78e65b3960ea5826e210911efb37a08370c3c_adv,0.05173411965370178,1
8c15ba1454a73eca450456ba5bbd80d5f3120dc086b402e3e75cf7cc7583a578_adv,0.3972870409488678,1
969103b1f71e1db866853649ec5592afb51119c40cdcb52f0bb5f58e8f4062ec_adv,0.7582616209983826,1
0cc35186bef9104b54765ed8c17f9c60ddb90868d217a16d12080ff763a9d623_adv,0.5180593132972717,1
de2fe308112b80289bec6ceeb2673dfdbf11b8d06bd6440dd6717f3cde9be444_adv,0.3788006603717804,1
97803008c35d65a6d10fb5955ed4870239f029546ec8d6127083a92d8d88c31a_adv,0.5830577611923218,1
bc5cfb40e74d3c98b4cdcd14834c11b34307338a830a16f52b3c2df836fde13c_adv,0.05526987090706825,1
97d4a3166d3d925d43800ae7164f533bce004072faff576af8e5595d20e0391f_adv,0.14746306836605072,1
de1e3843f45ed37fa855f4131b44223fbc4af507c299853f95dfb0569697b488_adv,0.07637292891740799,1
c922de4d13379cffcc18153fb4fe9c494e1d3d5d10f5c2e79764228384d93676_adv,0.6547914147377014,1
05e3856618adb6bea41d79186c0914f448632cb8d53fcd6cf692de05e48a5f55_adv,0.995141863822937,1
6beeb5885d4d8fe9d444a96980b43ffe5b7abc43074606058170f5093f27ddbd_adv,0.18591120839118958,1
0cb30e2a56b81c959bb905f8fc13e395e7999ca1d68b7ce0374cd32ec4cc6f36_adv,0.25195419788360596,1
c7910f178fa184f76a29af728e029b281d019dcd17f4a0a48bc51e6a0559017e_adv,0.07195490598678589,1
87960d573a3745ea84faaae2b3925fb5abd13873b4196132250170322fb4a1ad_adv,0.4132062792778015,1
e6c7e5a94a146f4f6af81dabf55dbfd63a7a817ad90c0ef5f911967e02a5b068_adv,0.9683812260627747,1
697c9c8c0dffdbd24ba2ad11b97b1114d2a8d52f8c945e9744d4530c68707e54_adv,0.1528521180152893,1
49e5ca1e2697c1975922b424b3c3fbf4ba0d4399bd850871bbe784d283e52a3d_adv,0.017661290243268013,1
c291c04dda9639164b540e220549694d21cb9858c5da41ee9311f4cc9b10ef77_adv,0.5144946575164795,1
c70c35a26505d85f23ec88bb7d263b4eb8cc36409d8c36f6b3f714dd5be6f46c_adv,0.9986056685447693,1
628e9449171f0e33dfb2f03dd6396493a33014f19dd9fbe7838b0bcaf8271aba_adv,0.4132062792778015,1
2300c741d1366bdf1973c7aa6d5c37af1c805ce05ac4097baaf240656af5028f_adv,0.089638352394104,1
c63cc236d387dcedae8cbfbb713e902158bd50ea7774b6122790d967fb695c5f_adv,0.15563906729221344,1
e1467c534829694eddb6ace558ed2bdd82ba8f034cb6f597149782ce6bd1db2c_adv,0.11225830763578415,1
35ac9b0fec080949612731ce05d780d3aa67d4dc50fcd6eb9235dbf12561a4ed_adv,0.017694246023893356,1
cc6b968cf1094a2271a70a040608defe7fbb86c315d641bafdc8eb4fa9a2bc2b_adv,0.8812574744224548,1
c7b1ab0520c6b3c507c63108960192fa9359ab1df94647bbdf5ce80cef759287_adv,0.07556124031543732,1
63d2059a4bc41623974bbf266df26e494e8775d0580c7169d8260f9ee7c5e9a8_adv,0.707642138004303,1
35a5ba3c8beff6cce30709ee3004ef7b1190c7ea2c6d692195126b2cf6d957c4_adv,0.19851896166801453,1
bb137380bc1e5b31258ac0f669d3b366f57dafa4067cec42a1ce87c786c042f5_adv,0.765502393245697,1
f4deef29a91f4c2aabeb4975c2db27f00c5f2e1e321147e6e757ced2e81726db_adv,0.026350434869527817,1
d0a2f8224a33d4fe38df19932c0cfe0951e8cf0f0209e4f9630a79b31e35ee94_adv,0.1071024239063263,1
0d11b6b16e975825d8b7ab030142849d890fa706bceb61adf9924eb602490db4_adv,0.41588956117630005,1
f3a4628fd70f66df168595aee9bb69e1596b79e2699c8cd9f5bdd9b7b31c6b1d_adv,0.17763161659240723,1
8d8cf4ae17c452c4a89642536ecb7e352b781b562c722885d6abfaabde5bd46f_adv,0.6727567315101624,1
8af06f3f9e2f2d5a77acf2565235401a9ac2afc454ea3e7663f77ca65519e6bc_adv,0.15472689270973206,1
52610ae77aec1111fb4e938cfb6fb21dc406b18dbd196443bbf1ed4bcdef62cc_adv,0.5882651209831238,1
4d0e71798637bf9d376db76ab38083238cce75bd9d2539a6fd266abc581f41bd_adv,0.061054736375808716,1
f7c23e1b7f59299955e2ea9d545a594f6606fb691b4d609138d416147d9e8494_adv,0.027844926342368126,1
83b8ebf064ff7ca5b0378cbb86a712e98529fdef2fc53d0e92fc2033e0ce1f23_adv,0.23302185535430908,1
e62b20bcb43b97fa67bf4fb59c571462f1a90c5c99378951169f02a357b20b0e_adv,0.2827773094177246,1
7e2569efae9080206f4efec80736af5c9d7d606615670717f94a4ddb6d558fe6_adv,0.9997931122779846,1
01f9116de9a9e077dc0fc4225698cc5a1b28165894a0b102a56c559b46e05381_adv,0.14016592502593994,1
8c0638d145a6d72458713d79856083ef3635cd49e554df717703ada97807931a_adv,0.4145500659942627,1
2336457a790cf6978f9078bb7537b1b2108264306d301d64365e85cc6e71fbfd_adv,0.08701383322477341,1
ea75d85d23d824257d18e48a8a2b2f9f46ba1bb864b8a2db620182922319d061_adv,0.42107832431793213,1
7a71d4f5ca33e98d189e760bdfc66962b789091506ba92eb97d947683715e4fd_adv,0.05490166321396828,1
2b9849a2c5271c4ed08c67fc8fd0d1165c73c89a38037aa2eaacc8bb39333cc0_adv,0.4132062792778015,1
a516203429073ec30764ef366aafa3938af65fd0881614b64f7cede651017fdd_adv,0.10290394723415375,1
13526e8e438566ec6d745f7ceba59f48f590e509f3431a47c122e2388dbb46c6_adv,0.06704898178577423,1
c4765fd5f9c7278faa2502223c9e037b1d3a1dba20594490f6d7e625850ae903_adv,0.15821418166160583,1
efc6d46f8e7d0f2930231a500f8895e19cdfec69ed53f03108e4039b7ce92c95_adv,0.027679141610860825,1
3fa353f2decce1522fe5d0d5903dab863977b39451c5056a30ba4687fd719638_adv,0.10283596068620682,1
1ff168e145501aa57d0b805529d20f1ba23adbf4966b94d8aa5e73cf6410c635_adv,0.06540579348802567,1
ab09306379e076c30853ca2fb3800cfee6b77c2fa849066edb57a0f557147b7f_adv,0.9439992904663086,1
7fd0e8a989453b3cf09ff9b8910c3aa029dad79544c0b14744115d0dbf572791_adv,0.9902371764183044,1
193e612ce01ffdffe5c568f02f989e2a4eab891e0b051ffb2d5742b4e8739d11_adv,0.589715301990509,1
1837c6ef85310653665eea65cb5159c596c54bea44d759ca155569ac853b3bc8_adv,0.01845560036599636,1
11e39965e83445d3e5145c22e8929756e1b900f19e294a6b99c6f5be41759401_adv,0.19761249423027039,1
c42b903d1b6bf8df5a164c8fe85eaaf0bfc82050c423a6d248ca68f1c9809e5f_adv,0.9390736818313599,1
0ad38c732a1c16087720ba3e2922a9cb36f25cb59283c8d09a33025f3400f98b_adv,0.09099284559488297,1
548719cbcbb6e13944f8b25d0047a17108b95be24e583fe4ce54abbe31091aa0_adv,0.9913312196731567,1
10b38c0507aa992eca4484e6810b5f73e7369bad60d9648da8f6330cf7330c4b_adv,0.2522519826889038,1
9f3d746cecf6ffd8237534ce859cf1e2b2d2d558b72900971b836c5ade869a1f_adv,0.589718759059906,1
ef4435d9d7c4b3929c20d1376c8dc4a7027eabf1a390c73d5ba697c90ea16044_adv,0.053885575383901596,1
6d1f841a007f37ad7731536b1cb601646ff0778fde37a45cad2572fda2778f11_adv,0.01511011365801096,1
bfcfbfe25f6b5f71ee1556ce4ccacd59ccd2aee4c72331394b88ea4371649060_adv,0.06986464560031891,1
1d7ee95d4d73f03222ec394e61ffed60571081d96b693ccca3aafcff5ddc1f1f_adv,0.20468422770500183,1
fd78bf8a7171fd527f41184258f5bedc54e29ace16bf82dd3d835a53b2532107_adv,0.12070760875940323,1
eae1ef1308d01042cb6b4a3f1b9c517e7d06494ea24db72f234d75e49a134253_adv,0.0540279783308506,1
708a969fef6ed5a2f6a41bb2958eddab7935c105f9ad64d804bb932e3e34f261_adv,0.031021680682897568,1
682bc2d4305aee42e8e1f1706a48c5fbe61e28d6417349250e1d46ad0b551abb_adv,0.623902440071106,1
de00c1f364751c4dd4fc03b8cc873677d1ccd1ee17ce5b284f40daf9be83c033_adv,0.23234324157238007,1
3a12dbcfd9307c3117bc87f2452c4cbf766e5d2b7f27bff07c3ae17f43042233_adv,0.2926104962825775,1
9004e64909577bca528298c91fa1110aff9ce274e483dd263578e10f4bcdbd5e_adv,0.6900738477706909,1
e6a7d707e92f317c7d2a607c749ce5b4b94acfef48d51f60c0ccd64ddba6671e_adv,0.36066874861717224,1
e85065b8b3fba624c92e32bed8e510531b885c52fde6a3e01600d1846084c743_adv,0.06345553696155548,1
ba8c74107bdf26b99e52704733a1f7ba49af47b893a3d60ca9dddf2d59a3d5f8_adv,0.1027599424123764,1
04c7c30f84111e5f8c0de130833ff6ec73f1a7b852385ee6a3f0304f89fa2385_adv,0.16557233035564423,1
976c0a38d3a4256e5cd695d3068f729c8056848f0fe80d6c249c77ae4dddd46c_adv,0.23701103031635284,1
2e54fa57a65b35b53a7fbe85b092ecae8f3ede9431913d4543a6df299cf006b7_adv,0.7487692832946777,1
205a63799148b6a3f1306e3506ff81c5c13dc0b074a16a290cf7d0aab2105885_adv,0.09447282552719116,1
523122f5f6bc0fb0ed75ba738dcd6147980aed52e1aad4c1afe1ecc68e216655_adv,0.15472689270973206,1
6b17bb2579041a3e79a2a757d06703812778eb3852f1daa9170fac6f17bb7b88_adv,0.6433086395263672,1
37720eca19b6c3eef2e4396e3fcfcc02e93b81f5111073e5f17183cc4abca757_adv,0.41493672132492065,1
c09d14d79860b2a7cbf0ffaf412e39eb783e55d513c7be177a36aea504453828_adv,0.06737574189901352,1
db82325f8001a23793a5a9f39e9a7936d190028724b4d78f7a46a5fa7db653ff_adv,0.9993056058883667,1
f1b6efcad838236379af0c1f8579f0b15b14c0452187e890245daf9ef7e8e638_adv,0.6087853312492371,1
e86e41d821186b2442088713e13404915c525ee9a49fe2f904c8c93c2920511c_adv,0.2877004146575928,1
ad777a81f9d8390440ff683f1a4d979dcc602294ce8c8253a34a8fd7dfa94627_adv,0.8192448019981384,1
a3cf47c636a07bb5c9340333517e4a404915d347fd13de1dfbe8b95439634b8e_adv,0.711284875869751,1
03cf7e10966bb5497261bd387f3b9532f70a3f4a245a6241ae75351d7745fa32_adv,0.9945632815361023,1
f5d41df4ea409bc392719ce30e15ce228a6293cc9d2738ed2dac9f6a4f6fd770_adv,0.018036548048257828,1
3238f14b8f4dcc5c7ad16a075e7b241dc9aefef776fb906f29036f72ad882ffd_adv,0.07101315259933472,1
425f50f0bb1fc71924a204448d8733d8e0e90703f52436d9c72a716943c7b18a_adv,0.9998873472213745,1
334ae9aa23c52f5a34054338a26e8b9d4d69292691a1389ee7c77741c2f37ee3_adv,0.9858490228652954,1
a51921e9bf3dbeefcadd55842cacb0e51bc15aa255be676ab9e5c7a2d2d5f879_adv,0.3380427956581116,1
6651cf5db00179e8c5ef731fc2b130eb21db3aa04ffea2b47b0b04df3945f9bf_adv,0.4368143081665039,1
f6e492cd7ffa1d5625977732cedc4b04ffbde9330c50e1d300bfb16a22c29b29_adv,0.4133952558040619,1
7cc85a68bd92b8661f31b59546059d5425046134b7fc6075652c8a64bebc8312_adv,0.35226547718048096,1
e9c9d95839c4199aeac90d3d27fd72956c8003673b49d649137870058ad0d12f_adv,0.027679141610860825,1
2944706e1ce29875b2c2bb6a1e429e384dc635623dae3d5db0b54e6f89ce2011_adv,0.08701383322477341,1
35955958e978785d901214cf5f04ccc702ee3ac5c9b9ecb73289e12f669dc5a0_adv,0.9664009809494019,1
65bd73e2f1e7c51017944e7b6a7404fc008122f1766cf670f1925e606b2b071c_adv,0.4021793603897095,1
311295c61390dcab580b10297810dd8c2794d4c447a80e6a45082d2538abe0cb_adv,0.36522355675697327,1
161e9911ef0f74a36f64f223a2746776adcddb476e3a689221d54383cc33b82b_adv,0.46324315667152405,1
4236d4ff22243084a48bd37e631777d64d3d329e2bc9690296ed925c4a71022b_adv,0.3972870409488678,1
2d2693b5a9a0507471f3d7f5c09fcb385cfdbd275fa94726fb121dafb5a9a253_adv,0.18832924962043762,1
7ffc30711f79619b71626c2bf6d42f2a4205ee41782d38dbc986072c168982f6_adv,0.25041502714157104,1
74849c9b166e05c4b788d09aee5d5a9e0783f0acbeea38c6f92d29ae1e2e3a80_adv,0.3758375942707062,1
52617c3367015f6c9cc1431966d23ce340888cb949cbc8d1a0714bf88a9dcd3f_adv,0.087513767182827,1
2f30856e263ce70008fd1010a7229c6673bbaa3418e09052786101f453e2777f_adv,0.6433086395263672,1
8c3ea61a92f123d6165c612dce3f244bfdb50b19c3f0f7660491ca202df85611_adv,0.1132807731628418,1
cbc5bc48b8c2eca0671b6ac8dba5041fe37063229567cfdcc04293286d93f4af_adv,0.904400646686554,1
584091954f6724cf6e5fcb09753702655e1b3a189a82eb3827107416ba2e92ff_adv,0.9179776906967163,1
849ef8544fefc210b1d8f2f38fe76d257c6f58da74a842f5a8cd08595d96ac77_adv,0.039831679314374924,1
753245839c686dbc96ccae5d3c706b4534a069f99cbe876e63abd01f99f9d739_adv,0.043165214359760284,1
45ef8c16e1460441f0de0072b8f91efcb02c91c2fe68bf71c4d816dc0380c25c_adv,0.11092918366193771,1
e07e3093bae0fc024fe9e679896d7848d657583a9f9c9aab143145605ef1a03f_adv,0.9998080134391785,1
87d59a9babe4fce1eca7f773d0479377380b233bbd3657a468ef6ab8d3d391af_adv,0.16136528551578522,1
e7a3093e413a24daf03e1a1b6ebe2a9c9bf3dbdc7ca6a97acc501cc1206820fe_adv,0.14582015573978424,1
34673d26e8c12cca9ff438cb15e13fb30c15c127990e30fe9c794862395a50bc_adv,0.07835341989994049,1
e266cffca453dcb0f0ebff339efe4d4fff718083964bc5711f689466b7f7c685_adv,0.9995330572128296,1
a068a343b41eaf78afd65fe37e519fd40212ae7c339a6b24affaea7bf5671d48_adv,0.3972870409488678,1
26a95f34f9cc3673ba6d83c86e32bb8f942ad01691c587c31057ba86b15300bb_adv,0.030541587620973587,1
2140e749ff535fd8d433aff812202083e5d75cb7d92d3c68308ea2c69570c113_adv,0.4132062792778015,1
40a3f0153e27a4671adde35836e515798747a64fce7b608e6523d301a8a4a7ef_adv,0.03933406248688698,1
7623ed550396bf8e08bc9f61135fb99547cc0ac0e0b15946251ff3e62a6e4529_adv,0.4132062792778015,1
baf59192eddffc6fa474dc23c80e336be8d1058eb47af170f2d697a47433207b_adv,0.40765130519866943,1
b80af16578c3da9537cf760893e40db3c48f378e4467f010a4827e2583e7d4c9_adv,0.06687144190073013,1
e946fe62ae567af277f42bbdc4d70a98f481765208a811efcdc4f0c5fbba83ce_adv,0.9975051283836365,1
0f819087e32b8bb4fddbf0d9518095ef42fe277122c641262a99a34278bba147_adv,0.9664009809494019,1
e90211ca7555a9366ca13d8a65762a247001e82e94f3fe5da8350cafe5efc016_adv,0.05112440139055252,1
537bd2471ea896d97cf0d2fc6ad4616dd8616a4f72a6f2b4f75fa5838778d21c_adv,0.07195490598678589,1
cc0548db95f4da51f05f456dde49d2a4e9da15fb9e389a1982fd2b331805bdcb_adv,0.08832136541604996,1
a33dda443dc270669a1f3076d341a15fa83624b1205c553ce245fde438e5f5ba_adv,0.1422165483236313,1
f9ce53e8835f7de769b1fc13434b93d4e1104ffc0d01c50033d3f2a430152e29_adv,0.09836667776107788,1
29b66d95872f873841bb7848eeff0b7f47f28d2c8de2d8440e98780d5ddc6472_adv,0.32162463665008545,1
a81fce58079d141d90ccbd718a208275bd042be1e27e89a1c3857072afd0cce7_adv,0.7466377019882202,1
9f3bf035f3b79536936de64e1480ba9dc69df858c7dba8a7cc678472fba5b0ff_adv,0.028923550620675087,1
de3cebcf8866104ea1f424f628a354308d5b54eb80475d6016e47bea16047c56_adv,0.4868374764919281,1
cebe84428c348cc0b3cdef705d782f86cb8f6c8be72d2bf65ebe825d6df7e457_adv,0.408449649810791,1
d1bc90049cb59ea9b8cf51ecf833c330b54dd02b2cc7de206273c0e8d578e839_adv,0.6087853312492371,1
1a08714bf2cd4ace7ac85ac8b6d3d1abeb91224026dbcc2ade53b8744f517a07_adv,0.21248787641525269,1
d0ec1ea2e5d294af62ae93f7ef35ae1bf0008202b507f663e1eff25b35aff907_adv,0.1528521180152893,1
ddcd5ffa9f5b2e2bd0b93607633bd1a0f4324869b131520b24b4f30c9a7dce28_adv,0.999235987663269,1
ebddf6921bf49c4f69bbda7e93626f73e192f8ac0ad1e661426fbd3db7169e85_adv,0.1457083523273468,1
d16375a32df5c3a4242ff9043eb1d9651e0ccdf2deda338890f1ac55dd1f29b4_adv,0.04101419821381569,1
58fb216472348799601f00a7de4bc47c27f10440892290fa021e46d6fb5f7321_adv,0.1328546404838562,1
19e3b7e9c5b3977964fef6f316499927afc75dd6ad658f84b52387332695353d_adv,0.965415894985199,1
42b74c5b04f8c2475200351a3d3e350ea99d99d65ab2317674837967a3ecf0b1_adv,0.09963081032037735,1
07f2ff1a04a81db61d523db8b29d82cf340b7bba75275d10dad811c16f6988ae_adv,0.04262925684452057,1
c162cc496ca82ea32d68b75ad63b5fc2ad8b6342ea38bfb45db7f22f1c1bd4f3_adv,0.47155627608299255,1
3d45c304fa6c492e8e7424067c3ae139146534932cb480ca83e15dd45015bced_adv,0.9811906218528748,1
0fae3de17131cc883a07ceb8ab5bf3c0f5218186a59e5cc0d0fcceedaf16828e_adv,0.03589755669236183,1
eb7a8439d7765ec4b0ec52eb13fd8fd8fd25de55aa2d80018e8561c830486434_adv,0.07965446263551712,1
0f9b9a6405fd4c6041bda920f925853aaa28a8145e37d9b5dac734d1bad44f03_adv,0.05062812939286232,1
16e5d522ec2ec810c8e73527cbe9ee547d81f2f11bb42c8dcd3e4689bacbe899_adv,0.31648096442222595,1
659e4a491a907d9d987a62d1bfab76751c349e4c07f7adb20fa820662a692d0d_adv,0.4132062792778015,1
adee09d8c192428fb39cb512d305c3ff816f6731989e2415800f6347f229a9dc_adv,0.02749202586710453,1
4db8ac7cd7b3c035337b2b0efd17223eace1f96d7c3c07c43d717d863b5e2fea_adv,0.06260373443365097,1
ea5b06be10f082aed2cbb57cc32c30b060facfd88f40355ecec55a22103d2a4e_adv,0.5709869265556335,1
b8907adf6d1a756ef3ec38257c5c02c1a8dd39aced0cca86b6c3e4db6a3952d6_adv,0.9747639298439026,1
dfbc3ae9f3033b0bdf2027d2d41c612f5a4dbff6e529f026e262d431a68a07ed_adv,0.4132062792778015,1
295f209c94f207deda6b9c06f2700e829f3c54495a222db857d068ea6fe88682_adv,0.0593087375164032,1
6f77cc6483b70e94fc1900aa88d3108d1d5cfcfd7dab70ab46d31ecd2e549c0a_adv,0.6438165903091431,1
f9774c92e3f68847257003eae72852d163156fe700dd044e8d0e82996d864181_adv,0.9972319006919861,1
3b08b8a787bf2ec7dbf08e5eeaea1b3c0b6f6b053e2a1ce3b50fe4181a07f484_adv,0.03123503550887108,1
4f64e70d666b431ebd15fb0638445d6fc72a366975c15a5569dc75dc26256fca_adv,0.05670461058616638,1
814e2e7fd5f0d0c79205b5cf44d416ecc7ef95153557cf7a3f998d66fab7c3f4_adv,0.1941271424293518,1
1166bcec15bec1020d357a1c5cad80113d502abf18fb39500e337c1c7440388c_adv,0.1253882795572281,1
e6b4adf219500697b7c0f836c6954b5522cec1b0c6ea50bd3d73d7410f9d9676_adv,0.550588071346283,1
5e62de83a5eaf99452cec55c2e527322be3bbe3764016ebf5971675f5ece4bcb_adv,0.9003665447235107,1
929f4bf90cb067114d2899a9ea52e59c06b9543baad4e16c12da22782764740c_adv,0.25195419788360596,1
2ce71b04fa049f819e0b2d443d2fe1c25bf967db114e8e9c58bff03987a98f8d_adv,0.014294177293777466,1
d8b1f14c3f33bf18807ea26270b8f7d77d12afc4ce25c76a449546c4ba903217_adv,0.9937697052955627,1
a06c7295f2130709795fce5d6ee6bc43ece7be6c1893258abb1485e8d9ee5fca_adv,0.35661041736602783,1
e07f7a40f35538946b9e6db267d13a4595db5cda8a9b18b4c57c1c5adfb69be6_adv,0.030160289257764816,1
924b4a52b836799d87a59dfe6da36fb352d80ba8b4f528a4705cb07a93a9fb7a_adv,0.5285506844520569,1
e9e0e31ca713d6e5ef48f77cc55ef1dcd724f776e66f14b001e2d06509a83fa2_adv,0.3252720236778259,1
d7e8be284cda2a5f0d379019e5c8c41a5c2d2c1f67e60d8b2a8b4d3b0caa75b9_adv,0.029046667739748955,1
f70b96e6cb20f9d0bea0b51ac3b87267227ba0d680cdb96651a31f72123f8266_adv,0.16930952668190002,1
e7a0f2c48dde6c579a10085c408516c47edab7a58ba5f9d5ba595b8a2eeca4af_adv,0.9935641884803772,1
31790cd68992b20314ea13f65396891ef58514f9955793c08033b175d98e1eae_adv,0.9642547965049744,1
46469d6ae23eba936ea4bf645784569d78526afce95e87fd716e45c38834825b_adv,1.0,1
d2cad3df1d4c3a986a56b0d095f4c52b0ad6074ad8c6620a5a78e6cf289473ff_adv,0.9889692068099976,1
bec82226b11d2e6638e699998ea57d7fd6ee991719cb76f2c786e61aab58a1aa_adv,0.4132062792778015,1
1e41b19dd978933e84c5f3f79d44b9ce10e3cf156219f5d2eac8761e909c8c38_adv,0.16347910463809967,1
dcf6be924bb55f1ff4671be426eeba0706828bf204966584ce176699042ab194_adv,0.3972870409488678,1
a25262899ff67d81c05b0c1d28141022255a8dbc9610826d8b69efe4505ee62c_adv,0.06354290246963501,1
8b2095f09a95a67572befd35a95695bff3284c7180500db366241dae833ce259_adv,0.16593383252620697,1
cf6d932705722eae408020a00c72fdc1e5bc0b1ca12dd6d932fb4296df2e0e26_adv,0.3760231137275696,1
2f5c6182a70cf89a02e7f9ce3f05901db22ee0237e010e531e6a8701aa188e51_adv,0.031021680682897568,1
b5fa3f7c115b2f5196f78b9e0755fff61934b24649f4a4ffd8bafe73f1cece23_adv,0.1142922192811966,1
74e623c320a890fb504fef9ff606292fc7b518403ec67d597f0dca2a7fca570f_adv,0.25273430347442627,1
803f8a325d3b1bf5aa024f4768e6e01f882ebe6fb002a5ced09a4f592bd7c9f1_adv,0.3274883031845093,1
16b16553f5a7d21e74b7af88cd4b5a403b363647df86999a1c8c5d1a9d593d6c_adv,0.04534367471933365,1
7eeca24cea76efb0751d52932ba3886d926afef80acdaf58f70e494ed38dbfbd_adv,0.056326963007450104,1
a21d80242442571dcd197212dd0c63a7ab8a087ed135f19388d7d632c0c11594_adv,0.14751313626766205,1
d8baf04b924a4a2691459425b54e24d5988db808afbe35b53ded40d09c6694dd_adv,0.11835101246833801,1
8813dd60036e56702e868663aabf2ce68cf9bcf4a9f17e4995248f36d00ad12d_adv,0.09703322499990463,1
e5820e229cc14a89eb92c3bb7d0d3b5b473d1d5c8f5b4adb9a2ddcb43ab71c10_adv,0.27106600999832153,1
131afbb89cd70ec2501d4a9ce3fd6b830d84abfd168fe74c772ff673506e81ce_adv,0.15049143135547638,1
62f71e4f684e4f72c5472c022e03ee37c06e7e43d6a658a6dda3dcdd1cb5b0e2_adv,0.9995102882385254,1
47059e444d975537ba826424da94a9c2f4cf31ee291594f4be5df2caf5471a27_adv,0.03800981864333153,1
616212ab27e48b683fa0bf66819cad53cbf4add2704190b4209e3acd5b96638b_adv,0.1695464849472046,1
16ca7694fd7b9948c6d5f62cd7d19df95fe75365b6bdc9289ea8eaafe161773e_adv,0.9570716619491577,1
40341d4e7a07f90c1553e2b2ee2e954fcae26294e7a4a27ed504ee63ab1d6d08_adv,0.06618572026491165,1
8e1ae41c98b7925a2af3bbc65e75d18e0d05cc9f7886aec35aeca12b459a09d6_adv,0.9113568663597107,1
7955bfe7849d980671368b7054ba2d0948b19c8c7a2cac78a931a92b1f246324_adv,0.8001847267150879,1
1b93abbe655715b730e659d79ce0fbfe0035040c4f594b59394e265975b7a1cd_adv,0.2508469521999359,1
8355986213344ca056b50fba36c2a4264c53b099a1f7ce58c9e24337b1038967_adv,0.997945249080658,1
5cd69f9911bc1180b8fd44d588cb441fe2268dff9d2d299eaf61444d61f92551_adv,0.2757616937160492,1
3dba4e829b47a176cda9b7d96523723918f2c972778e76c0cc6cf192ffaaf6cd_adv,0.1141490712761879,1
a7fd4580fd047630dd5c7c3f729b4b4b38b7384d359c431b3a26c1476632a781_adv,0.9916688203811646,1
b32bc85f49ff3db4a2d0e83ac88dea49f705a9c3f7c01750866392a70f302ca2_adv,0.682153582572937,1
bced3767f41e2c5b09a993db1531c55d93194ff4da30f196cf1e41d9799309dc_adv,0.05528024956583977,1
7992a7652d0b8cdc9f5ac1351e7d85440a3d8f9ee656d118241eebd36f273393_adv,0.7970975637435913,1
4e343b3a0e67790be572306570d2cfc742960c722cf8ad99f819e06dcde8b76e_adv,0.02801990695297718,1
8f957d73e48d03b07131df84de38cd11dbecb05d35f4684aca30d00c6ef5c84f_adv,0.025530610233545303,1
e884adfc85c3d3dfac12490f52ce49c2bda26b2a68ed8125725a90b5df87e5c9_adv,0.4132062792778015,1
1ca48a183be9f3b1c74577bf4923148c312040b0017a3ed849487f5cdfa9aaab_adv,0.15638719499111176,1
3ded667d8bce7820c09a1c906bad0fe4578cc8828149151667a25ca900cd9316_adv,0.40849244594573975,1
c0829da75aef6007f2aa04dc10908ae95948eb71bdcf47f4bef4c098060f23df_adv,0.09703322499990463,1
d4c3281d1514bfb974d273c7084dbfd4766e77035b9587d95e4d8e24a17995a8_adv,0.9989417195320129,1
678ddaf0155c54de461eaeb613d919991398d0de18461d8401bb060d9cddb8a3_adv,0.9998152852058411,1
6e1136d26911d5b9b2c276b960159a51a2f2fe4013fcb625c26255d9f885a8b8_adv,0.011138991452753544,1
3f617c733381c0d11c9cb539a218edb729bd63535733ae6ef8c0ee4219b6769a_adv,0.09786411374807358,1
b6a1ee239f8d8cc0b9546ef1ca8d5bb9a8f805e36d66508899db48bb796498e6_adv,0.22975865006446838,1
eaf63aff4c0a2163223b8335230fe3f9dbdfbc95b7b3d6c1566c53ba847295c0_adv,0.9862223267555237,1
8df713af331cd96c31a4e27fb7feb89e570546b025788fa4835bb1ed1fdd8eba_adv,0.9997846484184265,1
3098b1b47ba3a694e321fada1dbe8ede0b9e5753f90b4cd77f4040c0872c8261_adv,0.4153887629508972,1
56da1546c3312cb41c841eafd3eea956c6a20b1726f604bfaa86c7d4864db9b5_adv,0.05349620804190636,1
6de850ae986cf6eb617e1c696e055eee4f48647a4e97fedb9d0e72d9e244f0ca_adv,0.39240947365760803,1
9dc4b2d04640b729cfc7b89c7f48ae1196e807128076c011f894d248054558b2_adv,0.2218373715877533,1
97dca4ed08aaa94889c5138f643314e65f52f14d42784bfbc54e416fc6dca1c2_adv,0.4260660409927368,1
9664b52dc197285b4402ab62d7bacab069a49bad8c5fb892866c7659fec27303_adv,0.5523344278335571,1
56675441cc1c471c5a0937c9d64afa447943fc7cb8457a1751b36fff893e0a8e_adv,0.031021680682897568,1
0007f8bbd76b65572308471d8b48a32e8f0dcf86ca0dabda6039007d39df4642_adv,0.024022437632083893,1
61bd1ba5b378461cf66ce41d9151837c56f131565bc9c6ff35a752ead372de29_adv,0.05528024956583977,1
86e2fece2c001cb0f402c8b6491fc220682e1b277124763c83df35c487775ad3_adv,0.46338075399398804,1
1f88aceb4511f11dcd521154ac9a0f81559be53f57c73bc38c3605aadc11c266_adv,0.8397132158279419,1
e20c832cf709d5021764e46833326e767211d63b20a2cb36016863112eb282ee_adv,0.6433086395263672,1
0d2ce39827f699bc0eae64b504ff22377c8f9fef2c3cf97102e71998b33cde95_adv,0.1463412195444107,1
760bd754212d747a7f6e0c1c9465b55aa025a97570bc65c1eb3ce6597affb98d_adv,0.07474026083946228,1
94504535af16d46055250778b9cdf8ff9948a1e23f00b0d354b3c2bde7610f86_adv,0.4132062792778015,1
25f97b868c210897b099b1376d25d732bdbe31cf80345ef7f09c58bf75c7d6c5_adv,0.3972870409488678,1
f5b8a6eab0af85349ddca8dc41d835f5ad4c31d6142ef9fc3a9938fb07d2c551_adv,0.31749725341796875,1
3520beb163300f9582cb53266dee89c837780a4ef72600489b56de7c43f39989_adv,0.13683846592903137,1
bcf95ec632758b6bb9dd3864046a0185e02c62231cbcb5073e1e7e426daf4d0f_adv,0.2972583770751953,1
44be5eb349da86edf2da1c38f0e0112c6fe2bbe416aefe1fa758b5405c9d3fed_adv,0.027679141610860825,1
755698ef1ebc0f5856d5d3c4d277f755dd132474abd37911dbb59a9333c32ca2_adv,0.9071414470672607,1
58f9d19cc54fbc1a07eac717fc8c2fe8d07627cca51703a952a40c47769fd266_adv,0.027679141610860825,1
8849380cc34836e98d999dfa7ecb862619cf17dafa9d1a311c5703d8819b87ae_adv,0.9906482100486755,1
78c4d8f6a8bc5a5e8cbeb2eb4f15184cbd543d295d1f71796a76939b6430de2a_adv,0.010886414907872677,1
5d7ffb335a9a13be4364a68b1fa8d75fb3434fa26cb76e8ae5999c15dd3f80fe_adv,0.2847568094730377,1
144da868a0ca2790257bee92376c9c20747b72c5ceca2bff2b1649837bcb73ef_adv,0.3494323194026947,1
ddf6a5cb585b9eca6fd4eb15adbcffce64a6535e66029c671feda8c16f3ea9a6_adv,0.4132062792778015,1
c7e6efd0cb1ce008f4b7b424b9c0731b14e60811d34fccfbb24ef7d374cc2573_adv,0.0033294979948550463,1
cedac6f5be6c6691f137117b3eaf376afa0dbfa6491bdd200ebd5a595a82bd32_adv,0.02633202262222767,1
890beff174d6bc93d1c1cc265b3b07a304df375f467aa50b2fde807c29f3afd5_adv,0.1027599424123764,1
0a15aa2ebe8a0d5878a4f8c43da0494bfeb1097896751a8c2a432168dbdb2d5d_adv,0.1371571570634842,1
ac2265c563035d217eebbc068b793ffccb1649b62f699b4455e2d006f3c27e21_adv,0.04701084643602371,1
bcf746ea309c2122731f99c50fcd82273142a5ff46322d2fdddc92d74f0fcd0d_adv,0.10542232543230057,1
b3dc80a9f312fd25779cbdc805c9f60fec4b726c61d0a1757d12534fdc5aa8a0_adv,0.21002599596977234,1
3c41cc9b726a261ee346f4e0554c303926fdd559a514103c2e3ece298434d0e7_adv,0.1027599424123764,1
a91aa3d19d663ec2e4fca649db68e680859b56edebc0643f0fd8ea6d807d47f4_adv,0.12196297943592072,1
e87de1159d60a3cdf27f734579e7f96f0675ca0ef3d5bed63b626a983b4343a1_adv,0.4132062792778015,1
8d51ea670e819898052ec1643d85b42d52a1ab18dd738c206277e20a65460394_adv,0.011250562965869904,1
e377041b8b92c978b11b48cc28946a38913be80b09e2e6ca46797b6702252c2c_adv,0.15589550137519836,1
2391ebe54d469c73282a9d9e72f1f05ee365d1255a94239ac2e94a30d3fc1c86_adv,0.06077171117067337,1
a14b31a8bab821f0368d6314437f5dbef64328875c91bda195311f2435ad403c_adv,0.09805787354707718,1
fd2d413b155e51bb68f42ace3a44677e9edc1cad1d2abc09327303479e27cf08_adv,0.27503785490989685,1
89777234e63d7db945d7d2999e2eba1e007a7c07d6eb4de8f07712578c9a1984_adv,0.7860403656959534,1
121e50ee5abde08b9c3a4826089e947c6d43856a8f99cd6ddc3e44d9d7a90fd4_adv,0.6662047505378723,1
cc62bfe67c2c306e2cf7b95fbd96369df1e5bdc13af9ef48fe1bdc9e0d1586e6_adv,0.1773182451725006,1
4d80f635af3b6f345cc63b082748226b1119c40762488d8e9884fceff03b018c_adv,0.5339000225067139,1
c51e9e054b8de62d7cd4de15c8d0703074e7f6bf8f066792f6dd27f336607c1d_adv,0.05014728382229805,1
928fd424d4f8b9eb6b1a12b4ff36ff4ea66ff5a1a0449491cf46db19dedb7f26_adv,0.02520802430808544,1
a6e4f15fb79696e8697771ad5433c81bf3f08379a25c3380571bd22a84b4ad1c_adv,0.12116539478302002,1
9537ae23bea1fd844c223bc1100038182d38d4af881574ca595087444731bb91_adv,0.9989822506904602,1
689ffa035be0b7e9c3ec750b63b0f86e9522f00fcd4da05a9d1cc9a491750973_adv,0.1968967318534851,1
556ba54a9ac9a871c9b78b9f5b450063c5707118dda7dbbec115b41127b1ecd4_adv,0.031021680682897568,1
257fdf10aa38e4562836a6168a59d45fd7da4d889d0a9b6fceb3e7b185e2a3de_adv,0.1739913523197174,1
c4bbcaab322f11d0cd239a2cea92ffdf3fcc995794f09f60e67eae2d187a45f6_adv,0.9914925694465637,1
3acf1acbdb39df31dffc2f687436429d336af62cf964b10f7e7551610087595e_adv,0.9995537400245667,1
ec315482607183d46d0f7005e12e08c95d3af60edd674554edee4fbe074e24b3_adv,0.08904077112674713,1
4f3488a2a72709c2e8dcb67907eebf95cb42e304338d812aee721d1f6063ece3_adv,0.2422487735748291,1
d95ccd2112c62688f1d16ca8e6bd2306c65230b1746b380885bd9e9eaf6061cd_adv,0.6433086395263672,1
2fd9ba6a63fc106327be2f1318d6b29195bd7d3e72bbf1f93fb9079754273a50_adv,0.4132062792778015,1
a273295a7036dddcaa281e4178050d2c7cc30bc30794426f4bf898229d66924e_adv,0.4132062792778015,1
653c7d2f8d80557087b3dfa721717a7f06f9c5655faee64ccd9f8f7d341aff8f_adv,0.0612390972673893,1
f3973730591068e1ef5774d788d58f19bb1d478ea5109b4d205065aebfc4752c_adv,0.027003124356269836,1
9c62132b2f3b716e815395207b63c7136cbd1406be50103c9563a4fb3c5d9057_adv,0.42839762568473816,1
51b1833742b035fea65b2e0e7f5eceb91cf95ddf8f6af3ae09d4a2c0aea52f12_adv,0.0394507572054863,1
506af9969a25e90145d6f3377c864b2d6a1e60dac0c2aedb0adc8ddc185a936b_adv,0.7532086968421936,1
cfdd21134d6f3fd3e23cf327b3bdfd14ee1e81cca0c20f19c9d3aed0d2dab758_adv,0.05528024956583977,1
cbf136607f1fde4e2cf84bfe35976d7f5314d1181d62d66af4db15934dc313ed_adv,0.170476496219635,1
d9874236d1dba1983e888d6effec3488dd6bd4303a717c4ebf2481d4cb61c5b9_adv,0.6929363012313843,1
6c45c21a497be71dc8bbfb08bceff512e4599aaa78b2bf3a297436dcd49730dc_adv,0.1236812099814415,1
5e61e8c5a31c74345fac6498542fe1361d1f6eaaf2b0ba02e821a260f2a6ec42_adv,0.46126654744148254,1
98c1f64295e25c20e98eade14f0f3f76f1c60e4a06d3b699980796823611a745_adv,0.991908073425293,1
08a02f8b9305c96061518d35b5f9a917897a9cc61acfd1f0192b6d3545a80e01_adv,0.9902371764183044,1
43d475ec726d72fbf1354e8d087c2b89d1134efeaa678a7097f0199764518ab5_adv,0.2722131609916687,1
c28e86b66f4da2fde70f44073d6723ab14cf95a84d75cd9bf0ad75398fc52cb8_adv,0.11291547119617462,1
77bf32443b9c145e31b95dcd4166a928034011084160db1fb91d6f97d6f45225_adv,0.07861277461051941,1
4bd779d12436b61d94ea46a1afdb8b42ff7ce9c6113cf7edbf3ddb1c0ddf8586_adv,0.8983299732208252,1
e79af1347ba1f1424d00bd6759ba9da70bee8c509f7f5802a02b48764a28d7ab_adv,0.057034190744161606,1
d156824efe2775ee6e467285c3cad4bfac652853bb94fb9a1fc944a9241a65dc_adv,0.6878649592399597,1
e6e0ae64c09c9c38efec70e33bfede952c9ad5ef63dbdc15f54c2bc7442238ea_adv,0.05905003473162651,1
bf8c607f581cca028ab5798f40d3903965923e82b04ff7eeffea18bf75c3a80f_adv,0.062122892588377,1
f427291a4a834347a81eda153484945b82f598f1cd9756a035db07dac07cebfc_adv,0.7478859424591064,1
efc19b0446ebfdc9e7f13c84585372e9442e89fb96b5c47646e45f90708dba60_adv,0.21698960661888123,1
538210cc41487d3f25e3dbb3daeaa31a61292355231182ee77f29a1609989d64_adv,0.4219580590724945,1
82b1129292f1978843c6a2be53d7ad451b997a71c858eef9c7283473f5e22eb2_adv,0.3532370328903198,1
ad2563b7ed44164cece3169529003268ef5bf5936e976399c9f3494603c65ff5_adv,0.9902371764183044,1
6243a67963927463d6074636d75c65b684dfe809bacfccd137fa2a2fc3deca87_adv,0.06597480922937393,1
69d09366c10d375fc6a0e24d5e9854b8608d1d1fefee72b4b2b2fe09a4437773_adv,0.07762078195810318,1
4e338ad8339fcad0cc06614bf1cd2279051ee3a21102aa5f7f7339e443b90069_adv,0.07136400043964386,1
eaa9e26afafe0464596725c17416b6e1a78a6385aaec752b69877ce65b247455_adv,0.03421758860349655,1
92e43f063f1b8773f4e2af58c1eecc731fa770fc349b0fe1f8ae458e75f27de9_adv,0.05018540844321251,1
e2ff95f65502d32fcc9cb0026102dfb92f32ff8a98dfd5d2aa4ef8a796597324_adv,0.058969900012016296,1
f7021396df7121aa9d453fbc6146c022086945a0997a99377cb203a8f492ead3_adv,0.10061005502939224,1
e4ee4b17b2594065b3ba1731dc7d02b92a2daaeb1c37b3de05919ad65efce04e_adv,0.28238824009895325,1
3d7867b923dafb43558cc03542cc4f339cb8570fb5b4cdc94a4bcfffa4ddad28_adv,0.009096032939851284,1
023cfac02a2468c87caa61693b0d79bb8fd71307154d2f34cf8b4ccd6de7f908_adv,0.9735886454582214,1
095098b74d141ec454af529fc7c6a975eb1c7f021866d3ccd033bc4772db28c0_adv,0.9561865925788879,1
49663663f2379f88dc925bd4ac9216d99ae22b999d9295d40d9e16a7374f799a_adv,0.41524386405944824,1
2d796161e70b39c9ad4b15be9042b2c428cde0a8b54a154570956095f04f412c_adv,0.1853344738483429,1
5e6c431f99f7b35c745750a8fa801e0b15ee542e456d638315a8358463fcffb6_adv,0.9615262746810913,1
82f5b441289511dc39528efe7436d8fa5c7e754c71e9528a4ca23dd1b287c257_adv,0.12391790747642517,1
3aaf16874ff7e3f1c90243c5773a2819a8779c380e3147d0dd6330da2d3c7040_adv,0.37072038650512695,1
001c3599bdf9830c765af73e5a5bc69c2b20d61bb9aea70910e263eb6eb97a85_adv,0.9999997615814209,1
1d29f183a9009e6258beab3c83fbd9b57107dfcaee744dc1ea88444812cc090e_adv,0.13607561588287354,1
0ac5190d36101337a169f1f6e65d0d13913e6dae608c4ba16a77d33be7b9eaa5_adv,0.14675086736679077,1
326303f0eeaa6e767960d460659df22639f9bde4b0d2ea80181b3b58b37ded07_adv,0.08357580751180649,1
fda76c03f54a6f51bfea8fe0297743cf391e80f97ecb69551d6dcc5e61e94a29_adv,0.1639406383037567,1
26421a619c6033aff93b789312f4d42e52f74d1b19d3dc358f14bcf87a8351bb_adv,0.06290164589881897,1
038059c8e8a5c029b2e2e5e5082df755f33d32819b1ab03d6aa6384bd05e9e62_adv,0.46338075399398804,1
e82da0891c1bdfd861c26b4533ebab8be7dc6eb1590fee33eedc6790cf1e947d_adv,0.31413349509239197,1
8dbdc603b19961e5d510e57dbdbca265e7f81ffa86e302da1a1e7ed2a36af8e2_adv,0.05528024956583977,1
88003f2482a9333e4ab5f74e48e8e6df8cbb77609fd94146ec4ff95949a79238_adv,0.09667932987213135,1
7be770544d35749b63996a43aca62a687e4b351ce7b1efe63719156c809405dc_adv,0.07486150413751602,1
905bfa717b1a2e5e7f52f45462cc6df5334ba745398dee31c0fab026f0a9171a_adv,0.371224582195282,1
9dbdc25e45b6b5c75c63e36b774f8682da0a43067facfb5caede5ebdadd9560c_adv,0.2780408561229706,1
5f69ae3d32a5f7923f5c912d8fb287fee7d5de90523da9bfc1b4606babe14816_adv,0.3972870409488678,1
6e2131816521e6e7f88bd4ff5afff447a4c1355dd81b38b7b8edca83fe4a0520_adv,0.024677913635969162,1
619a744fc8e0923a3521db8f547f018afc0c9dec160f46b9229d18d72968f561_adv,0.02428547665476799,1
19694c80165608d8e03ff3e7edd083820f0ac180109f8a0822a312b42d102561_adv,0.03571150824427605,1
a4e7773e49b3723b7e57955f0117659b4d9aa3a6bfe26639f4a9022d7183d75e_adv,0.11712813377380371,1
7305a537509a455669779de12104720d17edb3309f8f7d42db6a13ff08ca46d1_adv,0.08296718448400497,1
27c7805445b185b25cf4f4e7543dbc7e1ecb953a4493cb05058e2b43fda55318_adv,0.9498294591903687,1
a6603cafd42811c0040c3398efaa11009d80acab4e734b3f70f59a5aa0ec0604_adv,0.847100019454956,1
f5211d49f8cbcfdc022a8771020472d10f937ed58014372f6407ea0f01cc6936_adv,0.2216479778289795,1
7b554f58befd95db474e7a7cc47f8194d693fcd8384e3e71bac01805bdb351f1_adv,0.3380025327205658,1
48ff2cee3096f0f35c87c9eb70f6b714cf0c5b8fc00de24176fa586bee9f6273_adv,0.056326963007450104,1
3267c2115249a990054b8235ca5912e9131c1879ed5ce02297c4e5e1b6b85b06_adv,0.7280469536781311,1
406eacb422b6513fcd12d262e390c49bb33bcef68f6bb1496b6065e3b70857c4_adv,0.4753907322883606,1
331d90d8f680680dfeac32277b747889c9d0ce43c229647640041834c113a7a2_adv,0.029867570847272873,1
d545197daf52f29ebb2cdd80c830e04d10a4d9058bd8bb516b850d176c5f702a_adv,0.21864034235477448,1
09ec9db80fec9fd27700c94ef621a1ed86764223ad607ef2e79f740ff3c6f794_adv,0.056326963007450104,1
2153db3e05a25ab9453909eeb81602efe1c95aaabede5b0a36b662900c74414d_adv,0.999835729598999,1
74de630fab94609b0c0a9f51a4e767e03fa02b195f75a4d52dc2d2b385621c5b_adv,0.2766619622707367,1
092452158ee4a65ed5c0dd812e33f1ac4315fc38e2dd169e5257f83a4aa86fdc_adv,0.9756131768226624,1
16fdefee91741d13a3001611d62f3d8cc9cf5e8209dd3d3bb0fc9899f6997dab_adv,0.17888930439949036,1
5539b2b24745358fab38500b4229e0b0c0c3b2bbbf1a0fdb0a13fadf43e9d2ff_adv,0.22924582660198212,1
5e347b50d7a9fdff3712204303c629ec073298747b4d83b43623a2a7b25d2dbd_adv,0.45329028367996216,1
61d5bd4e3fefc7d6f54cd9b82268be9d277e426e3543cebe95d8085d9e6cc4be_adv,0.10005062073469162,1
57eaf5db98554e7582224b9d95765a92f438037982bbc0563456993da94ec3de_adv,0.13895638287067413,1
695813a093652645ead834c7398837a3ae36160e13e52b9477f41a2886b3ab09_adv,0.3972870409488678,1
4a62cfae311a417c99700830b339cbfd630fbfa570d2e7482079139a6ec19d1b_adv,0.9986305236816406,1
1d8de875b814fd68bfc35957c0adc0f8af31f279a513cdc014717e076756452b_adv,0.3913922607898712,1
938e8a165893f18715359f3b6aab7702a98d869530fef84e350316bc1f936405_adv,0.05474857985973358,1
2b6f45e1187d298ad377c004c19c85c08431c5a9efb8dca706e356131e8608a2_adv,0.9983338713645935,1
ba0bd6241f8da8080f5d468efa205f5f0b3a74ffffd5da8dee7ad623de9ab18e_adv,0.7206401824951172,1
60d1409b2ab4bd61b165afe599dacf92e0bbd28ceecaca411882807c9b31cc3a_adv,0.9053717851638794,1
a669eba38c03958dce43e7b8a227a0af819862a40f5d5f0e39ddef3117582b04_adv,0.9990383386611938,1
e0dd29318513dc5475537dadb5da5769d2aef302048b7ad6a8c0d3dcb245bdef_adv,0.03972282260656357,1
3021af3d0a8bd77edb90ac103363af858385e7b63305403ebcd7abc0b4994d40_adv,0.056326963007450104,1
d29340582dca0d2d4569c4b759b41b6be282d187b8f5727fac0cb5cec737ff2b_adv,0.9993950128555298,1
5c5c3596c82fb2b0f559a5c9fc2d93389b4a1e112e0fba1fe9ef1ef347cb2dd6_adv,0.15472689270973206,1
a994a97af389f8541c5fd6ca47c9222870b22dfa0738e50a6ca08c975c0c98da_adv,0.17211823165416718,1
9ac15bdb639e52b7c28169b25f1594a46dc232867dcb6f3efee098e2203dc73f_adv,0.5377060770988464,1
5df7fdc06cdb74ae5214ef7b9172bcbed58d66057310e71bd6ddaf68e77e8d93_adv,0.015537220984697342,1
1002ec164e427ff2c51b852359a2547b9e457d621bd821097e4bc243c1cd24a6_adv,0.3163675367832184,1
511325dcd432492f0c8f1307002bdcfc20c99365cbfc7e8111219a5a7d925502_adv,0.46338075399398804,1
b8a07a2ce5b246bfacdd7679b6946469c89973b544c43b3375eb507e3a7388b4_adv,0.0651574432849884,1
4d9bc1b039a437f9a34d0f80f5002d957730792638765eecfc4f2692e998f7ab_adv,0.1538160741329193,1
534fdd6c4f7123fc53ecfe8bdb984c506f9c1c1bcc65ca5de07d4eea653db7a2_adv,0.01678423024713993,1
fe99ad7566f5d8afa488b912dbf3d5a7d687e8e8a8d8f07867bc55d96873bac5_adv,0.07318645715713501,1
0204d1a9b955e3f7a6d1341c7c071047fce97723541cd2fd87c82cf1ae77fd90_adv,0.41927388310432434,1
596ccb7fc378820c75d5abe79b7bec20ad4614c610a9e65897a429e96774fe5c_adv,0.31413349509239197,1
0b2144415e84a6abeb94e8b6e8b6f4dbecf8fcb05e5d63331a26b69d9d3684ce_adv,0.48437434434890747,1
ce5821d080c275c1af7a6dd21bab639ce8ace54c145dfd631505e5aad5e82bac_adv,0.4127918779850006,1
f13e4aa2306fbdd9c2139e35e7d35554682ab1c7f79a0b002dc145d7232fdb86_adv,0.34685221314430237,1
3dfd3f63fa4af7ea67fb345dcc799d8574874f54030c42952a13f09676cb0f70_adv,0.27069422602653503,1
66acd510e515f886c9aaac6c1733e9f29ef2108a3a46377ecb7f8532b2249b27_adv,0.9902371764183044,1
634cf3cebf33bd2fdd13658f3d944eceb044d3985dfe162aada77a1bf6f97c89_adv,0.45334121584892273,1
7c0b4921d806b06853620203f44bef56fe3dedfb030d6df64abf20fe91b90f86_adv,0.16283145546913147,1
b9eee70d5f59c70ac25243b1d91d3153ea3d8b1c36da93c19c74f0e89bf7fbfc_adv,0.26225948333740234,1
1691f62da76c50f0f684afa24dfb94d44dc770df5a4d306537522a9da7609f66_adv,0.4132062792778015,1
109d94f079881168a289df39cebe388edf4d5148ec4c057c80ad6c52f136ff0b_adv,0.15472689270973206,1
6e2323ef3ff4bbbe7de522550a9f22a8e93c731d859c3f96e446d75b87dc9c27_adv,0.11932257562875748,1
5408ec4b027775f1cf15e6cbab7e2771c66e21adc7c2a1c933f8412679442c8b_adv,0.7424446940422058,1
d2473445171b875f3eac70fe52d4e1543869113e3a34b68c62cb14f5c20fa00a_adv,0.027434509247541428,1
adf0335d79a377a687b2d45708184e683d181c8ffd916d62487b2f24b92c710c_adv,0.9902371764183044,1
7ec18012d38c0aded1eaef899c1860b587bdabd6cb32ab67669e38d959463911_adv,0.030519455671310425,1
bfaa6650ec258aedecac50a2cea15c2cde94794de03670adfc7bc719457537cc_adv,0.029629291966557503,1
15b4ba506a45822ef8e61f5d660ab65e1063357eafc98fc131e60edb9de60252_adv,0.3872164785861969,1
28d956fc186857273580f1b073efdb5fa17925b92d2c6340d26357a3d6bc6180_adv,0.8291317820549011,1
6973a7157b13aa1303a95f74cc42a92cd3d5a7760fe34aaac73e76dbeae6b470_adv,0.06076224520802498,1
30a2bf70d0633faa13ccef8366315840e7b36b393a4bddb5e970ce2f23de049b_adv,0.2522519826889038,1
54afc3d5e857146bcc519d9c0c97800487e34b4a737ae687bd63accacd119dd6_adv,0.9902371764183044,1
39dbf2fc3df410554d3653d117fd51746ad5469d7d11a9b9582a61a4b7446820_adv,0.4162442982196808,1
c2678221d7960f80898cc5eda0f4b4faa809c599ca8095a62e2174ca5942095e_adv,0.08891868591308594,1
48a80bcb8b8988290ca626223208cbf5ec27330a7bbf2830225b0869e0466a56_adv,0.11438074707984924,1
f3f7bd1d753a3e6cd95c4f167757325bbf2403a76bf1b1fa8b0f220043e2fa3b_adv,0.15900461375713348,1
b6d51f1c80f959042103ad961c7b390014028cd998e50ad2943fd63a884818e5_adv,0.46338075399398804,1
85c33e9b1ddbd8dfd7585a8d46061e489c76a5326b3a10d05b271e353a93cd8a_adv,0.14788199961185455,1
e38c00a531e673d31e0bc658422db325c9802732be34cc5bf1dc68ae532be0d2_adv,0.1538160741329193,1
33d965ae64340afab44fda3ad48bed4268a4f095d3890eaa38feccb10ffabc7e_adv,0.3972870409488678,1
b57c873fd465cf8a11e96801d8130b39d2f85ff40190064b17ecd2ce296df884_adv,0.42522165179252625,1
ff0a3e831a55212d3506986d38675831c8588bd1ed602528d2f93ea02c17131f_adv,0.9902371764183044,1
73da6afdb4ed27656b78b0b4cb6b0541dad14bcfff888dede2790cda2e7c0295_adv,0.11933069676160812,1
3776da8ccd60577d564008c1800cb62e17e6bcf36f3e55f116c3b18b6cffda72_adv,0.531159520149231,1
e153b52fc3b12c562811d4db61759946eb6554e0e4d405fa83180cbd46731b39_adv,0.9880899786949158,1
6bfd44b681e0811103326505588bf90c148d88f9b324a435842b9e08789bd99f_adv,0.9613684415817261,1
655cec18c3000aa84080fe7c30cece3bb6a687c59254a91ec82677513c2efd2a_adv,0.07195490598678589,1
f74b43b16f4ab99191abcdb1e618c3e4372ac711ae56659b4e1254a8bd6bbb00_adv,0.13242207467556,1
0fbaae583a0d9d9322b31f7f3000397972fbf2a2443c75b8a6bb11ead829ca50_adv,0.17888930439949036,1
b8008a145288e36cc05bf0d586309a5074233fd57536fb31e8ec105bc4595ba3_adv,0.06732307374477386,1
fe19e20e5895d409d64cf8b60523c7621b06b712d1e5d43f1e3b5f9245418d6d_adv,0.4111636281013489,1
1870c429fda984dece0eb4f07666659eda286e92d721d5d87d7eef3dc24e0548_adv,0.3095058500766754,1
c65aee3301842c5d8dd04625fa317b201f98d19f00589e0b1bfa625f02eb7781_adv,0.45315951108932495,1
4e261bce48bc96cb017af6e42e93c6ba63295677c7108080bb3ee9fb49376d2d_adv,0.2522519826889038,1
3d8a1b124778542fa4e300b2e2db2a6ff322ab45e713732516d4ace25cc999d2_adv,0.24617834389209747,1
cc25df21d7d3560e54c0062d8508d5b26c79251ede4805692a354a38288660dd_adv,0.031597595661878586,1
fde3ed1a382b6e848f5e149e9db0d273c1d67757e236133ce8554bc576700bb4_adv,0.4132062792778015,1
f2c2d7539b1e8c1197911387728a33576e53531957312dcfd7a449de7e80cee6_adv,0.9993403553962708,1
d801072e5037f033de51ca4543b0a8d63395f9c674d1919efa4834fdc2041091_adv,0.09098342061042786,1
b93666e0ae6a5c088d2e3fe51e91eef9d74a6f57e5f4138037bfb39db86e3f69_adv,0.1826082170009613,1
585ac206e01bbd8d4a8c7f8e2bb863fa779e0729f0c6f0cf84c45dfbbacdf84e_adv,0.31283584237098694,1
daedd097bff5100829b7200fcbc01c459acceab3629719984840abbeaf72bbac_adv,0.37426891922950745,1
03e02c5ccdfbb0a66ec6968fa9782f94de430120b6f691e714b397904d7fd391_adv,0.3972870409488678,1
0e2747bb4372154605bc6597f7b844f3443bc4023fc958aa2c3851fc15600a26_adv,0.3650190234184265,1
142a5868535490344ab8def5321da975fc07368531a2212b4cbee648573db0ef_adv,0.012009857222437859,1
a10268afffc9fc45dcc28fdc630e03cdf67623e2dd9f57033ffe934dde68ea45_adv,0.06958061456680298,1
f54c438f0031955a395ca0fb086670e6f718b8add30aa44c030c6133944bad26_adv,0.031021680682897568,1
e9dce2c2f762f274deece77066c194e6067e71f5e8e2dcd26572eba7f71554e7_adv,0.05167464539408684,1
09abfc0a5826c0440adbed0aaf07f05a5e23c2f7321acdb4f4cd2b43c17c06d7_adv,0.14307723939418793,1
ff5d203a64a20f164744c89351bac2f4bd102163e25f3546994d3bcd000313b2_adv,0.3905330300331116,1
bf0b783cd2ea4cbe5f7728ff9ed3b490c9758687353bf2a7e49046c167141f7c_adv,0.0819697231054306,1
faa8ca0e13940787133efe9557fadfd28298967a23633875fc62ebbdd1685e79_adv,0.19333158433437347,1
cb1698b4a3a34eaa3b3f7bc553fdb33f80a7c6927b7339c4e33688c3b8d48b5c_adv,0.43466901779174805,1
c77b4fbcc18d274f99ef4ea6883591f9e69bfef58477c45513b0278db510830b_adv,0.019487902522087097,1
358e17deacb2e931da277de3142fc01495cc1fdf82e49a41359589acb4e1d1d5_adv,0.09051422774791718,1
58dcf19876f5ea13a8a5da6ccb8de032e995d6cb66d555b2d44afc981b073383_adv,0.15408118069171906,1
02a87b077f9bd5e5cd24a3cd9c06753337153fca3f95212c7189f08ed85e2ad9_adv,0.41282519698143005,1
dee0e805e465d2ce5c8bbc1bead90ad717b2ece8ba4e5ff68870a76cf435dda4_adv,0.09019853174686432,1
df72d16922bbbd4e3f94a072955f2096f6e6e349b3706684232ef58afe794d10_adv,0.3876919448375702,1
9c0515d9e7bd9f69aff91d1d1d7f1fd95409a139a35606609d00622d05cf2a56_adv,0.022632652893662453,1
fdbd79540d9b52c53631afde6fcbc5e2fd38ff6709c517e4bdd85c1582db1cc8_adv,0.15472689270973206,1
8a92a34e3cdab9ac619c65e253c6e9eaf2134c62bb0277c677f6ece78de9c00c_adv,0.8307521343231201,1
81b8aad983d2629e0f55e6f10084ec7755b9eff3b4621f7e64f26adfaf2b7d34_adv,0.9999779462814331,1
05d5a74899a8fd492360a904202e8d3f6a7ed14344d478e7ab2b289c77d41df2_adv,0.4132062792778015,1
3e8269d1236c321b4dc340b04fc2c7c9bb3a96a31fe8990c98a754043c37806a_adv,0.15472689270973206,1
466a75ab89f1c025b4ba54b9a2942bf31f822d3e79509bd804cd0e01d51aa1a8_adv,0.14323186874389648,1
a8153d91adf1538f143d84a7ea83dc30776a134a728fa7b193344127ef70b0ee_adv,0.1027599424123764,1
520fa781859677ab8a5dd46a85f7fd5e8e1e4cfcf14dbb5792a359c1b35cd4fa_adv,0.07096628099679947,1
71469f0e99a9c0f71c911c26f33a57c3ef36d3778ad4b7f4fbd755286079acbe_adv,0.9994922876358032,1
8ec51041f5d6856fe8e1dbe48d910c4c04031dafcdf3f67b7441498359c524b2_adv,0.9902371764183044,1
a219e6338545b4331072ae19c3d0f9fd3eef0d7557c91b94b5c6b672fbc0d1d2_adv,0.011810475960373878,1
d820e4f5e4e430dd9a937e5e1c445355ee6453d92d8ad5c4cfaa97ff5ae0622c_adv,0.4185473620891571,1
e47a454a3ab5ac4b40f08183326e07d83e6402b2174ea324c80d685e199f319c_adv,0.9902371764183044,1
b13c0e32fe8d16affb6468bf581403c9d1484f80b7ecd8fb06b6be46f7118bfc_adv,0.09703322499990463,1
1f9bf9e6ada159a1ad7228ef3193ae3cd3dcc0c8d7e41f5d116f106c7458234f_adv,0.34991616010665894,1
77eafc4390a67b433eb9d0f30c2ca6f08e564f170d6409049a65361801214ae1_adv,0.07082958519458771,1
08d4114aa4a0b0a7fba4d6483184feb48f8c69e3036aab5a32e4502d9a957a09_adv,0.23243798315525055,1
e054cc4098c775e557bb7b0298f0e73b84f6458f8b67f70ce7039bc414828f2e_adv,0.3696429133415222,1
163a576acf2620afe1cc44040795ab607456afdfe65d356b70f66b1be71002d5_adv,0.1899617463350296,1
1c85392aa339a0fce9b3ed19a738e60590dd2f807e03c37118da556480ba43a6_adv,0.15638719499111176,1
028127f3ae6e3af6369de95ca2087208b55e2ed6009e7c12e7d62a8ce84de35d_adv,0.4436309039592743,1
974ca8836ec4d28c50d7be5bb281db4a889c0e2f4dfce53e054be02d3035fc3a_adv,0.5192132592201233,1
14300e9d71ad6fa7cafbf5b3eaa8f4765600cb9ad546158e49f9a87699141ef3_adv,0.08125153183937073,1
5f2bd6326c480fbcc083f1646e27d62ab43c2c0070933954d0b8dc2115eeaedb_adv,0.4302345812320709,1
be18391e3e0bda3f654e7bde57dd6a32e4e2e65b99573b4e4f0c70e43d2d5155_adv,0.05357278138399124,1
d5e687ea9efccf98b692670187d794b90e76cef4ef42d0be1be5be84e7d46b50_adv,0.46126654744148254,1
ff7e064b8a93203f47e79c660dafae32885a9743a8a0b0b813e40917a61e3010_adv,0.07560314983129501,1
db0b63a32f72a43f7c2ac03a22d7400371f072dd355e7df064f402ac2d16b5f1_adv,0.25506171584129333,1
550f1aa285ab410242b0b8918e6e58e9ae5b9efa94bf25be08d3271ac0b7d776_adv,0.9968650937080383,1
7140a71c6017223eab2d88bdb1730b3bc633cc154ed6e2c06978902520f94856_adv,0.6433086395263672,1
90b0556edc0cf5c4a69b7523d457ff6d7a738cdb06ffd474cf1cff9d90c943e0_adv,0.0619267039000988,1
a107005e57fc47942762c900651a5eb5b002dfa1800c3de04b1af9d64cd30ab2_adv,0.9632856249809265,1
053384c2944587c9b8dd5a849b7620de6de333ae0a2d31236aeef3f9f677c966_adv,0.6206188797950745,1
920d61f0087cf4dccde3a0d1d127231ed412786211b90da5030f8ea6413050db_adv,0.14960888028144836,1
4b12534a7ee737a1b787092cc87e857b8213b493266e7d8f4cb0342da4276676_adv,0.15472689270973206,1
e836495c38f53183a470feb6070ae74cbbc79b3fe68ac06e8f917f4da380fcc2_adv,0.5847119092941284,1
69e35889b70ad1292f17c61f334710099ded01296b084ecc3768f6b5bf7cf002_adv,0.7348682284355164,1
0cc47e73645df4412f5494298c4955342e9a06b94790f8c9a7ed785627280c4e_adv,0.04638722538948059,1
7d74a77cf17739236f8c5a90ac9bb9d5d5ef48af496c3018034a02255774b747_adv,0.999630331993103,1
765d6d990d9fd8bc40e180341661aea912ca12dfd914cb21e133b90304982d7f_adv,0.4145500659942627,1
271fcd9b672eeb1e4784c070ba34c85d29df3a254f39cfbfe908d2396f5e3698_adv,0.4224573075771332,1
489bcf973a461fad5dc968210b10fa52ab5da1fb25d040d6dcbc7fcd9d2bacb2_adv,0.01008921954780817,1
924a5542c9f8b0d693ccafb25328959078323b3d5b93017f1d8ab697fdcbc582_adv,0.031756460666656494,1
baeba5f49fb21681bf0f2bc9d0e3a24b07fa35ca29e141ff184e910a4c1f0b41_adv,0.40403446555137634,1
472071f6f384021a7a506b2270ecb5c5e9827ff0c4a81dd7b219fd9b06d12d50_adv,0.29263561964035034,1
40af8466ee5ed787d6fb1e8ddfe584ee2c53b661865446a2138be957fce41f21_adv,0.5869914293289185,1
8206c88d88a0096035d49a9b703e0e738080c849532067a53cd505f525bd7c93_adv,0.41277140378952026,1
e9fa84923d9ad591f1465896e8462ed1991387284fab9e581a8eaa2fbfdf17f2_adv,0.030786797404289246,1
276656bc4ebeabf9787ebc1018898782d8583ffddaec4c5b770dd7e2d6cf77a1_adv,0.390860915184021,1
2ca0039c0075263ac83ada422b3574dfd7ec1e30be6f4c830bd43f4724a9151a_adv,0.024190764874219894,1
661dcf294a56aadd4292235230fc8ce29d0e1ac4b7fec7f77ed0455b5aaee13f_adv,0.9701070785522461,1
c788ce01e8f9f3744696b124c9b70882fa847eaad7c1c35c041fc81f801f87db_adv,0.08311291038990021,1
e3c5cccc4691bc12891c1d7642f03f6098779679e53cfa9db21f1701c9386b1c_adv,0.30243369936943054,1
2b42da7ec6d0cc887165cb2a45fccc7173bfa4c8ef81c2f205346fb85dc20013_adv,0.08156930655241013,1
9786eb1c5b3d7a56477b38392fe80a2eb28c0b4864337166ba3194e2d80d895a_adv,0.15472689270973206,1
b176c61bc55873ee93e4904855923f3a49447a3434f7c5561b4afd01a7c035dd_adv,0.721793532371521,1
8fa96f830eb0565774d76a3b33c6d5caee27c5dca2c6670828725cb4df7df214_adv,0.6433086395263672,1
f3c60e0f33700476f77e399c502096fd606acc655213986b9f70de5b5b42e6a4_adv,0.9989156723022461,1
3b681bec41738ed5c6ab4280f8a11ed2ef0c907558fd019350ca7ab09dbb3518_adv,0.05528024956583977,1
dfd23f0e4e414a70ba50629e6a5eb82bfa18684e2fdbbf25b931e6ec15aa57cd_adv,0.41255491971969604,1
7a151904f723ace342a554a6ff05b5ef874b51cf8001961f60548f008245e76a_adv,0.3260069489479065,1
c87ec588004d5044f665c0191ade39c3b02d0ed0db2d790cd4c36d56b4f7df64_adv,0.20264248549938202,1
3ee3733afa621705c16246884f3927193304fafc2d33552382a6b849155a59c2_adv,0.22264781594276428,1
678325bc8bfa2c75a558cf7efdc9b244a620747007ab3d51ee394dcc298f6a91_adv,0.9165512323379517,1
1eea1b9c2c02150d42b0366bd71fd23fc3d5b910a2d11e0d6aef2ae2cfefe245_adv,0.024559108540415764,1
8b9ca68d7e069c84696c45ba9a2e82cca795e9429055f95e0bdc84775ae75296_adv,0.13607585430145264,1
59dc96b4553780d8305deb5fbee00433933cb81e823e8af4a4e15d3ef8325cfc_adv,0.006644904147833586,1
ebb33b75d1a8bd75699310812f9212ad913954431279fb38adc2660dd6c57d2e_adv,0.05528024956583977,1
db4f5974ff94ceff42eb994c54eb2900ef37e91502db9ff558bfc51e07b6cd70_adv,0.07195490598678589,1
375ef7ca707024ed2cdd796be209cca3fada3107f615fd1a1145e7b9680caab2_adv,0.09442581981420517,1
0efa42f59dc75e7cded765a974a8d1353b4eec3bffebd324543a0475298820eb_adv,0.34980547428131104,1
73bbc9f4c62d9a45f26ac6cf22334a6585c16a39b4d996fe993315723f68b38f_adv,0.2803945243358612,1
caebfacff7610232b6d8313c615ea5b5aa01abea25be1f5faec74f4df986d1e3_adv,0.7657840251922607,1
f3ed1e1ea1aecbd897c083524cd38ce51d5e324577d5351a30190e6d00b255d0_adv,0.2887973487377167,1
b03666b4c8b2e6736eff15f304a0c5f81ed8cca15d283d3d500ed6dbf5f919d8_adv,0.2152119129896164,1
bb31b3465bbff11ceef5f70b3948a59377b93d9d86666cae4fa950e6b58e1f55_adv,0.05489615723490715,1
1028662187283e06cd5845983e031cb0b7e4acb08d306e3cd5726bc45972bb7a_adv,0.05884863808751106,1
0ef63bdbadb91f86e719076dedc2f359d32eeeca012d137d9a6f76b2a2d0a942_adv,0.9983308911323547,1
5621ae0c9d394374792010f0aec4efd306b209cddc514d1c256704baf8a85e0b_adv,0.9674458503723145,1
71edae90f0fc32aefba502be149b81a41d2caf570918653fa850d4706c05907e_adv,0.07439176738262177,1
1beb1131185be0a424ff32f9f4c9b7e0bf7d59a913a692249a3feff8e02dc5b4_adv,0.10668948292732239,1
8b7b76998f535f63a3e000804508bfe1ba9b0b6af256d14fa223fd707da6372a_adv,0.6986053586006165,1
06e542b1bb1fe935e770d1b7c5fced606c1a15637cf565660f5e71f3c39738db_adv,0.21193143725395203,1
6917dd47829c3629de32964bdfb0dfce59296782a55698c495dbc2ffc0fd10da_adv,0.07428532838821411,1
f422bd0b49ac5e5aee261daaa83ef428b3da74970db484fb35e5bd141f2a060b_adv,0.08891868591308594,1
9ed070682a596b5a7ac71c100556ee915641085c53b0162ab96ce2f00ed344fd_adv,0.15472689270973206,1
f3e3d2d33ef13a70b2363fa0449d1b7a9f62e3e1202ae2f6549dc050d1331c98_adv,0.031021680682897568,1
9c5a816a6c1110fe6e2ab5878e39f8bcab50cd23cf10578285777341cde0f1f2_adv,0.24943013489246368,1
eb58bc564dc11ad469e4507168e1ee7b6e7e96e5bec8b63d0b56afb2b58952ff_adv,0.9997931122779846,1
3ff83b43ce3510de20d9af1db1f9a9ba2dcb87eba7dfdce8a814494ccedad1e9_adv,0.9994257688522339,1
73b40075a5dd8a289abdb46c4c03e42f2d26a3bdd3fc6b0ecd8bdee6bc5176a0_adv,0.10807236284017563,1
747b0b2895f49a0046de0c0d0b807d2c9ff2d8c8b2046cb6c60318a830c35ef8_adv,0.12063073366880417,1
1ae8737cded8e250884fc873ef8fca91c6685b2fcdbd6f4720409ffed5dec8b8_adv,0.07370925694704056,1
2f89db8a65dc517ab7ae8413dd1292bccee57aaabe280eeaacf413cb732b51bd_adv,0.3743932843208313,1
8f6bf4b18e0b6b7fd616fdc95d756423970b3fcca018ae3918f35b308a55c185_adv,0.9999998807907104,1
52e4b7f0306c39264b6707e9f7aab24bc0c2e70fb2a0a9e5a99625e4cc28dc64_adv,0.279879629611969,1
5422a7df168ea704a8f521474b960d3251117f9535f5502ce8123611f9891329_adv,0.11685597151517868,1
bd9d9b85fd3436535fe0ec55eb0a3cc269cc9959eef8489deaf8b0b9566d6f0f_adv,0.024004077538847923,1
a4ab1be8153bf129f6c9a85ec9077e00009c1fc5cf722a23f5f0f20aa450d8eb_adv,0.025203539058566093,1
0287d3ce026ea73c00bf0fd300aa71a59401a3bb72175752f2132bc2e3ac34ca_adv,0.4437389671802521,1
beae8e9169d43f961dda632afe849676dd60bc9d887c425b5fa625d734c61222_adv,0.5854173898696899,1
6cbe08d3ffbd310f47e8e8a5452e733276632d8a1dff86518e46d32e1d975b64_adv,0.02880724146962166,1
aa41131a158c4fb9f99be6a67ae7fc8b3ba3eb74a061dc70ef6dcbadeaa0cf17_adv,0.4335521161556244,1
898964e764637209e02eef22f8a7e6bf01d9b837681c52ae9933d0c0b124776a_adv,0.14014358818531036,1
25a1549a3cd65e284afc65ecabb23df02c716c9f0f808d810ba8cd6db68404f8_adv,0.9819714426994324,1
f7ee6223dcbe1a3c7b2a548ea2c7fc1f1aac98880f413783c6b6aa5896976507_adv,0.08357205986976624,1
6fd81ee789a50c1155c4440cd88675c8c520bcde1a00193e40a6ac688fa980ea_adv,0.9782271385192871,1
43574e52228713b21521156d7f80889b788f238537d72b0449c255c9f073d28f_adv,0.4259221851825714,1
c7a400cfe3e94d343edcbfcb6ef2848b75981dfc0d2b2a92671f4c3d3bc0d229_adv,0.9997931122779846,1
f3e2f96ffbf65afdfb0907da0a3bb112238bedf2290d81eee74545fdecc3f50f_adv,0.056326963007450104,1
49ac6f6c0a94d26fadc85f1b2bfa79e024098a81d73774f835812e024b47cbf6_adv,0.24819573760032654,1
66f91d3779c903ab10920ccfe7c20488a0aa71a8b40099cf2c34bc575262738d_adv,0.19484661519527435,1
9c6d3f5ed9239e46e3aa6265440fff9fe81d8dc30040ad4a3054da6690d263e5_adv,0.027179308235645294,1
f7ab37309f9ab77ee1d0afa1e8bc03b46733e10a764cf7eeb0ed5640bc345fbf_adv,0.3699735999107361,1
02fc45df7d52bc7142750a0b08d78a6fba2d711d668122246ec8513b397a7351_adv,0.4380076229572296,1
a27ef3234b40baf36820cfa3ec32fa8194cd80a7974e6cac491ea150000e9d48_adv,0.047587331384420395,1
549b9f62150a8079de7d079e084dbaec58ba9d27bb35479300a15e59c5c556e9_adv,0.9994211196899414,1
f6ce4df71d69aeb0e4311441ef9663f52da61ecb2c72ab079b802cbfd858a586_adv,0.6433086395263672,1
5461eb4e3fb9751c398dba2ff692e280339159fb26dd38c6620fc8297676b08d_adv,0.6400166153907776,1
537925d668a240c6be156775ee59a09f0f44b8307380509b6df83586de744a10_adv,0.09376558661460876,1
86e4ff587f95c7f362944aee1aba37473b5ca9a97404fdd42e60da1ed4d47339_adv,0.41833770275115967,1
1b0bb55bcf016ce7571e08c6e9ef3bc3935ec6f3b42615bd0f29413045d6b91e_adv,0.40757691860198975,1
378e499339375ae9b42bd480d4c845455cd5bf7da4954f84d419f52710926202_adv,0.9981802701950073,1
938bf2b021f6006efb1205868c4b6974c3bae94d9c8990c6a5242803741535d9_adv,0.43916377425193787,1
fd5ab71db045fbf2763b82d2cdb17218851b7f0cf7fdcefb524e70cbcfd7f54a_adv,0.5972878932952881,1
068da0f7cb7ae975257d6e2d72cb28759acda9fc11f5b241df9051bb32848f26_adv,0.1052711233496666,1
0c6ce0f2186c71f27566be21203f6649e51406bb9530086a33b941ec3e8fbd1c_adv,0.4234575629234314,1
11f7d67e7811ab278561152b4c52d67f09ff67e319209b4c4171c1422278f2b8_adv,0.4132062792778015,1
f89693784a60b02d64b6954c308a915c9929ab0cbca29d86aeec7539a7595af9_adv,0.17097976803779602,1
aeceb733380a32911301b0caddea38acb99437a0dd612674beaf32e1e844062b_adv,0.3849889039993286,1
91b32372486eb778a7c2f3b19fbb4582eb66943d3b1f9bee6371d39c67a0a289_adv,0.3803296685218811,1
f44c19a69b9ced3d50921e8cbb4d3bfdd2cb8c26b6edb2209bc2ee9948cff36b_adv,0.25195419788360596,1
9982101081e5f6532dde9671e9a7ceea9c1f10d771e4bd960252dfe78e9afa0f_adv,0.9179776906967163,1
4a9fec7531b02498f6123fb0bfa3033dcd4939e294ee1d24029f62b53e7da2ef_adv,0.2358192652463913,1
60afdcf2b48a8da4f73f00b7fa497604428d077efadbadc5d3285244c36b38c4_adv,0.01248563639819622,1
bdb93a630236966b4dc1642b6f3b6e939132cea2dbe6b82891ef630ad3212572_adv,0.6433086395263672,1
97e1f945c89ac1abe92ec6d3ed9c7a4c29a8dd5c5ed36db2538597b623d3d0c8_adv,0.9997746348381042,1
36462aa4442abb033fb1c8a6f5def6b4776ba240cc647ac5aaf0d204d0f8f75b_adv,0.031021680682897568,1
d11afa4b39cd29503625919910182c81cb11b541bd36c873f657f6fdc97f3e42_adv,0.8962733745574951,1
06ed05f51ecf9e6a4599c148275c6459a3b594883542946724f72127474237af_adv,0.2422487735748291,1
5c0cb6561e61294750065a53272f6c4bcc98dd8968c5da08a4f78e68b18991af_adv,0.4965530335903168,1
ff8dbb5f24a026114bad917ba237ac877b3cb63d88e0479d581dcca38a63f3e9_adv,0.6780226826667786,1
ecdab0d6f9a0baeea9501ba19491d9b9644a8cf48398bfaf8914686b96803377_adv,0.47169315814971924,1
a9b20137784d30b54ed1a5e5a68603811ac2d4a3720e58ea0a4628e32e55fc2a_adv,0.6565630435943604,1
c2df17f2d03cd66d3afe377138773f8a40d2c8cc6aa8e4e7f7588bebdc66d0fe_adv,0.025330064818263054,1
0b19e46a9e21125b0a0ed24f702b48bd98f42b1677b7a600b6fbe5d0be6fa27a_adv,0.3542436361312866,1
ab5c3b83ee0c6a0249112a2bf3b2ab48cadf73fca2ad8fadbbfe87e55e0d39d5_adv,0.028923550620675087,1
45f932376b2ef5ee7eb383e5636d324a1632759624fe68b49fb437f6ecaceee9_adv,0.998663067817688,1
38869470df3bd837cce80e9bf43c1ff7f89830eb8ccabfc6935258b760254170_adv,0.006069859489798546,1
8cee94b5176de091a81ce81ade114514a3f562fb4baaeb599f26f65b268b455a_adv,0.9395110011100769,1
7225a098752c5a3adc810ee3280adb0078f552eaf6831fc58e7dd463e90768d9_adv,0.9882457256317139,1
048babafb30fe1cd3c57e8d70007aa990126918e0cf8e0821db7d42495cfc895_adv,0.7968896627426147,1
0db86bc512cf1cb2d0affbed8cbf06d3577d60b3be9d69dcbc8f3470b199c7ff_adv,0.02596418745815754,1
5b2d486f60b1d91dc1752d044f6b21c075b336d7cc0892bfffecae80b019a8de_adv,0.6754797101020813,1
e0fe30e97978017563e8c7d05aedb5ee75eb56a7c4ab8a6660c39ceec7f4a416_adv,0.022074660286307335,1
4140a1be35f6f7b09aebc48630ca770b3901f1582d76be1edd6a9cf88e562f1c_adv,0.9974784255027771,1
e55789bcc26221e709860f38f0b40c7da495a3c840ff0505a94c0cd252eaafc2_adv,0.14716726541519165,1
d906e05a714a9d9dad6f2dfb6341af9c570417bbcc62016351488a540bece681_adv,0.35661041736602783,1
8944aec54b8f7871f1b0ac7c9376495ab178c3c0de85191e7179c67dc6f6a67f_adv,0.37268027663230896,1
9a39b159b432bf6848af0bd2623401e43c53b655f06a2a5a3ed680c07004aea1_adv,0.6343657374382019,1
202e1edcdcde5db0a751ff6c5bc3e621a08fccb0331018a1effeebda268d3446_adv,0.1221262514591217,1
671504dd17812bd5f392f6a44e36a56a51f9eb2009387dbad916bb4352282442_adv,0.9938183426856995,1
1dd75c99886bdb833696497e640401ff71f159b5086dfc22f49846a57979ec75_adv,0.9179776906967163,1
65d5f8854520a2f54c0d4abc507bbd023430eb0714f3caa649fd0d3dceb27539_adv,0.034232817590236664,1
f65e9cda20314f0d0005cd331daa13bc5f174ca60e217cebfc47cd56920bd016_adv,0.22941797971725464,1
2bf3c8f0922faeee1fdd478d3835a94b09532868d1a7f4f2fbc956867942e628_adv,0.8799563646316528,1
c6ee0e57bbe978fed080c33c690d8c35ea1fac1b5230124a37b585c11d2a003c_adv,0.008132366463541985,1
59423c5eb8b1dbcea1c28ffa3e6dc6499443dd88a012693c8a4f9d3d2d0b33fd_adv,0.4132062792778015,1
b752393e9086c46b4eacd3c880b8de4c417e5fc45c3b9a12305b082740ba9d0b_adv,0.9995813965797424,1
5db6cddaf39197559eb10b679784df9bc1031175d9929c775176167db22de883_adv,0.028780674561858177,1
4712c46cb7b74530b6810fc1c7566c27eb83a1864f1333420a03c565a8855d66_adv,0.011467093601822853,1
8815117bbd54023873c753f0fee0d3f53c8afc6929791950522874c2be84b986_adv,0.4261425733566284,1
5536b66f59d4485bf8d4232565fff0dcc71d5fa25d247898f5026668123e7e00_adv,0.1483764499425888,1
d91036c01dadf6e77819f398c97c6002959a957a41ffe88ba2d93070e4b29262_adv,0.2165229469537735,1
b7242744609702631d9166c26a609cb65898cd867bd284482c0b6ec8ab94a927_adv,0.2725861668586731,1
6bc1a7ddb9181f0f757193619dd2dcc9a006f4f6ffdc8ae48ad961dfed179a9d_adv,0.24751754105091095,1
14f554ef06a7a6e7f94ac37ebe95a28e4b7a537bb3e9b2d0c299f6a623ee1176_adv,0.026841890066862106,1
ba2bf79b364bbb08456b228df66a172fd68ab6085221edc0910beb1f0ffec382_adv,0.0888599082827568,1
11c7b6be05383104ecf239c48ffc8f77f270d93da9d328a283de803da66c3ee6_adv,0.024840693920850754,1
4f3398b977ded637deafc9b6f03be071ea1335e0a627a8c2b5fc5c13352c66ff_adv,0.13981510698795319,1
de3207151b620761db2d626b30d89b8f0f36e6d0bf0c9a75f2c65296b0089b8f_adv,0.10092369467020035,1
84929b10d22a93464d28d04180e22b2645868d0fb69b65d5eaef229a576e8998_adv,0.9901858568191528,1
5269cb694482608b3dcce893b98029463b7e8cf021537088819d86b809511091_adv,0.09066678583621979,1
fd04c488b1fef5b578d13f5e726b0e90764d9ab8a0fb69a5e2690fbc057b07f8_adv,0.4043261408805847,1
4fcbecadc2e6f0a968ef3a8e5decb2b89723ace5b19d4481881e9f483d49c83b_adv,0.15220299363136292,1
687b49f1a418c55d00fb4fb62bd56dd54cd07fe5fd40e27c45fa99d395a245e1_adv,0.08802708238363266,1
90a140741683880fd9b5fcb9588025aa3c1adc30114aa36b9acb8421cfa8aa3a_adv,0.38489916920661926,1
4560e0a89a1afe6ca5c72a89170c2d883ba017faca15c12699db9220fa6f3b43_adv,0.1265382468700409,1
516fa617929a6880c2e77aa6499450f10a9563307aa9461b26c6c4ac8f8d0dd9_adv,0.31622758507728577,1
6a4c1a992a12125bc2ce8327a3435e68c0ea3471e05ada5dcd67a8adb2cc1620_adv,0.24457062780857086,1
3467d563b917e959d1236e83cddbb9795c0456a01821d6bb2914e2c62b56efe3_adv,0.983189582824707,1
d1fcde832ca68549c1c176a0182f1c716ec394bb00738232455e1d7d097608e0_adv,0.020198620855808258,1
c62bec3730b383d7390b031a3695c14963b388fd69a22d9f09d8e6d51c1e9ff6_adv,0.3972870409488678,1
bfe2e5df965b5abf1364b93c9a87da7c8c1d8f807b60f39015bf24681c184425_adv,0.09846290946006775,1
5c8cda44a8d841468d6355a7deb81a17160ab6ea981f2a2b1f24608f6ee84661_adv,0.2791779041290283,1
0cf81a371935c0c753057d9d351375b33475faf5cda892513434795993e96169_adv,0.22492040693759918,1
93c93faf70b455267a8053cd3bad2f3e731157af14724dbf5cc8acf2e9ea573b_adv,0.024199282750487328,1
d8cfff829fdbeb6a98b5ffa9374161edc18b4e805aec06dd002c00693f31009f_adv,0.02133549191057682,1
6e7a4cc5b6ea6394751286506ad01d0af2c8622831d2579672ef6cfb06b72fcb_adv,0.0983043909072876,1
856f05d060f7a0af4dab3b7f5f8581feb335f6b10065b479e0b624857650acba_adv,0.07840894162654877,1
83d9d335b7c0b4682199df9e56440b4077fde194634fc8a0e6e5faad3fc634d0_adv,0.42353948950767517,1
7c72e15adfb5d510ca6a60728049734d3dd103ae61a81091ec9f784bf2fe7f02_adv,0.5286099314689636,1
bed9c8ebbde1a72487a2090ae1d8b0e82fb8c0e7c618b3c314bdc923ddc8f583_adv,0.09070689231157303,1
dd674ab9ea083372290d23242f983f0db145b4cc6c50e6a872602b45c9c73f26_adv,0.015194849111139774,1
73f87180ab9eea6bb7463d0717e9a80bf12f8d764616cbc8e5e0ec390c7d66a5_adv,0.4222148656845093,1
8910c23ce575536157f4fe5ae1eb3d010e34f986e7a3242fb6bbf06e11814f0d_adv,0.40798598527908325,1
2b90e92b32b4c90af17bac40273f0b618c4ee7148e91cb598a3b0f53d762bb04_adv,0.9179776906967163,1
060cf2e54d14dba251f0d8d5b7886c44eba6d14fc2cf2711a93f059de4263729_adv,0.2033674120903015,1
7fe01c7fa118be7e164aa9ac42cd51a2eccec2fef8199f512457f28d6f44b726_adv,0.11685597151517868,1
f66517d810b7fceea10fffd94af8262668d28083ef9ddc903a9dfcde9bf718cd_adv,0.09471897780895233,1
e6f0b09755311da7d2bc6b542bc5a385b0f3279167e001ed7ca8b062978de236_adv,0.07264076918363571,1
c1d0e1c5c2c8ef8de5c1f9e2a2ad143056f215b15f6aca6925a997017c4490ca_adv,0.1199529767036438,1
591690826744d823ca9cb31a66fd0b692206994b02d849258844be236d27069a_adv,0.1059260442852974,1
d077eb0bace28df1a209df182960e9704f8e2cc7c1ec9a0f2fc70ac6e2412ba8_adv,0.2078743427991867,1
dce4f274cb49326b28143be5605afb048589e6cdafa29db725990afd234b3833_adv,0.7425784468650818,1
1e56ddcbe022d724c37d6b4ed9f14ea18ad9e8484bdfbf77536629f53fa74def_adv,0.45413365960121155,1
504a3f31bcdce4971e87666defa8cd8c54fd26767956e83064d8c4e06b8dd86e_adv,0.9902371764183044,1
b057058339ab09694ac4bcb412d3daeb9888c2fb807b02d21ff5b5f5a893bf7f_adv,0.42178642749786377,1
838cec036dc7bab2bfb7459b6194173e82ffaa2bd1502fb6a0549320c72d1265_adv,0.9902371764183044,1
373fde2af093276b15a69eaa1f4a44b2b5c5e99928d23a8a162b64de4ba01b34_adv,0.47576773166656494,1
fb8217589d406fd53f0854721c0333608c915f74832ef135e330147266411d4a_adv,0.3774690628051758,1
a2ec381bc793346d076d4e13b8b468ee985343e984935317e1344104925be9cc_adv,0.031021680682897568,1
00e04cb0d718394c927270b00ef859953940d5d3f98e03feb03435eb37dd7ef9_adv,0.5351046919822693,1
8178cef9cc0ad71bbda3c93fc15547fe77f7423118f3be1ba70cd092fbca3c30_adv,0.20395077764987946,1
071096db3cdeaace5302c22555bf0451a6d7b340b1790312e9d4fcdffa11a5c2_adv,0.19073545932769775,1
fdc153b907b4449af650d01e7f3181a83f4c1d836b64af64c588dac580ef0004_adv,0.3913922607898712,1
2a515469b43d4f8e79609ed5df3f5cad34b2743738d1011eb165398c74e0241f_adv,0.9995102882385254,1
ea220fd9269cf0dbc25dedba59d742c860725f76722cfc218f995c0484c2989e_adv,0.2801060080528259,1
e7458b50a5b7942024e18caed94db99dbff9398e3b21e1b557ef8e5af1edc581_adv,0.7682376503944397,1
2e35d5ea44b8bd36fb5877efc48632eb687ac04f5b6c5b935b6dd7160df8539f_adv,0.3972870409488678,1
62a23f2df52809f2ed01244d7b48537d3923cc72966d533107b98918adae57a9_adv,0.08136744797229767,1
91dd22a73c73609401d16b0eec383fa22877cf72747a12151b9af8639bb7ee14_adv,0.030127694830298424,1
66334704f9dd74620d29287fa9783856a2c468b062f232ade6c59d170157343b_adv,0.9998008608818054,1
7886101ec224b06c849e67a0c17e59b9de1db1350306782dc771171eccb54ebb_adv,0.01614270731806755,1
8955a4e27def5fbd728b257826efe8c4be5ec8d89185a11ed4cc4ca00d4406c7_adv,0.07161703705787659,1
87aaefe37046a8ff5de1a610596e59265e9c121f5cc3c8dda12ad76590d97ffe_adv,0.40266305208206177,1
933edd07aaeffc195ec16e3583c6cbd915ed641d6d41323a06bf398c390aaca4_adv,0.10546274483203888,1
df51e0005d79d378cadf2ae521546fb757a3c3ec5ac3613b6227a84f0f6a0496_adv,0.134146049618721,1
8aae60de8e44e3db4b58e88b4be076875b23c49e7e905e8905770c67462e973a_adv,0.9999083280563354,1
7977adea78b01bb9292a5ac53b75aed94da777ccc6fcaaf983867f4d4f0d8915_adv,0.7233569025993347,1
02abb77254048cb138c0cc5b7f8ee93df9be9a4d6bc8ff69d595113e8c3b40d1_adv,0.2522519826889038,1
0801fea64677790d21b57e86ba8374e8e11af15c1be3d17737e58cc379b0cfd7_adv,0.7058975696563721,1
e432e2317535019d7b06599657fb66e68d8df60ed2bea4f949b8a7a1e4611a7c_adv,0.14016592502593994,1
54a7110a0bdb3aca21fd09225c88db4247805b9c74e3d7dd5bc926c778e5e85c_adv,0.07027269154787064,1
c9dc9791f6d16f5ef4e4736dc2f4a16391965856a38c15aead9ae9708190d853_adv,0.05885031819343567,1
2fe681b46274a5b688cb0605319ae1c78c12de5363f9e300d16e51eb5b7d74be_adv,0.390860915184021,1
1dd78b5b573eac09058a5cee2b4d7bc86e53b1d9cd188f2d91b1cb4c919f9ba3_adv,0.04982544854283333,1
cfaca7dfa7545712e2f14af9d125831fd667447e8aac7128ffdf3db4ad3b05af_adv,0.16048622131347656,1
ddaee5d4e83c60c013a1bac8adfd2d2eb79bad35cfd94802fe303d4b6e642c0d_adv,0.42223453521728516,1
6f73981a91d0459f5fbe830e7fe340fc7fd3bb38b08f581159e04a63d477add6_adv,0.03730083629488945,1
d94ebb3678c1440e82cc507c2a020bdf3e320b6db45dd073255bf4505ebb8bfa_adv,0.9998990297317505,1
93b5a88b8ec02306fb5b83999542501a0afeba081b5100dab89af5230de23ee1_adv,0.09729143232107162,1
8adb18ffaca50a7c71e90d344cd3e6cb9d4d293364946e6606598ba8862b6156_adv,0.9179776906967163,1
39b96567065e227cc23e8cd8e2e219df7ba75407e9ad72fad3f36c689da982a1_adv,0.14441968500614166,1
dd85efaf91f29ca86c910b01ef6118be6b6b89c8adbe494ad5010f731b76b285_adv,0.3671875,1
7be05772dd3203188ca7ab3bc9df8748f91e26304c448822b563d84a5db55639_adv,0.05528024956583977,1
719411c686ce37281b49d009580c564d7ad692c909dcf451dabbd0229d5d18ac_adv,0.04057745262980461,1
4bcfe22a2632df7d5c57ea3617d56a01d72c15faa22fa38e6431406fe36fbcf6_adv,0.017682291567325592,1
3e085d557ec2c81a4345464722e6ed518697d24d4864e87fb727d3b8214eda46_adv,0.4132062792778015,1
b9cafc8935790907cf430b3c6912f4b8e42f4c6fecd938217c9523cb3fe906ed_adv,0.18763379752635956,1
b8ffd16e2670dda217e01337343f589df4a7b396ebf883740f40293f1f95fcd7_adv,0.03361424803733826,1
010692ab929f0e7b7df522708f67590cd84506b59d1cbd7cfc7120252d233413_adv,0.996417760848999,1
3a578e595ac0dcc9d809b04d44bce6cfb2267710ef3ad5f91f2676ae89a166f2_adv,0.1381741464138031,1
afd6ff1c78bbd3c909ccb85ff3c87a35a726e3751c145aeddb1c9b213331d986_adv,0.31413349509239197,1
e955d4a412d993492fc8932ed4d0efd157eb77f54e9a443dd56dfeb2ac6ee834_adv,0.5731317400932312,1
97ea929da52919048165f4a6860862578094fb87abc1faedb03a14c5848dc18b_adv,0.21642230451107025,1
915821a46d69b9ba22433cb0672d7e0e8ca5ae101400a43224bfa9a43584def8_adv,0.4132062792778015,1
be841882083bcc16a38fb3dcfa3164a754b61131180facb84aa1861e78b11d47_adv,0.4132062792778015,1
d9ab4237495dcbc73183c6e60fa26479b36bc3cf677243706cbdf443b6fe59a4_adv,0.028833016753196716,1
da00eddb31b928d525543b40863bbe9ccf415f5ce00a1d2b1fd1dfb058283632_adv,0.06532112509012222,1
02ad8844275c604dd03c706a65b9713d80b2e190d4e20b16a38f03a480e73680_adv,0.03613974153995514,1
f0854fa9227abc109e855ac570bee4a7003d2b58d702fe00ac721407b4f90a2d_adv,0.4224573075771332,1
be356ec53e86f156477a1001df24e245e06c3db032e4036402dd83c16ed5fcf1_adv,0.27237194776535034,1
b0c725763cf7344d6ebfc3edabbbc7be701b89b869124b55f70e654e244d227f_adv,0.3972870409488678,1
2306af5c9f7eab6cb9fa0d8fe20e5a424cab5c689009252ffef58e36de50f619_adv,0.05223294720053673,1
196232bc2ff073196c6ab8b07c49f3f6383d482737ba448e64905bacb30ffa80_adv,0.317837119102478,1
df31c4144f9fc94322fcd55a24959d7a5914e0da6548abe8952f9181fee7ffba_adv,0.4132062792778015,1
a1c66e1769c43379da0270f896bf6075c411b30fda5fa6e6e2ae607ac79b2480_adv,0.6605859398841858,1
8ede1d6f33110f7b764d5a032ad21646fb4b1a1b615c4bc8d7822a573dfe02d0_adv,0.1371571570634842,1
b742899647e047a62e9a4bccbaaf8589cd38f66740706e5f29858e608606ea5e_adv,0.8190963268280029,1
76ae207d7cb7ad9e624f857527035b5dc679d2754a24a877ed4ec0c92e45a78e_adv,0.0716186985373497,1
5e6a292e6d6996365623ffe497ab0bc98f5ec6056f4e5aa14cd04233ffdc926c_adv,0.02517784759402275,1
ee4a5296577255047400f4e5022ca9531be72d431f140e7454eab77d307e8e0e_adv,0.13653819262981415,1
b8d886fc1f43d0e44dec6c56959c519cd5293e547ad2479be14d2fbbdeea3e1d_adv,0.27205440402030945,1
040c0a363d1ef9a622041cbe9b043d83c07ac2a600a449422e712b9a74d5064d_adv,0.3109588325023651,1
58c980f2a3fc4e9017bcee06545e5d6ef5c2f80e0fbf8c9326a86d7dedbd9410_adv,0.05851434916257858,1
e4d351284d3df383e7458f1c4a7ecc88582ce0789b8a671693382bcbc8cb73b6_adv,0.9953244924545288,1
52c7bca308fddf7bc9dc9b547fcf64aef19ba78afc20cedff18969de1374f88d_adv,0.38433828949928284,1
c6f82822ca98318637425a823db1e0dd2fad03790db71c567bf4b37efc72acfa_adv,0.09608345478773117,1
6b1e7fc8179aaa6f532e0a7271d8efdea255503f7a0de84d52f514954a7050ef_adv,0.1439117044210434,1
f2ab72447cc0ccb2e3e04142ccbf281ef23cb8b390b480f6f89ac12f2ceda008_adv,0.08852198719978333,1
7f49a48ca80b46bc63bb62fa3a283300803cc14ea98e01be4990f0c009c96644_adv,0.28491538763046265,1
d717d456053f6f8b6f9d8502acd39a0e72cbe2384d9e039f1e294b725faac48b_adv,0.3587006628513336,1
2dbc8ab309d1554c6f439f96374fb090a3bfeeecb92490151fcfc999e24b2c0e_adv,0.1367516964673996,1
bf1ee42b0f2f7c295c985d45c3ba3e7d834032948c153d067bdf33b3718f5ae9_adv,0.4777364134788513,1
088708e571dbdbf5b4f3088227e9d54c444ffff7ca3f6752481faaf193921789_adv,0.19873565435409546,1
e44dbfe6b58f7956486bd2c0bac99e147038f9b25cbf5b8a7eb0a067c7ff18ec_adv,0.033772844821214676,1
2e81d5321e9eaea6d873cf72d3f1f923327bc04e8f319dd068799f37835a6903_adv,0.11679946631193161,1
d36d14267c3f3ad5db549b5ba505079918b9daf4bf33c42de193b528b1117ab9_adv,0.025530610233545303,1
1d7308f554156ce98b89d49b2a1aba6b4f8f787fe127470801b4c271a38c49e7_adv,0.9488518238067627,1
e06c5cf32f5993af01e9b0e79fa9f152c22dd3dbe7361268c81890b22efb1ee5_adv,0.13323956727981567,1
a85c0d384895a3ee98bfff1ad26ffb626f0b8749aa007e041bb4a6dd08b898d6_adv,0.4151577651500702,1
92a46ddff12f0e83b39b90625730bb34af8d655d6288fc19a910e1f7e9eb150f_adv,0.3972870409488678,1
d366c207cfcc10ad5305f683c80b82ab54f1a7b42f443d6a6a4898dda9942c52_adv,0.2293878197669983,1
1a96d32989ede61b69a73b6dae486f8d11d6e239ad23fd6fdd6e83dbf6df2620_adv,0.45442724227905273,1
896824f103b2b19d499526cc1c7bbfdce12c1ef1238c52d886d35bcb7b3305e9_adv,0.19420292973518372,1
ee369b4331dfaafccb41171b08b53f22d4c91e1e0f7ab6d77731dff96aa0a010_adv,0.007725954987108707,1
f3a66ca6c5fb3bb620a9038ace3b411f5a8aa88260ac3f461615670b47160684_adv,0.14295758306980133,1
2c00c1d6c6b754fb8b302d0aa2e161f1c87f7dda823c752723e69c05fc253143_adv,0.07876470685005188,1
b001839fc8f2ed1fc974ed4040767fd43915d91cee436109839237c533798894_adv,0.2722068727016449,1
bc77a266c0cff31ce594d8f6be8353a9eb8fdb8261f80a61b19018adf5354386_adv,0.07195490598678589,1
2e6d3ab72b45cead331da093325b79684bfb194380a3b68352f7b86758382e57_adv,0.056326963007450104,1
de90de25d3c18879b439178419cca37e4569fbeaa9bd11caea919dc56f54b083_adv,0.06267942488193512,1
5ca473cb902863f5f4bc0c31dc422ba2efff5fb91d6ea884a9871f6db63c5ebb_adv,0.10356879234313965,1
0d145ecf3ea9bf24a109cc68765a2723d39ab66376c16286c2de6459e174bf40_adv,0.05100123956799507,1
76c4f8e4151de6e509d8d5126f724b701e07b395875a6a2f09331d6355ef3667_adv,0.17986555397510529,1
179fa884d5136116b0ff1ff7fc688565bae9b3daa3f96662de57a05807adc3db_adv,0.9642146825790405,1
f7fd1d4aae4c03f2ded3d23757b10a052099be8f5ff16f73d389df97b64c50bb_adv,0.011646180413663387,1
a3fbd298311c7b434f5a19a4fd82495ce1c8494257717bf7fafd334932eae4dd_adv,0.9998190999031067,1
498ac7588885cfdedb1799827ac6527a50bc21326e38fb83d5eb22a4929ac397_adv,0.3797282874584198,1
304e8ff5bd5fab85f81f38b430922e13dd388bf8046332c13c8b2479e32455ab_adv,0.29338183999061584,1
e3f355c89dbbf2c1fbc34c66bfb6eabf9bbeeb9bad950526ab50ce5fec511fba_adv,0.9902371764183044,1
e78899b1afb51285e9f06fc476bfc3070c93267172ba0aaa012b2d6e8241f809_adv,0.9998031258583069,1
abf7bbc41098299c8d8f7e758555ea5cde8466f851cbdd7333bb30ff91c0169c_adv,0.26986587047576904,1
d73c85348c0d27e161fc6e794f43d979fbadf69a6d51a1c4a83bf9f97b4bb135_adv,0.37303099036216736,1
8bf6db730ec93aab071879a17c18a67308e9de5f5bcaecc00595aa271a06d751_adv,0.18679168820381165,1
11fab51b299c50e9f21ed8746f6794bb71e903982faf02b61659a046ee841de5_adv,0.6662047505378723,1
caf9de21fa7d6c40881c3a38a2ec4be9e6fd90084ce3bd7c111870838bc07d09_adv,0.9997931122779846,1
2357227981246e81cd646616feacdae1ea92cab49dfb2621a6a36c15c0869c97_adv,0.8895169496536255,1
4fc8c0606acbe0a00ed0ed0097ab6f56afee59f3f9eaaf918124f2d6b031bada_adv,0.07585043460130692,1
276b2abcb4d33af8691da1ba3fa791e81f45bb94ff077650ce903d29283e6144_adv,0.018201034516096115,1
a26ee35705afe255a710d0092f12deee8070249a359814a086cad180481edefd_adv,0.6831684708595276,1
4d6321c75c26a75af9dd2e266b53daefff200102be9965478bd34e275bcf2130_adv,0.05671560391783714,1
bd2e49c5b7c473f337a4eb962f916ef7a0a60cdc4ab1a0ae84c66f3e0464bab5_adv,0.9998202919960022,1
78fbff9f2cb9b0d12778759a43e9a34967b23e8c1afc78f8aec002d8ae093190_adv,0.9956112504005432,1
191729299e972d7726cac24d68af18085c365a16550f482db5c977efa9a59e2c_adv,0.46338075399398804,1
699cbdb1296c82148cb71cb663c3289a1c057eb82d6217f2ba50164ab3036112_adv,0.36670082807540894,1
56258892ebdff7420540f0194c73e6465ab2356b133226a5103555b94830e6cf_adv,0.46338075399398804,1
75a5a4132b6333170a7e7c135377717f2afa909dd7b964b02d1ee69af5eaa2bc_adv,0.40637242794036865,1
f98ad2b65bb17524b254b9ecdab414016eb36db817db756dfb24b6d7d6d26070_adv,0.056326963007450104,1
1250198cabd42e0949e10b3aa2c26adf674861282b90265be32e9ab48394a840_adv,0.027679141610860825,1
870613995ba5d24cee07cc9e1228346bf4f690c64542576bbdc24f1eefb74084_adv,0.027912480756640434,1
62a675d5de93be87ee05e93801e646f6858df480cc2643f69ae8661dfc49b991_adv,0.06363149732351303,1
1597f95cd40ef62927a277f6cffb4a0b5d262fcba8f9a784b125dd35eb9c1892_adv,0.4414433240890503,1
d748ced5f517f786940f737d73b13b2249fcfa3eb56899ac00ca500f01bdc083_adv,0.052396032959222794,1
9100387a1f3890d9ec71882afddc19024b9490b0f897436c906165a3b5bd1278_adv,0.05528024956583977,1
1f6f4cbcf0ab68b80c8ccf26f4b3b0267ea999dc893db61043ea21fa6caecdf8_adv,0.07487588375806808,1
44b58993f03db2ffdef16ef37f64f693f73c37f242ab9df1e684d901329f3bbe_adv,0.5747580528259277,1
e2a8eb8f7b6455352fd936c07e5c7a660ee42e6148b059eefa53f5d7c4a209d0_adv,0.4380076229572296,1
7d535bd97cf47c5416e1b4f8da73b54b27e10a6e1dc73e70a7409c4d041068c6_adv,0.2025083303451538,1
2b56ca28638116c2ac11e9f0a9d37a51292a20858a331c8f0d6948e5f4255926_adv,0.02935118041932583,1
0de938d9614e2388311f81f9df4aa4bfc555a63547999ff7140758b254f38a4e_adv,0.6224709153175354,1
39821950bfb8c91c96fb90868cdb793bb20436ff5bd646fe7cbe6bdfa0f3b4de_adv,0.9998108744621277,1
1c6f16539a3fd52eae7cc0f0b033eb47863b664f424b07e15f3639d500b00804_adv,0.05984228849411011,1
95355e1b933d6cbfb45ace95f06f6129e727eda4ba01a5d575a22fe9fdf72e24_adv,0.9957991242408752,1
56ce7bcb54f4113b1cd22f532f7b9eb2749aae52f4d537c359a48b64cd29227b_adv,0.9179776906967163,1
30c884587c8e5271569d0ad0c7ec624659406c7ce507d3c06dcc0f0eb0062cbc_adv,0.038525767624378204,1
eebc49444a1e326a87d7a9b03b757a4ed6cb383fa3461a645264847733b59542_adv,0.015534836798906326,1
39c344a619bc0e3502f34552ebe11291160561f422ae98504adc315921cf9c0e_adv,0.4132062792778015,1
d89a9509412ab672e844e04213dd96cc9f1617c16e26a0057ec8815f3a604739_adv,0.3687324821949005,1
47b3e2294561f01c4b148d2ec40acd5f425594ce879beae3459a6d691ac7ca87_adv,0.9660738706588745,1
1384f0b8c92074c60707d93772ab5eb58dc04254e75c3adaee175584267a95be_adv,0.007212139666080475,1
7789fd859887f4c582be8eef10a7e7eeba9cfdf4dc3ef26d58775da238e6dfef_adv,0.1308191418647766,1
493f15b61799dd091e1b7b345a4efd3e5050d716f0aea7af498e09e8ab61c58f_adv,0.0952054038643837,1
cb197bfcb9093e7611c47663c3a64891a0122ede8cbcc3fe24ba05250252fce7_adv,0.0741690844297409,1
ff93c623a5a54256728de4a75b4ea0608ee334ee032a804c07eb77f7521ea045_adv,0.6969993710517883,1
a41dba549ea8cb6aeec1c677c97f04712ddf5a9246b49da38560a8c0a805f14d_adv,0.2522519826889038,1
cbd3ece934b48aef7914095bb827a880c3d238db4cfdcd42953bd7d90aaa6d79_adv,0.08598611503839493,1
d34e6b19329c3f3e77214de1bdfbbc8b087b3531ecf2d21c0f456aa94973d247_adv,0.2360970675945282,1
c389d01bfd66edf0c67b2b48911a6737a6723be18a0d711572721a46e3dae391_adv,0.026305316016077995,1
42297e0ac4a8e0b7ca453f8e88b06e99b25e94862ac8d07854821de63aef01ae_adv,0.09950239956378937,1
332eff8bd7855d36b54f4cb717ed10153f84e2524cf90d6a407d6cfd8b410710_adv,0.4211115539073944,1
c150058e6fd93fb7d1b2fb3dd2080a089d259efcc43d4b98bb17b0cfbc1e7c02_adv,0.13189032673835754,1
575563b086eb5ac0db695cc151c4b27ed3e4a193defca1b73d61e5793d81cda8_adv,0.8102615475654602,1
95a549df6815133f130c066b4d51e19c783340c7efc3a9f9c1d42ec4ffb1bd19_adv,0.9179776906967163,1
3a3df33bc6caf3ee2493177aad389016865b01cb451792ed7eda75061597b57f_adv,0.9997931122779846,1
b2c523e311076a3865bdabb4343c093b02c918897a4ea369934fe937e35a8e69_adv,0.4145500659942627,1
98ef17609af48ed36761ee84edf74cdd12fc70dda5ff4951a389f750fb5a4165_adv,0.05334816873073578,1
02f67e5aa90fe3de2be75a27ffc796931b6c3689903ac45437c3184defaabae4_adv,0.4169536530971527,1
b6ddfba51ba531dd514f3af99bb025cf4a51629c7d294693acaab3a39b409e6b_adv,0.009492897428572178,1
f9bff8d4fd2a7fdfa324a6a56784827ddd607a5908d2c28ad35af8c14eed73c3_adv,0.027679141610860825,1
8c57757adf56f65d03fce9e567af0c4efe4c0c2796e3c4c76af521f36dd5a2fc_adv,0.4898291230201721,1
b0519abc3cb54e75ee53725a5cf876495ac802c547a380e9a88ddaa38f16d63f_adv,0.3972870409488678,1
38440d4d3bcbb41da282085e14a3c5cdc165dab0a5deb562cd8287b4d3d6dd07_adv,0.4441293179988861,1
eb303563b6b3e5d57ad8eaabb1b64bcbb02c4ef99588cf5af2c9ef2e6e28a466_adv,0.0027074802201241255,1
d4aa03af563f6f87af7e65de429b54d653b7fdd5129e4950cbb8425eaf49835e_adv,0.2757346034049988,1
fc6a698cf73ee8009104d1713b7809b439e83b6286b79e613a0d1a2ce2508a39_adv,0.44023993611335754,1
72392bf9828eae3490724a8e530ccd9b4d8f1d505a008ec00c3ae16b3c7731a8_adv,0.21342512965202332,1
fac0deb9bd1e8aec01ef425799d4fac53398ab8619923620837b4670cfd153b4_adv,0.4225720465183258,1
f22e41760024ff68cf06d9c3d43c0096cbb1f650e9e045435fa15e97b6f0ba37_adv,0.6521360874176025,1
f200530cee547b4e4ac5b9c2304a4c0804364943613cf7c812553faeef1657fd_adv,0.03241031616926193,1
b3956074289c34c0264d771b0ee9b72507f4d7a1f81113da9564553d7df75899_adv,0.3382784128189087,1
154d496e22b61b64c069fc5d566b079f2becbe22ea99502b05435433012ed4f0_adv,0.02596418745815754,1
3b4f70fabb18e6355cbfe57763b10bbabe0e6e41766053e43ee809cef3153565_adv,0.9381401538848877,1
a16c8685b23df281922a9d19fc5a9c27e8d75e4a4df0350b33b3994da52c630f_adv,0.036447059363126755,1
fa0ee0ca23ebbd9bdbf71ddbecc59eda1ab22cd06b4888bca9b91bcb29fadcd2_adv,0.02945646457374096,1
105c95c5cb920aff87a9361afd616f08417a3cac36eced141b12bf31b47737b4_adv,0.029730575159192085,1
d838ffc0c7d98e26dba966552048a2b522529fede3213bc003bfbfb372b709c7_adv,0.5210966467857361,1
d836e4dfbd2be3ee0f3d7f8a260e734b8969ba4facf7b9a795d9bd8e3fad2aa1_adv,0.1027599424123764,1
fabe7ad188afa4eb5aededc35483b05ca64ee2049890bda85604b4e15e1e106f_adv,0.35539013147354126,1
3cb31bfa3e36b594bb356b9d2e62ea1481350d853b3d10c837bdb478180e2040_adv,0.9997931122779846,1
38876b232a6c68b9453d15f02fbb0747dcf40ea0d5c437176b2f797c41c7f1e4_adv,0.11976304650306702,1
a050ab8cfa2a74c0c7d1fa6dddf42502135ef1aaafa553781f50a169054d1791_adv,0.025530610233545303,1
5451f580bd467cf85b7c096daa9b136afc170ad80a50bb36d3e0867ecd10dd0e_adv,0.9998071789741516,1
b133abf351cebaa3e7e3e35c575383e55b66080dc8d24e0aba7441cccfbb462a_adv,0.9977055191993713,1
747458ea9f1baf5c5a65aa03862245f7b810202c21ed9eb6d719ee66d9d527e0_adv,0.4132062792778015,1
25a5b51c7158de47c26cfe3b486770cf80f267afcabf8a17559c749431d352b5_adv,0.056326963007450104,1
b8c6aefeac8df95098cc9e55baa62128231be390298de02e20b86d60948c958a_adv,0.1027599424123764,1
febdfa0930353b061358383b387db3f86516445445233a3e2f960ed6911fc832_adv,0.08168713748455048,1
d76c13f5a51535d78074affe8c17bfcbd16694aef0e74de86f3da6fb67f27370_adv,0.9932669401168823,1
1a84a823b4ee4ff0791dd79b6316ab1a6f64ab0ddd86a6f96978d36ede74acf0_adv,0.03209879249334335,1
a178a7464696bdbc440b28d2c9311f6336a8804d1b2e6806618af3086e6fe56b_adv,0.9351708889007568,1
3685c3882fb7e2e0d330696ef84dc888fc438d1b3289c1f46415decbf6bef3f6_adv,0.13835003972053528,1
f198c939ec956317cf323611e03205e42f3d137f48189fee641a31929bb8b306_adv,0.10579517483711243,1
ae382ba6f48da1b2b6d8ce98167d581e7a5d5d5e74c6e461b47de882bdbd449e_adv,0.9940924048423767,1
b875fdc61ca06bdf3a2adf65ec3fb7bbb5a85d81b3d4d7457e98905d002b71e3_adv,0.15472689270973206,1
69956da10137f25ef9c4f874620c28a8f47a4f77f96775f39fa3ec7640135e18_adv,0.018296508118510246,1
dda9339bf0ccb21e4777d754e7840f0a53a386cf6b177961dae16f470bc43e5f_adv,0.30653226375579834,1
a80dc1edc0474390bf270e2885b2cfd12d60dffd18e2fd32508c98fdb901b3c4_adv,0.06555469334125519,1
9339678ee53eb0967dc7fb292eb439cb534986a47106e3bcb2939d8b5e0bbcd1_adv,0.46338075399398804,1
2fd4e54e874bb2a390a1a316d7cd9de55e82d7327084e44cd857e9f1db20497d_adv,0.018827153369784355,1
2aa33f42438c226a2dab850810d23c3bbbb477059d3bd56505f72a553ca66b47_adv,0.37118932604789734,1
0a3075cab39efe77f6ee4e174c9850cba97eb0ff1c98afae43a39728eba66437_adv,0.4132062792778015,1
2ac674d527ce6638a88b2a15865d0a6a8311aa43b36ee113ad418b3ce96545eb_adv,0.34557968378067017,1
b3cae5c4f8b7c63e2caf9729b3ee70a846070af7c1636d09ed21cafb3950b7db_adv,0.2851570248603821,1
2e07ecec8b979e17f9d9253d103b2817ed3d1fb0038276f40424b798c0187fe6_adv,0.16601066291332245,1
0993e2108c913fe4fa562b8a503e63e752e74ce1a8f12c4735ff8c7aa7e939ab_adv,0.4619240462779999,1
f1be3b372a19dc3582905eecc9800fc21eff0630e8558f8fd5fae2ba44c157e5_adv,0.9986897110939026,1
4c817b491b93037e4940bfc8fccad5a3305c1534e7777f0acbdb8f4679f108bc_adv,0.40363767743110657,1
4c91c61770c7d72c6a60f01f40010dcd5b834fe9a80e40526d94b7c43408bd39_adv,0.03844862058758736,1
4a6c3fe28a5b8c6c7f29ab5ac285df74e74b4be2a59a5bcf073c69094cc602af_adv,0.09162557870149612,1
990a73aa41bdbd6373c9521b723a3ac86ab9ebfba08aefb667422d3f79d838b5_adv,0.05528024956583977,1
ac62fafebac383f992ff513f0120dd469a164b55697f984dcc97cd9b31152e11_adv,0.11193674802780151,1
7c1560ce5c8176c3c87741cab6793e2378418a5dae1ef7dbd5cf74e367ac063a_adv,0.027679141610860825,1
3021efe429c4818e64d94b8df897e66b609da86b1f1ff36e4bcddf29249bde86_adv,0.5938228368759155,1
8e2c8c4db7c38d33c98e3fc3bdd3c4a42d5bc5817d38da628692adb7d8d13da2_adv,0.02428547665476799,1
547352aa7685a539c06d20ebd8e85c4dabb63f37f73ee0b3a1b2dfa1efb87562_adv,0.6061126589775085,1
9ffbe18816b637ebdaf02020058b01e2d022a89af17b34c30e361837c02ab925_adv,0.028153900057077408,1
3c2c5852e38c5d7116bcad5098c58c178612f93a4a2b3dd4813de85213673285_adv,0.0716591328382492,1
19d5dd83d95d761433fa60d7e9fd733c71d46f77ba76ed2f9e2d0b0dde22ffc4_adv,0.059826817363500595,1
d05e91f0badae81c04390afba3136d1e57f988ad2f51cdae5e849d0b1a2666fa_adv,0.011188175529241562,1
cbbebeeeedb81cf2bfccba4904c7cb1eea8516af00c4b634587f2b7386a0d984_adv,0.5552788972854614,1
2c5f2a920be820f16f7b8c77e9821ec70903c802e14eb290fb322d2e6b48c2e6_adv,0.09356191754341125,1
8925ae626450298b8db66bf7e7318dbce56e9286189fb8cc94eb91c609a33968_adv,0.2636401951313019,1
40dcb22843a76455964ba82e76d2b39131903e2050be9b2445563ae4404c043c_adv,0.3972870409488678,1
c3dd904e07c9f7c76086df543827e230d55a157ba2d91d4a8165a57ad0e1e8d0_adv,0.8968043923377991,1
204013e0c7c3a39256c4c8cfb6417ced4ac4f79c6223f93ea1319325ef8747cb_adv,0.024490833282470703,1
5e20d9df6298e2a355f195f882079979a255f92ee430cb1c40604f96f11cb498_adv,0.031160706654191017,1
30de80adecb58300afe57b120ba55d7f4073eeecc211883f48fcf20da7141a9a_adv,0.24502713978290558,1
6989a6657aca4d4c68648bb8e940adca125ee37c54edced5d402f4fcb5b46416_adv,0.5890758037567139,1
a2e10b8779c1f5a4ef41fbf75124fc287ee7bb09f42f35c8c232ecd08365c783_adv,0.395915150642395,1
0ec6f8e707409ffe926b5c326b471afda47b30fccaf7944997f375b3297dfdde_adv,0.9642942547798157,1
ea8ac8cc9abf83dca0d76830b1a08a569cafc8c77e41c33b9c4d3ef00d10c4b6_adv,0.9902371764183044,1
7645c505c519f9557b3d53a6110efa980e4fcc9fcea68db6f8e94b8c481297e2_adv,0.20646604895591736,1
9e092a34ddd24ca757098b58bb59ef220e1e44d498b6759f4ba2475b9de1415b_adv,0.416814386844635,1
60f8ba5fe414da6f4ccb140714759ca2dd8c644ca04bc8ec01e796479641c6a0_adv,0.4225720465183258,1
d3a8841c95b087d9234aa6ee3da484be79a1aefbf83441a584cebdddd084b0b9_adv,0.529237687587738,1
fdb9a1ec68d0859577920819e587c07f35a63fa26f5e902ff38e36a63497f0d0_adv,0.9179776906967163,1
529de8043079c452d3dcef5d1b6078307ae8e21d4d4b3645c51ca5607d62063d_adv,0.10369177162647247,1
4ca2b0054aba6260844d223e29312d0225c091e78143923579f88d3db61cfd4d_adv,0.07529330998659134,1
e0a391e9a4732bea63653a9103e1a3f65d1c411360b5505fc9231731256d03c9_adv,0.16409790515899658,1
5ef24c6c4bf7b4973f18d73db595ea02ae2dd54255381560bef0bbf3fd214d2d_adv,0.06618572026491165,1
b6a2ab569ab3344c098106ee9ce3ef5830215f2f24c5e9c80ebe2bf235c93c81_adv,0.08029595762491226,1
614cee5960280c37e47b22aa4c4c3fc347226a8e4c718e5581719d109c7321f1_adv,0.07880106568336487,1
24e1ba3190c197a561046487af54180ed4c7924408316216d518de6470f49065_adv,0.32162463665008545,1
e5b047f12f54201f44bb050a012f76896629127025c414c0fcf191003c0bf90b_adv,0.2522519826889038,1
9a7d67773c0b7d5b7b074d13fc804b626b372bad7ac76880023114be1576717d_adv,0.01912735030055046,1
e7cf222ab01521dd80f15d39f5d3fef35d823825fe65244bf3083a4a3ecf2edd_adv,0.02767149545252323,1
1976239c080b1184a5ecc125ab6c6ab15157e932645e6473d207039dca6bf205_adv,0.18839499354362488,1
687e673794df911bbb3aee2cd40bb2710335df95aa6a3d9c1caf8f5a234259c4_adv,0.12274031341075897,1
e1bf382a922322440f972bb880e875e1919885d456febeb7ad1f88a6dbc2c456_adv,0.20515558123588562,1
519504e9f38cb2799de9ed83055100b110f7b0b6c87b77f64adcabae025a7638_adv,0.41588956117630005,1
f71d5c78b7c868af0e7b70b1b6fa311e2c36e212b8665590cce15e2a0d923e80_adv,0.07726295292377472,1
86fe59b32353085c2f0eb2272e09256a77bf335859b3dfaeb60d0abc91cdd3ef_adv,0.8318320512771606,1
a8cb3946707038c3bcb425b683ad71cacef27d6b8f33955c70e26d366d98b0e8_adv,0.9997931122779846,1
aef5477f396c8dd77ca54367eb6b89b7fb13bc080be3ed0ad4eb70ab0176b01a_adv,0.07687797397375107,1
55a2d39bdfb71e7cb13ff6b3edb5897f7470dac40c6798ed46e250ed55c68ddc_adv,0.062123242765665054,1
d559d55fda200ef1ac0a282c9347205884d0d1d6ff56b637b79d383eafb00549_adv,0.3965548574924469,1
d23f6b6deed56fa2e3465ce673e57bc3ea93d655a142b4862e2b0ea735d6b705_adv,0.9820002913475037,1
60438a6e956f2a44e69e631eef6c5a4eef83f2f7e6089ff8125aa1d5ab66a462_adv,0.9680019617080688,1
e8a3f401b0241e3e74b891dd4f4e214ce618abd4151fdf75d3f08308313519f1_adv,0.12971654534339905,1
782289150f5d11ac48a9add98c2406b0393ad6ada1c1f42545b897703658118c_adv,0.1765018105506897,1
55fb253c15141b65b3819706cd2143d1db6e5396cf448adf6a04d67583e9203a_adv,0.4132062792778015,1
cfc85f8c86e555dd6de4de2dc35eec300ff7cb1c08ec884c359bc88d0c1044db_adv,0.18185065686702728,1
7f26cc757686e99aba7b5d828d47b455c2bfce51a67f8bfb5fe68da1a618d1b5_adv,0.08136744797229767,1
32ec0e27cb38d5aed51c5b7e7a6850151fb1c54ddbae6b180f50e4524258a331_adv,0.4132062792778015,1
c0b81550963d51db6671adcb293ee3da3cfe07838756a26ac24a6054756ebb97_adv,0.03123503550887108,1
fd77fb402195c30a1afcef4f93f34904bec915dee6383fb2026f758da76b9d6a_adv,0.3511980175971985,1
0618abdcb0c06d0b6892eb8af5ad66a3b96d0d635557fa4d80637909fde700eb_adv,0.1027599424123764,1
8594289fdd9e815faefaf21dfea1d58fb7ce870d5fa201fa3858b4869b36f1c6_adv,0.1589403599500656,1
79513142e5974e8486ade1367b7f547b731881891d1bb3e476545068dbe7bc7e_adv,0.40389880537986755,1
204b6e190963cbf90642f04373275a7b81e43e1082c198c4248958b332e795a4_adv,0.9513421654701233,1
0fdd5e26e7a60a3578498a4d35bed0fe038bccfe35574042b74b80a7ab85c014_adv,0.40855273604393005,1
fec07ce63fdaf3717125b9474f088e574e9103e859d144fdeedf93882015bc1d_adv,0.32162463665008545,1
5a07bc239b3628a3848d1eceb7edcdc273d6108b54c1e1de9f62fff725b491fc_adv,0.05423269420862198,1
a33603119b5cccb0ec4d766be811a5cec68d1ba410804b84b4a5c6546d979c67_adv,0.19714073836803436,1
5041f8b3e0403cc75aa4eab378ebffe5b6a820a8664bd0d2e5b0f5223e78c0d0_adv,0.9412386417388916,1
d9e20ac1a69ed615c8134d10ee7cad91dd625f7d3f8e3e6fcf7423c78bdf89a0_adv,0.4069252610206604,1
896ae35c5d97f77580e7280920c4fc234b6b7cca1837e74f95ced23b6d51dc7c_adv,0.4375583529472351,1
54eace7bd720e516af96f2bbf91bfa2786f28760e35c460ee594d5b6761a19ff_adv,0.1528521180152893,1
55fe2b0a3bc0d0964a47882448c656bf34c56aeb0a1508c80e321526014a73f8_adv,0.6433086395263672,1
5678888f557b8e78f6492f9d4727b492e3c1f51f9f682ad9593393b4f952cb76_adv,0.03220490366220474,1
7b6fecf392f21da4018b7a3ad5993a615f07433c3ca287868ddde45c541cb768_adv,0.021202076226472855,1
8cf40e35e2ca4624e6c4dda8cb530464fd2d1ea00e85494145e84b9eeb331a2a_adv,0.8923355340957642,1
4760b8c35ed21e6d4fc4f00e7e139b486c017cd15a40fab8e47dc0ae97ce8792_adv,0.46338075399398804,1
bd9fe85b1203cdfe23c2af047bf187afca6d71633a793d63cbacfdbe69703e9f_adv,0.9933151602745056,1
9667141aeb52b96981fc5a019c63e60fe9607fb008080bb7f99a1d6bdcc97909_adv,0.6750187873840332,1
b6a13470ea1d11310eeeb889d801fee0ec99de83119651bcc154208b57fc33d2_adv,0.425111323595047,1
b17f46dd4b2b320ad49ddf6d74098467382a343dcda0348ae617a5a63d71a0b6_adv,0.034075651317834854,1
4dd9a8251b642558f75232ef13cff83b0a30a93b80c72933ef88b496e5cc0d8e_adv,0.03069479949772358,1
31dafca8a8652bc65ee3f6d769d37d48d613c79262097dad42169ec39ec3ebd9_adv,0.056326963007450104,1
66656697abaa48b6edb5180e9675bd5911952ad679aec3e192c67efde649f717_adv,0.46338075399398804,1
853b99affbe2f201c416d182f482f183367cc4a4602d7dd04439a664fa950dba_adv,0.4941883981227875,1
89aa6ba4e307ad88833a6c3f383902a71a56af7bff67c6baae99a814234df7b4_adv,0.250095397233963,1
8227ea5e00383185b04ed202eb2a3615870888c50b1d589defe113d5c67b3356_adv,0.09909188747406006,1
704b234ca90bb0503d9e05eba0f88480e65d4f22798808f208b803c06f9a3b7c_adv,0.46903350949287415,1
6c76312558513dba3f9f01fd496a5d844349cbdd67b3b7900c2661c73b53e305_adv,0.05314195901155472,1
b0012ba7926efaa693a4f207362c8ebc886289bac5e971ad51846dc47b5b0cec_adv,0.08136744797229767,1
0cb522382cb0cb21cd15d540dc657994dc141b867b6446e02413c857e9bdf2e6_adv,0.992223858833313,1
c0418b86ea56ff7f62b627743cdf66842eaed7c3c4eaadbe43b2d467e2f3b2c4_adv,0.4118693172931671,1
9726f0cab61777951acf5846a339f6e3f20059a7d474a66e7326d933cab8641b_adv,0.21651878952980042,1
1b9b39cf42421229620b4f87e3255aa60478d2e352996b3a1edcb123941a8c48_adv,0.9997746348381042,1
a4007682e4a92d666420b01205ebfecd965f6e47fb5e6f9a1f60686fed470df9_adv,0.07448368519544601,1
357c2c19fdcb59f9d7024ba4e4351a2e00e7dce96e5524bb23be155183007dde_adv,0.15749810636043549,1
1ee43d00938b51fa45dc1307491f077c06ee42e840d684be9431ec55adede170_adv,0.9813794493675232,1
a83ab03d1df8da13427f1d3baadd90905ddeeac7ea489e94d806474497896751_adv,0.025964561849832535,1
ca24f243e4f2d9f19e187a643d9f866173e2943a9841492931be86b1758fca03_adv,0.3972870409488678,1
363b694cb23645befafbe2981337bb2c314e35ad3087697900c29c9ee3459095_adv,0.44595271348953247,1
15154e8b76182b62906d7731235f4949b257d1f3fc6602d6d25b3ee818a24365_adv,0.4132062792778015,1
eee508e8500b13660fe0a7e3736d4358c8000df304e198b333a34c3b64fbbf25_adv,0.3972870409488678,1
bf441d3d28b515179777828023083c5fd6baf3f6730b2ced9610c678b5d1f225_adv,0.7295001745223999,1
efa025257e1cc4836c909a082e95e14d2ebc9f9c39ca62ee1289acf33029d288_adv,0.3091091215610504,1
cfe52f9cdc58b63e983ce90d5222d5a0392237952671d454a286b9be9dbfaec9_adv,0.35294976830482483,1
d68623bd75d13ad2a291d880163b072dad90fce6e7717c9e9fa409370141d691_adv,0.02522476203739643,1
13663dac3dc124e903388a284eedbec7a934644043797bf31fc053a600cab0f0_adv,0.4164300262928009,1
9cb57f7947e6a49fdd72e3f9a7b40dca5cedbcab934cb58bcd09d2bf2fcb8462_adv,0.05150439962744713,1
16972af18bb050fe2562829bf0c342a40f306f0f5a7c3240bd6e774cd0282d81_adv,0.06998763978481293,1
c15fd3539b8c28c82f210f478f96387774e7f130f69158da986f96a4d7cbe0e5_adv,0.5211663842201233,1
75be1dff58839e5576d0f2e3c952cf13827fa26aec59add6c709923ff484de1b_adv,0.15049143135547638,1
9d176a04e3a9400bdab245e7fa8ece8ecd96cad750b73039f199c9c715d772fc_adv,0.3905203938484192,1
b52f2cc7f214bff9eeed8f1f194b48331000f93dcbae64a020927b4db8b892b6_adv,0.8466090559959412,1
a09312951d7c5e88899679be12e1a6bb4cf59f1b36bfa835342923532c0b8934_adv,0.0568561777472496,1
e36858b546518e866e89dc6b02e21ddec1d30b58bdd64e903ac483b086f250ed_adv,0.40431442856788635,1
bf21a41b7fe6bc37164be042f39b2638f59443816e2b58bcdca9f7c478ba388b_adv,0.04355178400874138,1
66eaf661d46405b795c6cc54bd9d5ab21d2de7ac638f23755e1472e7431bf669_adv,0.9993129968643188,1
f2290ca409342424ca30501117f2ffee999fab6e3af6da120f78ebea8efc92fe_adv,0.1365467756986618,1
63c396944f5d422fb236b40e08c730eb657c7894797353d1b93b49898b3f3eae_adv,0.0348341166973114,1
00cfea53d0277eae23eccdd5042b979b94c3d199f897bb75cdfb21620ade45a6_adv,0.4508967697620392,1
1f0a539cec6088dec629ebaaa8adf0c75f06403495be9d9398eccc7f20826e20_adv,0.9998278617858887,1
e43d30b88d8164a13df7fe5dac6ef623ce811ae3c621171737e889cc6b9d914b_adv,0.7851123213768005,1
8ae07633c9a3e69a298063813926e9ddc5c9030d27c69286a51c24ff02eb0245_adv,0.46430954337120056,1
3ec5dff135e2fd7fe59854512a6e18716b77995a9fa76e62e93f77aeb7ad9528_adv,0.3747069835662842,1
a9b5b110b2ec8d418b720f4aed5ad59ab446b61116bf23eefc918fccbaa30be3_adv,0.9630085825920105,1
512c08bcf4e27ef416ac10ac61ef5e40423760490f9f009524bf093342d5beb6_adv,0.06232243776321411,1
ba800c2cc4bcb14f17d4fe74e9e22ce0dd1b7a3557387cb3c61255aad4ac7bb0_adv,0.7627844214439392,1
ca3a862b9facb016a9c31c9dfb6efcee0ceca31caf571ff8dd19cfb4bbdb60c1_adv,0.04324254021048546,1
40d50457f27b1d8d3b37b2d35f6de7cebed244c27f8472f06567fa31d509b573_adv,0.13321731984615326,1
3b2324098c7a1626e1ca8c8c3d9fc1710705c4feb8fb0b5c8410e2b7e9ffae97_adv,0.9997931122779846,1
7469499eb4e0fe08e267df56b965a532995da95ada5534a8d07d2016e39e1db7_adv,0.13088205456733704,1
e501d74400846b5e7cd7cfdcf5465f4ffcf545a3d6862b87bb62dcd516923daa_adv,0.9617530107498169,1
47f8c340c2f6c4d499f61ca4c393db19832276550594c88f344f32e4f5fa2caf_adv,0.027679141610860825,1
62d709e539d53d3615ae1e4c96c76e2c8d3fc1c664867c344857cbc9336a2567_adv,0.056326963007450104,1
ce624c8e63938b033f027a9352dee40ea5f8f019f58e2546060e20c5607638f8_adv,0.02742733620107174,1
ce42f0bcebb65ee60ee603ca4d66019c9e995cd2a6387ef3b429f7f9c5736e16_adv,0.3972870409488678,1
152b48fd43e6d9a160ce00155b86841ae585f247d9e95c08f4eb42a889082820_adv,0.4086792767047882,1
8e8faf4e799c85ddfe42d6e6958abb77f37cfbf633e29b4ce64005855320bd6e_adv,0.06416306644678116,1
c1f8226a16f3407657337acce6b1af138550743dfcc602b686f3c43145ce2dc2_adv,0.6662047505378723,1
45f961f2bf029e951806de2f7ac946805c5249ffe2ccfbe16894d2b65b03e445_adv,0.23106898367404938,1
832457f08c462c82d5cbeb0c7fce82f4617f1758452e60de2d9fe4c157181149_adv,0.2827773094177246,1
d2a0e61b032fa1168cafc5d57b125191443b19799a23d945af2aa75db8fbcc09_adv,0.4698212742805481,1
e51a9ee3340089538e6d58c25d9b5ab53adef4518d3937f52680c6d2e49c55c3_adv,0.029042385518550873,1
d1181e06f554acb1ea0807dfce466733be666f1536f9c5b9b076422f29236834_adv,0.048771947622299194,1
6a6af0729bec1786085a327f13ca2346227b688ec00ec12745fc102f0210f158_adv,0.11433561146259308,1
cdd6d127eaae2090917e10301e3f0de8ee32cec7360d73f61153788a3aff024b_adv,0.7266019582748413,1
1770574fc7fdbd66796da63bb29fed4bf5992d28ae947206f10e1204dd0dacc3_adv,0.3483920097351074,1
81ddbd134138cd38d43abbe62f7502adf2b313052e2421b5bce7bb824922a3ce_adv,0.1329260915517807,1
66e14001a41fb93ab1c0097a765fb0e2434cd8be8fca03c8dc22a67fd4eca077_adv,0.9996020197868347,1
5e8bcb479ed6dbd6c48eb1ff4186d43995a925dca795da2b9ba7e9d7c8592773_adv,0.969623327255249,1
6b33d2e6c864c532d2519ef3b8823623a43c9023f384f10e7aeb64a4da83a2d2_adv,0.2522519826889038,1
d9362381c1ff5e0f9c5fa03a23d6cd508397a392901d9a6a8a620cf8bddcd4d2_adv,0.030127694830298424,1
208331219e50216a22cb95d5fe09a74de62f1e54eeb916906e938877c7b01c49_adv,0.9997931122779846,1
0f9870c9abaf120ff0ab58c4b97bfff2f90f2e00c5273af96abdf07fda45fce7_adv,0.013280809856951237,1
b92c9a2be533bdfc3590245aa5699d28e6522145bc3e3baa7c5493a3f6759d67_adv,0.028833016753196716,1
8f154ba90de029910f43323fa79bcf82c254b7705a2c97b76c89c009da9e7df9_adv,0.45565515756607056,1
badc0c5cb8ab117f933ea3caa6b903682956115daf8bb87d04a324678c015ec4_adv,0.9996122717857361,1
f805d91d28d577c6e4a482eec5a6ada4095017495b64f4bc14d819acf1b41141_adv,0.1866733580827713,1
9c33860e2d951c1d9c822dd5d5e715754b94fbcdb53109df4263a2a9dab2651d_adv,0.059124916791915894,1
1cbaed8d02e56364365b535ea0ebe7ac75d3008726b9169bc329faec5a7a7056_adv,0.9998137354850769,1
97d89d0eba5fe2be1cc02b8e1ef5537ee094cac74bff3c03726af508b63cb444_adv,0.9999381303787231,1
7fd4b00c7a67aa9168e544d78d78a8cb3fcba9f6607b2bc89c2a4f2dc336d2f3_adv,0.46338075399398804,1
e315a4885b8e4aba62d82e94a1c95cd3f1922395672801f814a932f69a04d4c7_adv,0.06076224520802498,1
d544e2ed6e776473fb050acb0fe3d5f03f8e1a7ea4e51aa72b6a7a58e01c26ca_adv,0.6620799899101257,1
927f5da460ee1b32a45b8ff3e050f69f6baa4fa8015759cab79d683dd9e50fa0_adv,0.06910238415002823,1
c100c590224c663048c155b7b6a628660c74f3b593bc0a32f03ed5646d62fc0b_adv,0.16120685636997223,1
d0a98f1159f7925e12be7573f6220547e59618bdfb95dcdecfbd56e63273f6a0_adv,0.4132062792778015,1
7bb5d43604c6ceaa7e684338531378df464c03b8f0deb7dbe08aaab67c2ec167_adv,0.9994397759437561,1
0f53fd65f3d88c9ebc8e6fe4d29eb4a2adf8a441d7b3a144c8782077da8f7a20_adv,0.9179776906967163,1
8e98e1fac8057bed89d4c7ca7f4bd386c02895bec86cd9943d4db387b0fafee8_adv,0.04324254021048546,1
6745e75cd814511f3f802dbea4c02f03ce4bbd6cc76b461210f7c7f9b610b50f_adv,0.09476489573717117,1
4e7bde492f6166c5f1f9cb844d1b9995bf6edecd566b4d2c266f366288902345_adv,0.7911461591720581,1
09cbf9dccd6cee6c6a302df749c0025510cc319d08a476da365c18ace4e8dafa_adv,0.32162463665008545,1
3c12d20b648b26ecd4e9cf361db877c34d5b6d5bdbfba412a27fc2214bdfb9e6_adv,0.014830026775598526,1
2fb38ff6d845ec558da21a066b5558808365ca03d2b078c8cc3487208454b313_adv,0.642611563205719,1
7ce8f4b2c0605807620b90180fd08216a46ee8356a7b7cbda55e7db6c0005e7e_adv,0.1899617463350296,1
7bf6392dd69a1b4f54c47865a3995d9db948d8c5beac730c16a8638952d7860f_adv,0.03123503550887108,1
5e4458814c9b8e72c6844ff4da59ab9a3800ca523d838060c6c01ee5fe7c5614_adv,0.11752156168222427,1
b15ed40c3179b5e0031fc48b8423b01a2bf1dce5eaef96277a4bd85dacc2ae7d_adv,0.025833960622549057,1
82491fff9ebccf3ac39d1ec497cab920e7cdfbc520cce503932aa7494199e34f_adv,0.4222148656845093,1
f2ff732910ef8a25fd25cd3799c12d6ed40fb332abb927630343e1f437e38f41_adv,0.8962733745574951,1
4622a9fe3ab2e861806c020f799cb90d1deddee57757652c5a0961f2caa558c1_adv,0.3972870409488678,1
a5a151fff4cb32b5b70486a0e927a0ec3498f7d1500d7484c0413256e21c6393_adv,0.5352705717086792,1
2bb38a15acefaf624a2d5a2f36530af6e255f80c9d70580ff692946205bab8e1_adv,0.08891868591308594,1
e4adf9e95219ca420b39456270ec1cd9b2d7dadd1d72604fdd87b6f6a50539c7_adv,0.5992981195449829,1
fde336486ffb9309151f6408d5080bcd1956d4b152cd866ff3c04b6e03cd5459_adv,0.23304417729377747,1
a19b58215f43504df978a5f3f19ed131bb911aea45f36ba308c6fdae1561a2f1_adv,0.5523344278335571,1
e68e8734c9f6b1d785129c127d91b36eb138edca462a2217b500af6a93999ca3_adv,0.9998074173927307,1
e5b482796fa9ec4f9869186f3869e92926ec6ae41ae7366d0162a802ba6c8e9c_adv,0.999826967716217,1
b2e604db5c903b4a0243c82b1304c2f37ea30d9bbd5c593463868d391de893e8_adv,0.3554559350013733,1
b997f4712693f9748391210a95cbab3409c52cd8cc146d260b3185364360367f_adv,0.4222273528575897,1
fd5b8c9b838305cad5ca0e5bdeb20fedf564f6a17bee9b24bdeaa81c687b53f0_adv,0.4927394986152649,1
0376c6b19bd0e69e1007ce0f4bc458372a4e03c70d824e23fe27755d29476ac8_adv,0.056326963007450104,1
af61ec5ca24137b568868284a82278fad190676cabe7a30e1d74f0eab051e690_adv,0.09839804470539093,1
bff015a5dacd3a97017e773e8d8f6e2f26e5c6c1f12c7b642432bb3a6dbd4081_adv,0.03895901143550873,1
7dda92e76c560c424f6bc45cf85d515a1a8486921cfe60252554e013db01d4f6_adv,0.1027599424123764,1
d11a1bf4bdc0d86258d7c8a4a2a168befb775f9bbc4bb95b34cd2393e66961d1_adv,0.3322564661502838,1
507dd1a59e0a22b7d89dd7ccc68ed7e58a7812d72a95c3721483ea07da656183_adv,0.4461806118488312,1
2ae9e8ec61f4b299982277aa72207412ba17ee2beeb3de1e0683260e910441fe_adv,0.025833960622549057,1
bc5a94729d6327f79db0404cfa37be803f29ab4d22b945b11aa06f074e205e89_adv,0.3933236598968506,1
f2553cf902a036e4bc07d6ab21c425985a0cc9c749bc5a7ad4d85f857171df7e_adv,0.0710470899939537,1
9178cb347fc30d7e5b9b4365f36e645e2d23f5903772ad3d0f38be081bac3275_adv,0.46338075399398804,1
f01bf751d9c2ae3bb36f5bf5a43184bbba72ca675c7eb8e3d93859ab4784c97b_adv,0.03739115223288536,1
b92cb3a6323186c3d3574f410d9f5b4175b4cf1be101358e2956b12ddd4abd2d_adv,0.4008098244667053,1
63772d78d3a194c0a6ba999998640ec2b9f6879737fe396728cd62512629bc42_adv,0.8091332316398621,1
ad1327b31067823f7d9c03bde7a5a16890950a90605f948d32a9ba687867a506_adv,0.4132062792778015,1
2dae7f494ee0a1dacb078fce5b2b98e89109337f8ff5cf9bffc68eb4cfdae6c3_adv,0.4180954098701477,1
b1e39d76f0398b796b5d6bc234f0a17d8e2f5959da679e022a145360ad777f5b_adv,0.9902371764183044,1
ed2a3c4f4d2be789b24e6892df4079eca408b340c193062e01d5045c9c728213_adv,0.05989440903067589,1
82888ce1de6243fbf6daaf587c94f0e0c7ad09a1def4f9532eeb3ef97b99ca67_adv,0.3876919448375702,1
5c00105758cdb31cc99f9c23b1c67db586f21972abb7ec20f6778e7ceed3b23e_adv,0.1983407884836197,1
6c83db8dd1aa3326d2ead797b854cc06da10009e67bf38c6cd667a6f54971254_adv,0.17763161659240723,1
ab18b6307fcdb536febe4d1a7bf4e214861f29279a971837e4d5049f3ea55b4e_adv,0.055365052074193954,1
c272e4c662da8c58a5cfe8b9ecb9adeb3597c0057d85a663de699b5f878082e8_adv,0.9179776906967163,1
896588e397f78468095e6eab9ec55a661b1a911c4e6bc743cb585cb132c7dede_adv,0.39172643423080444,1
49226ca6484a2eb1821d445ece8aa66256794dba86ae03538ccaea5897fcc509_adv,0.40895965695381165,1
e464b8c82b08feb3881063b41783d0d494e9df8a6a1d5b9d39de418aeda0fb9b_adv,0.06076224520802498,1
ae7683aeb5a2680c10a65617b099b1f776831cf0dd58c862865d1d1b35bada37_adv,0.2740873098373413,1
42f30347629caca83ecdf688d335888d71bf3eaca0fe9194a99d3943d4947f09_adv,0.38963577151298523,1
a4903e5be3771eb6a89769092acc883d6db23e01091f8efcc017ef0a6eb96e23_adv,0.423797070980072,1
33c3e297860c960cdda58bebb1a28b6e226030dc377e64c275da75d7f172a57f_adv,0.9913198351860046,1
b0192ab54a2d6781144197ac34da11d15e569cb4c953077808d759814d2db50d_adv,0.9315925240516663,1
0586a46fb979b19575fd747a5337ea7c266da0a54a61172a4d383aa4b913b4f5_adv,0.9993403553962708,1
c14d558e530116072a7fbb3a11a258d0125a8ccc14f8439e48c39300b916050f_adv,0.05822700262069702,1
3d736c5f90a8e8714bd37e6be3f677beb45240843f7fe01629bf182cca00404b_adv,0.9179776906967163,1
f173d37359ba4159b86150746291a93bcd1a642e70dc3409dc269f7989ded2b6_adv,0.4284974932670593,1
08624ec0193f00d32af53e3a7f915c9c75b17a560e3afd2d3931423825d98d8d_adv,0.2522519826889038,1
15c4d9f59f21bb1fd61cca454dd2fe5c1e3138ddb49c10606da8d58af85f5dfe_adv,0.8787333965301514,1
43c6d3184c6fd20d1e14c263e957360a6dd2186c81dd15d38431352340db8a08_adv,0.39945515990257263,1
09d93bc461e7f626ff7e4e4ff2c08fd3219a73950aeef16f72375f947a0dc24a_adv,0.9950453042984009,1
8b746a5e205e4b785a7d8ca01f517153d59ad3165f11d8e3d4f6717b94658ad0_adv,0.046766817569732666,1
f2396bedb4f323b974406b60c7097d4a5b311c9522f8a9b85e7b712968e6af00_adv,0.031021680682897568,1
c20bde88b8cd36f9e4e0396b321c45eaf8ef2cff9161b17aa5c11c6614edc9ac_adv,0.027226900681853294,1
cf3ef9a9f532bc2b62affcc21007c0737a27dea616da8ae9f46b74c840c37c30_adv,0.3974476754665375,1
74dfbe9364ecbaeae405dbc76ea062266d3ecd6d3e6f1845fbc60bf4d7f52503_adv,0.9991376399993896,1
bd6eb2395d2b894819345f251b2630916c36219ea9dae1e4a407c7d4e9f5ca18_adv,0.3972870409488678,1
6e36021f84552747e40bdc54bc703a6d974972b20282ea697bcebdfa7f4e43f4_adv,0.16745668649673462,1
367c5f68897c6ae39596a3ff922e97545c9e09e2cfb42287df04e9322ee406f1_adv,0.7436341643333435,1
d7c599a76dba99329fae4b354533cef16dbaee4090affafc49fa229a35b59de9_adv,0.40630850195884705,1
607bf8662c687a7b7da608a8c010dc480612de475d2a5260e31e40b850da6044_adv,0.1253882795572281,1
c12656675dbb33b981934e04c3ba1525bf2385e03182163aee8ddc5dbccc640e_adv,0.41277140378952026,1
695a030738f9df2874e7af46e808fec556990df03cf3e5f164c605f265d6a991_adv,0.03453194722533226,1
896bac6d7d8c89044f1ff9d98b29f29919e80c95e9240c8469b2916b1ecdd1c6_adv,0.9965640902519226,1
994d04276f2433d2d1d6d5ee7dc59d8342918506301e35aa7a0143b692f20996_adv,0.9984413981437683,1
bd318d7c29279b15d40f54f8630f94651e0ddb8a6a639d7d2c239b1fe63f008a_adv,0.018296508118510246,1
01dfab7666a9ab3c3bef049265cdba2fe3346b0b52e6131fa8c7512d951fa71b_adv,0.09703322499990463,1
5dca7632b0fd866a4313481525514632e72428d117f188ee49cb626a272a711a_adv,0.024286022409796715,1
7a7cc082d9d5cfcc96c5445e821f9a9f749652fcc7532c27ea71ae7ac1a2d726_adv,0.9184810519218445,1
a0c935def6458e390b8a6df928cad60c5c4741e7453b7492670d3b0a6f3ae4c6_adv,0.17763161659240723,1
7f8ad4e310532cf0a6c45f2c87139d23b3f2892a823b2358263464707c74ef70_adv,0.38069650530815125,1
760dff9201139290145a352604f206f4c1eb0b70ba57eaae6c202e136a43f533_adv,0.8043116927146912,1
cc6a8e731e3a87e4476e2e788fdbcdfe5c2839a8109aaeab369fae9731f0df90_adv,0.9237175583839417,1
6e55bb40cf5db71233ae02124fd4721192f8422e628ba818dfa6a09ce593df59_adv,0.4132062792778015,1
32d6511b6a391973b58751ea796b771656246e018b294140ebfd5fb0cfce0886_adv,0.6542487144470215,1
78589a3570e19d2e3812501715f314d53095096a4c6e6c2cd282d0def1eb2e97_adv,0.056326963007450104,1
2dd72dd3e39687a40b66d618a417688679c0164ba750cd9bfec3b299b14e7180_adv,0.009747203439474106,1
641c9fc2d579062c1ffc1e15534701df109dd8b06c64eb1243faf8f75792c6bf_adv,0.48963069915771484,1
c979fa181c88a4d05df06fa4da057b03b75ee86a2d006966091d15ff6973fb38_adv,0.12444868683815002,1
7929387d28ea832d1fc0f3b39120378d58228d30547399e453b605d355e5afc3_adv,0.915887176990509,1
91e0444f39316ff6217303fed2c505ebf302eacc877b75128a03e0949e17078b_adv,0.032148245722055435,1
f9ae0a22de05da90443adb43ab37e7e0e06a0ee4bdde2a85e0f225e77f1472bc_adv,0.27953359484672546,1
dab7ada829d6335065a6478b63b428c56e36c998c00046f581322b41e201e743_adv,0.027066772803664207,1
e8d6d13a9983947ee9149667acf1e0b2e74fd08239f01e4e7d5227f70cd9902f_adv,0.4073757827281952,1
bcd2c4e4ebb1fe9101cb70cfdb0b5ed057caf8b58624a8acf6fe52d70c5a4288_adv,0.025530610233545303,1
0e40610672f56569f25a56892047a75cd093c36396af4567ad4449bc24cbce84_adv,0.9989883303642273,1
361fedf507500b6a7082d536d82da5fc0433b3e084ba8498350bb89c630a5894_adv,0.24063563346862793,1
6e6c88be8c241f4c4b510c1b8cd8ddc40a754a53a752396cedd149894d6ebd90_adv,0.4198737144470215,1
7f01bc2403c7dd4270a3ea8fd70e0577a66e2880905c79d454a8c42eef14953c_adv,0.2522519826889038,1
b15697fa5af5552ad11dab28ec6c963f0f206bea3b824624b1e08fcbbabb509b_adv,0.07598426192998886,1
8d8c26f72d7d69ce02b4fd68bf30a3a2a60f9e56b064ee0f1420638535096973_adv,0.9975051283836365,1
04759cfc4dbf140dfce857b9ad23dad696ffcb722b1876a37f3bcffcce45fc47_adv,0.5623136162757874,1
6c6f55560701ac363eab028ddecc69fdbc6853c0f97eaf50004b056eed97e296_adv,0.9895685315132141,1
8726e9ce1cf07536b61146a0646b312222c5c0ac1d8b7a7ae91e9a4664ca9d2c_adv,0.4056544601917267,1
36f978f3fd4a89dabb5231c9e4b56575d84cd55bd22e8cec45933bddf3a2e595_adv,0.42391860485076904,1
8397c0b0860425644b699c9a975049d30e35837df0e15a86f39b0d7d6ba8fc8c_adv,0.9995473027229309,1
bb32f9cef9faa48aa867ff7da9b51378a4a5771d0c44ba0f213db292e8930434_adv,0.972892165184021,1
4ff19f0a3fa33061537486ef815bd3f44c84fb052566d3ece46a68523b460d82_adv,0.9995618462562561,1
3f581a0b1dfa2ee587a2113c1b67b145004c488297842d1ed31e88fb6963fe76_adv,0.4978463351726532,1
63153b6fb2b9c374641190030e109b6a9b19813157b0662573e7abd88045ef9b_adv,0.054793667048215866,1
1fda9bbbc867748fbccdba5ddb2e3f0db76c1345296c2c0ca723133c65320e85_adv,0.08098961412906647,1
a2608a157755779f545d9a4a8ca152d3930191422df228edc9ef63f0143973bd_adv,0.8375895619392395,1
b7b911f4525aedc7bcafbe76a5d5265d64622db0134be5cdf281876b34b0e84a_adv,0.917259693145752,1
832ddb13748d09821b75acffcf2636a5feca26749bcb28233d8f9107d25b6c51_adv,0.3236323595046997,1
16963ab3ac540bcf601db2c26290be1a6ccf66bd2d2f55e60c7839f5f420844a_adv,0.5777751803398132,1
0a43105ad7ae8a523bb5f29d665e61de410c2fc07f2e833363b6afa17d00b3b3_adv,0.41348254680633545,1
2e08e36c9b1a053d46c28517120a997ec59f2d9e012589093c36383724ad07e5_adv,0.028833016753196716,1
bc0f0f9da963a3ae2d90bde524b25106efc9718ea707d26836022296c5271548_adv,0.15472689270973206,1
ec4935ff74b3fd9af078b1536b0e0a1bfd3626a6e526daa8f9c2bb9758875faf_adv,0.22128471732139587,1
1dc000ae5fd864a55c9f1a320bfff6d210b7056c800464493ec1893c69de9445_adv,0.056326963007450104,1
7458ddd391b70fb2a3a91d4a4eb167d20df627d768dd0d247dc09678054178e0_adv,0.0678895115852356,1
51a5b0629f005b8c740427a97e11101092d9c529fa57b1539a8d87071307f5bb_adv,0.3972870409488678,1
23c44ec7cf5bb4ebf55270180619932bc87962e8ddbe1e0f74991e396027865f_adv,0.1899617463350296,1
d883a41bad13da6888996c8e0d943bd48a7312692fa6405d43bc0373baf59e50_adv,0.025964561849832535,1
998303eacf75bdde3f804f0a557c259e66eb299b01b3c423995180b61d277ac8_adv,0.05528024956583977,1
34de799941c697ee6d359c12c48dbb22e830e05ceae18d93814227c6b3262e5f_adv,0.4132062792778015,1
b433126bc796a8b8323aeb8738e05c02b8764df7a421bec7613faea07b41674c_adv,0.023943765088915825,1
ee840cad8d979e4aedc546f3457074500090fd1ea0374d2aaa829c3cc737d2ed_adv,0.8926730751991272,1
f889813f501d8f21cb27c2871598aec31a4b2e7b2dc13f9bc1a214e4e554955a_adv,0.28235098719596863,1
2b9fc1d0de2566379081a00d0f2308d528b131faab986dec79e795b2511b5e35_adv,0.9175496697425842,1
b30aa569e8d06f97e8fc8d32c6b639c3de8bfd6ba7ae5f9970508aa68357be32_adv,0.9994533658027649,1
c45748c6a6a584bb71635442e56aa58a75dee6ffc053813b3d684b3c97a1d887_adv,0.4821808338165283,1
6aa4749a4c89e0afc92841282adcf0f2688fef7454a6e762b865da5e8aeb6763_adv,0.08375002443790436,1
69ce06bb48e8d955b93ae2631cfdbfeaedf43c5e6e3ecd704019c00578d161c8_adv,0.2522519826889038,1
cec9179925445c4039a5f0ee1eba203aea53d0b8d6262a65acd605ec5d6dc611_adv,0.026681089773774147,1
7c5713519f578683281ce7bf437fd92773f3cecc58f8334aab20db80d7a4bb92_adv,0.026841890066862106,1
4d1df2d86cd4082277eaa5b7fbc1fec2c262c3ffb6fd58a56951f8fd18f475cb_adv,0.06743509322404861,1
de1adad6e2e614f1039a5b9c810f88f42f1eeb194514d0db9c4c694158dbf721_adv,0.2498403936624527,1
57da13e88d0953ae55822b13f13fc9c18ef1c9d12cf0cf61bb9e0aeba22cbeda_adv,0.02332610823214054,1
091eec31fc3b8ff4115ca081b85ef60dd4841520919b7233b3e460048e1c6678_adv,0.3215993642807007,1
18e0cbc785d4f0b1542389767070fb95778359805eb87fc1eb5cf9090596b1b8_adv,0.010214664041996002,1
77166679ae92e436888ca88f1a0a0e621560e9d6179569318e1f0e0938be8d6b_adv,0.05528024956583977,1
eddc42abe1adaeb4ade82bb816b78f4e70011c3956bdb71bf2696d7f073c13b0_adv,0.4126252233982086,1
f2ca92aab0b2f26e9f72f2277a2fb0adcff4d39e49eab8d0d5c9e7721ba513a0_adv,0.9616325497627258,1
0b548eb6b177d5489b9531416ed6bcbae2bba5ca3cd81524d36aed2c0d364b10_adv,0.11780357360839844,1
0013a6e0213e662880fd84f2b0b41d496c085a694c2e8c6878682fa08b6e2054_adv,0.971560537815094,1
4d3876bebda5870ff98d2f684571640cf6bdd78a28d1d1e9493b2e19a35a9cf2_adv,0.14700332283973694,1
16dac4b22648517e4f4b3066dbd4c2c1517ac04247edcb0cf48c6bbb63a26d00_adv,0.43916377425193787,1
ab505e90efd1706def1388f983ffc19b1c385f1fac2ed0b132c214be6631d479_adv,0.16049881279468536,1
1f81f3afe12fb261f4b33c44fee892be4287846430bd78d3b24c75e606d14213_adv,0.451485812664032,1
251fd9c134d1c5cdb014f274b5ddd1705c18469dec80d42dbe5a75b2280d24f6_adv,0.9687982201576233,1
a8a6ea1a2bcba70f21eaa8883b777c97943877a68d20f781d4cac68acfb9dd35_adv,0.46138912439346313,1
cdf445fac8e439c838306e618553b357706bf6ce4b9725272048872740e7a069_adv,0.08149576187133789,1
5224a0f101f2995541ccb947225c5c54ada66b5f4a39d9048b42b660f2f6a3e0_adv,0.540779709815979,1
571417ef195c6139a18463957eeef5035df5cc3756c1fb9ba5a4c771ea7b1ed0_adv,0.02749202586710453,1
760c188ee9de81012c33a8510e82fbf175fd9ffbeb3343fa6403855174259ad8_adv,0.1752907931804657,1
7afe3cd3bdd1e8fc01c7907d4ca204e9daa50730bfb6733d1155d536d2e76449_adv,0.40428459644317627,1
4dcbeee8cfda31c8b4c6199970db6e324fbc7cc5bc144d4ae1baef88a878e1d2_adv,0.14921584725379944,1
6c2bf387b65aa5d6f178726fbf1413e189d49ca923a704eb3f8947c0713e7bb2_adv,0.23234324157238007,1
7dee7d30ea7590ea8e76a42bda06a5fea0bf21782e08185ae0286bc37f20942d_adv,0.052556708455085754,1
db31f79732cf484831ca854ad3f878c17b01022c213f3afedb2278b46062048a_adv,0.06006845086812973,1
7954787b0df6e5bebf66775e8320bcf9d5f8b5671a641b62a8c7f95266f06d03_adv,0.11321431398391724,1
585b533be4649a1cdc1c74d9ce03d17e05066908986451b4e5988f5ffa30a976_adv,0.1545795500278473,1
4cff24a57e3a8b8aae8216a20c68acd9f62ad8a824f399e96825fb1531f6b82a_adv,0.9996359348297119,1
09f5ac7b7ef96871bc22c2a16be267774e0c25573f07f0d344f304fb7f0929bd_adv,0.22924582660198212,1
f6fd50ffef35b35d9b44c249794b556043bddec91dd7202421cdafa667b5bcb3_adv,0.03712403029203415,1
0b1d87d9a83b04179018c1830f0ed359b96fb89c5b3c70c46410173e32e5bc23_adv,0.09734565764665604,1
fb6c3745bd5521cb8750747697941d738c67888ec1695625e3fcca65de98f417_adv,0.4132062792778015,1
bafa9df50d8cd572b473e60eae34948bd5cb308057af9c7c9e5a2a656c613dcc_adv,0.06639495491981506,1
a3335850a8b209bfbc7a1367b2798f4c36aee5cfc0feb18dca798c74dde6ba10_adv,0.1634611338376999,1
1b63b804c1fc31af82a473d3485efac2949646d099b4a95c74f7183721a6c93f_adv,0.06399852782487869,1
9e29bb17eb3ce7c82be987577e823382bf353d853ab0032fdbc116488f961475_adv,0.999240517616272,1
4169f7bdc0ee36c85c6e158508405c039bae69cc87f8c121fae6d682fefc944e_adv,0.9796035885810852,1
a88c381da61f566944b52c9ad90775ac49152828e2db19e93d18014d464fe3ff_adv,0.00922717247158289,1
e4636dabe833702ce99c5731496bd3c4bd6a5577aa660de14e9638974a76274b_adv,0.4132062792778015,1
ae0ffdebfcac1418fa93dbbee7b9825fa771fa44ebae91570935a317b10e47ec_adv,0.9997931122779846,1
69d0da0717f4035574de03da214c8fe626ea4d95db8a3cff8196d90f82b3cce3_adv,0.0959862768650055,1
940a2a3703477ec2ea28abbdcce2f12e7a265091c791d60c8b060ed14669d18e_adv,0.2522519826889038,1
cdf5c5389f34b7e18dbac23e4e58232ea53cb92596470f16ce5098d58955a4e4_adv,0.9984413981437683,1
13bc630773c6bc36d72c15ea9df961133675e5a404bc60adafde016b05b49728_adv,0.00956269633024931,1
d4f191e8cc1fd9d66e757bf85624579728fbbe49372c213ea7edacf7e5839274_adv,0.9179776906967163,1
81b669608b2bcc9a78804c8787a28f5e520bb5984a2efb23655986efab3800bc_adv,0.07511384785175323,1
aafef5d732a23a25f7a183a462105f9236585d6673f79e970693248af33e2183_adv,0.09986356645822525,1
9b9abd81c97887eea34dce8fa85d62243eac55b1dc4eb4a4d7317377cd179f04_adv,0.24548549950122833,1
74545fc6b4096f5b9a0f50bff7dce970e1bb53cad60ff7efb7c19fb9776586f0_adv,0.27237194776535034,1
8fed354a0bab3df14c8d09595944e04c5291b944817c8c98e056ed640fa7ab68_adv,0.237747460603714,1
2b2c620f7d48cbfb4e23efebae412126146b931520f934b445bf083d8ee8673b_adv,0.529237687587738,1
47d71a817c6450f8c682e22b9bd138e32e52b757d8cd6b707324c02ed97668d7_adv,0.1538160741329193,1
c6f464955f50bd62940d5ea0167150a18820f621e23fffc7eec8f8e9243ede36_adv,0.056326963007450104,1
48d659dfc555ba79e362d53a81bd71f1a6bb0da9da47d20526852e179ef353e4_adv,0.14014358818531036,1
ea6880b511e5e8e4dac075fe3eb8832f136c0890da382fdadc3956c354cb4833_adv,0.025530610233545303,1
38e98086c4339c2706d7471c2344e9264bdf7c404ecf32fb96980a77a465762f_adv,0.5180593132972717,1
40ec5d31c0566b0dd8258c887c2ab1191fb207fab20916a30e00a041f2353da4_adv,0.4074636697769165,1
e12111cfcf3203af431c2d2051f12335da8225e54e99641d072a78802b6f55a5_adv,0.2305561900138855,1
15cddc68e4ee50ace6a6ed96258f305b216510f2c9278a748f71e0d678e3daff_adv,0.9902371764183044,1
16c76d418e5a004cabd1cf6cf512d503599ffc5690b7c5e2e93355aa5741c429_adv,0.004614942241460085,1
8e8244b0726ee8ca6ce4307f937fe36ea9f6bb9255070d6e2ba5d99b9d49b848_adv,0.1353599727153778,1
ca848180c5756d51560eaa95e7ff765c52fdffd09ac3ff2b97d093302d0ba271_adv,0.4132062792778015,1
7938ae7fc4e5802d76b4fc464a097d8b6c96992c1e88df03fd67e21165929910_adv,0.23514732718467712,1
7ae5ed08ba1823bbfe2b5e1b9f0f5c3d8e69912133b61b7c814487dad814f7fc_adv,0.0742693692445755,1
c8af585f1759b86171fbdbf4273f66d5af3ddc7949d723c481765a038fb36b7c_adv,0.15638719499111176,1
4fd70ca6d80c826c18e96d8155645d9e5c55eb9ffff1d37d3b74f58ec2b10227_adv,0.08891868591308594,1
fe6c2991701f6a6f47c8ec53b1d08cc6d2af94a1985fdf3193dc9218faeac4d6_adv,0.07903726398944855,1
b93bbb88e555911d94cdfa80aa325cf5df845d2338a9fdf0542601f0df341b1d_adv,0.045732032507658005,1
28e27080c4ab0f4363b5b0d178f83028c31e21e89ca355e8ed67ec8ccca13dd6_adv,0.06570541858673096,1
b27d4771f2a249ba2aee533328e9d3ce7ad5aaf69990a39ffcb7bdb03132b3c9_adv,0.43627530336380005,1
5993377e8914929c47f85d9751a22b8109564e9088da89c174f7f71c2a2636df_adv,0.0615275502204895,1
3351806ca0734b8aa282ae358e5509df205d45f8a665bcf04870845a4dcd6e2c_adv,0.031021680682897568,1
15626cfb972335753404f2bdd8f332c2bbaa887067cf5aabf627a38f4bedee23_adv,0.2901157736778259,1
5b3b8157c02d33152b261912076e4d0e9dbd01da1ff2b50e43899fa192ca85cf_adv,0.8353372812271118,1
71455396fd27399f9c754b8afb7d8fab66ab09234f6e2eefd9db16b451e80523_adv,0.25908470153808594,1
6a4725d3c5fd8372947c9ca56421152e826081378dfced94da5393ed4b2aa02c_adv,0.15472689270973206,1
326abfd8c50802785c659ba4125c01dd1a1cf2334493c76bac2ae1acb538d4c8_adv,0.2508469521999359,1
578bcbd8f87f79fb98e64d5c001b1e6c5b795c653922d7940d1fcc702df4b710_adv,0.9923779964447021,1
6fc9ec43188e636b9dc49a0bd827281f3536a7694163d3f512ca4d3ed3ec65f5_adv,0.9998873472213745,1
93f99ce20f86ca6587c291bf8d3454050346f022a12c22216f91be2133793c4c_adv,0.9829776287078857,1
3b4855a429b2b77da3181cf4e4abd609bcc26b1a6e04dfd65e2b71c1eaa4122f_adv,0.9910036325454712,1
e34aa76f241369d64585ca5b0e765c2b0caa1942622172604a3ee88dfefc54e9_adv,0.025822104886174202,1
0889e58ea3917d3b3c18f7a59f9fd75e7fba33367321c81895e89577d09b740a_adv,0.06686729192733765,1
3a733a0a5b3d1357267186308322fc15f69a8da6ed9416dcac91ef958c5ccd56_adv,0.20231278240680695,1
fadd6be604e20a108a843f4225f497584e48191b8675e84231c4d3c90b38e4f0_adv,0.4431869089603424,1
58b08bd171a176ddbcefc1aea42015f4085fa702873d2112e5ee34baaba2c57d_adv,0.12510143220424652,1
3b4f36ca7d46780ac508f00be7fb5154586c67c078cd3e6c695bb3d29570a421_adv,0.004159333650022745,1
c1364809f54a04a880e673fc4dbbcb30107339f5fb6c2309532c73f13979cc55_adv,0.14352944493293762,1
4b669823dc6e0aac95d09ec48cc4c304421dbb852818c5bcde045d8788041576_adv,0.7503109574317932,1
1dac40376f4f5b8716087b9902f0088c6026feac690851328f7bbea6d23e58e2_adv,0.6249648332595825,1
c428657f9d56642aefb0879acd3ae7ce4a32e86869aa9ca532bf0130f3f62870_adv,0.47253069281578064,1
1fcb04f857ce2dd3e4a4261b867078915a67b8bf944d4a985b1ea7c750087adf_adv,0.549961268901825,1
c90fd95986d78271beb2a49f0f1c1ae4610fb6b54a8849aa43d8a8ff79d20da8_adv,0.012457652017474174,1
82c3d319031059150dca8cb24d95184fe5927beb900cee05b0ac9f82e1a77fd1_adv,0.3972870409488678,1
06fcd815250b0c06e7e4aec2e89f5700393977e41e08d3fa2e54033c1a25d0d6_adv,0.18472245335578918,1
f3e2b211f0e99b14006ac0911effac6418dae4969c2f174d444dded41818a949_adv,0.08299890160560608,1
42941029c716cc264edccf6f029eb158eb86be4d364ab0cd698727f2106371eb_adv,0.37841933965682983,1
46fd75152c57d5dd81954d6eda8024948ac7b54508b179464e2652547a65d9eb_adv,1.0,1
7ea290634bb08f56dfb7c7b3e683ad7e13d79ca39f517b94b7a19c4cd05f1fd4_adv,0.14918556809425354,1
a49c9754d54efe8bd8126e6d852503b2bdecc15091204e31e065249397e761ec_adv,0.016114739701151848,1
61c706f1c02fe7d474c0259080020067b52ab9fe065c1bfae317b7612d9e6f58_adv,0.4034816324710846,1
9004f81481978a634430b51ceda3bc482d196dd091e27db15d4fc6b911f1a41d_adv,0.09417498856782913,1
70d9311354b3c037dfb4eeb8f21c830d63490e37178cd3fb21b931dc6f159d63_adv,0.3972870409488678,1
ad9b1f8278ecbec5a90f0603660047e4938b4348bf53e211686be5f0a04b0b56_adv,0.43506282567977905,1
c7f84fed5258c14ee1abf4a7452ffc6634d30b80c31aaa6937880dd0a42e335e_adv,0.027595125138759613,1
9713b0c9c3d65eed11bb393a547c6b07e4858832de825e6a0d3781606daddc9b_adv,0.647916853427887,1
d5266d3c98e949fad280fdee56ac3c9f7de0be0e6148f57e4f94ef5c606305b0_adv,0.41238293051719666,1
f269654dd36a9af553674a73029e5089b59c5580a97d18ceb55f4e5ffe8e35c8_adv,0.24287119507789612,1
9c2e689750805244f3b9d065797b6b5ea0bb32b72e16d59228a6e7f3bce26154_adv,0.2961905896663666,1
5b5170d489ac3566d4f2558c207cc3b1b8d7a7cbbad498f97260fd530a05af08_adv,0.09986356645822525,1
19fad2c668464d724c0cb977bc20d5671e452bc392ff40c3039ca1f480f2464a_adv,0.15139774978160858,1
5fc3fe0a59bf37986e7df75ab2ea308e274d29686c9c57e59446b7c257965894_adv,0.9997931122779846,1
a904dbdc479fa8f2707d50d57e52f73d3ae9c0d989d2262013e740844adb5e7d_adv,0.42931610345840454,1
c84f70008132e1e71ddce3eb8e22ebbe3c1316ff606cd9d21b3ce3c0a0ade70e_adv,0.9968175888061523,1
ed1c94b1731d9a3676b7a082ccd474c85d3d2fb23c055eb6fd811ede7b60be40_adv,0.029894202947616577,1
5e15da8f8b3b78837af7f09ec27a8bff7b1a6263eb77d20e332df851a33a4816_adv,0.9999688863754272,1
a82112c86812679006ad688f19abe82434858e1c583600344ffae7250ce80762_adv,0.08818408101797104,1
ad10f4d6ca0685677a02bce06df87425658c6a9331256bec8f59d81e8ecfdc97_adv,0.13062891364097595,1
137617674720554aebb24d40866a37b7b27f4ee8cd343abd44a83d42f05b6f5e_adv,0.1840507537126541,1
434b46b87ed41aa8c6e934ac79c0d637c7bb2b3f66d58121a2c9fceea8e16ad1_adv,0.23509564995765686,1
a307bd485f2deb9900fd4c86b3a472c6ff7231c8521c9364a618047dcf766ab8_adv,0.2522519826889038,1
d7d717eee19af029e2c94d16ac83bbd1a9c1f60acfc27ca4253374e2ef554260_adv,0.1508815437555313,1
8bdbe0af6e929906b5f14232518bdf8a4c1aa10f737fe9e2caf2d8edb1f235a6_adv,0.44032183289527893,1
da4fe40d3d15e4a29975c81a017402f401132ddbebe05cfcfc3c7cdcdc49e61e_adv,0.46338075399398804,1
8a10388c7a89c2969b2991552bde472616f561e1ef054190c8f2407ddb545d3b_adv,0.27439451217651367,1
278527a142520caa001af3e5207462825eab7efd1e49666e95a7c5e339a702fb_adv,0.41163063049316406,1
e0f62caa5db360bd8bcdaa0a815fa770c762c9b7e341b854a777cc85fad2b9e0_adv,0.030519455671310425,1
415be9e94b33a0df335191a81f4dff7897b0b197459acb59ecc4c0feef37efc6_adv,0.3148311674594879,1
44b396d90f541970e6afe7d9e4e5d63c8943221a8e407bce5fd35422db93f126_adv,0.28932347893714905,1
d8df80ceb9ccc3bdfeb405a1b134c83d434da6a7f712e8bcef25666237f008b6_adv,0.10774789750576019,1
923db81b447d865526d7bc8a81abd69a8a69fdf28f9ff2592b68058133a8979b_adv,0.40630850195884705,1
5179e4140f8cad8d0598ee3c7ed9ad82a782ce390be9d7230c00e0bd83b994f6_adv,0.4874569773674011,1
00c4e571e3ae77c9d5db9c2e9711c4b77a36b78c5142aad6237b79a0dcc35dba_adv,0.1371571570634842,1
82210135f066039d3569cae157f2aae7dd804a7e42d89229e7a9ccc890f6cfbd_adv,0.41780081391334534,1
cfe1ae48f2dff6877a7e1f39103175fabc68fbf19030262ebd19267b68f3e66f_adv,0.420682430267334,1
1c591129828a85350ea06512e284d62c8930d0d299b3df99f518fd55616fd09a_adv,0.16828709840774536,1
391937138dba702496a33bc23ef70b74577551eabba85aae3d5afd4f05e8e552_adv,0.09647189825773239,1
9834b1ade5eefe52774846b4266250ccc9b2d79df06e1e8f7f9bafa0a3cf9a0c_adv,0.40746432542800903,1
aaf77b339a3ecca43dc24245f413fb5be8701881e52b37a97f4a120cee2f013b_adv,0.15472689270973206,1
eec5793bb6d81f2046826fc5ee3f57769394c43dfd40dd4c0096966efd25ed41_adv,0.9995102882385254,1
2fa4ea02a6cf917f1a1cda7ce362f88069383c40b04374692f586a304536ab69_adv,0.999826967716217,1
d8dbab23a0fa919bd90f1370f0f4722561b5de89cf144aadee60bcc6355d4f66_adv,0.39010995626449585,1
b5e0f39976b8179cdee25a52628968fe05a858aedbf97816ddfbb767577d2dbd_adv,0.46338075399398804,1
0032287ba78d521333c45425685b66f0b45eb0392a717b6a4897976c442dbce4_adv,0.14281435310840607,1
15a70698ac04bdbfe4ca3d9ab9af35bd75e3eb9f7ab18c7786d8ced1547c5c92_adv,0.5516486167907715,1
81091afea9eb75a7bec18191a036392d747fd5fffab3cc5785b4b89af6ba3c2a_adv,0.11269642412662506,1
7958a28506de37811ccf9a8d974b2a7437176e4d4bc828ff5de9ed7d14efd527_adv,0.02631811425089836,1
43b021fa466505b3eb4b9366523e955bfda09f50feafa33d5e01776c9c793576_adv,0.41416308283805847,1
da3a9fabeee5db3784575e8df5063debabec99d2bf5b9f87d2b9ddabacbeec4d_adv,0.010886414907872677,1
aaf5e53e5b7beb96b234df7b38a95ded0a3df9909a1a0fbab5b4b4909422f209_adv,0.9233310222625732,1
09511c2ef0f8b57719bfcf566113acc303565d4366f11f7d656af3fea9f084c9_adv,0.1899617463350296,1
4106995d7f582b74f7a3aadd7c8d5a868734475fa53c909a0c9d5655e227f2ea_adv,0.6787532567977905,1
9975aab619f504da3c99b3c00574531addf4a19444c60e07d4de8afbe9d81455_adv,0.1027599424123764,1
6d225a413e1bbeb608092b49c9212ab111b86063af6dbdd0a08bdb40b7b8fa3f_adv,0.9885226488113403,1
77952ce4cc6311f581ea951aedbb72959b4140bca7b1bec94f69529d2046d932_adv,0.15472689270973206,1
21a986ddf0e097792ab844000e731ac5c18e118845b8417d0f85873b1577766c_adv,0.9984413981437683,1
a8aa6a8b07082c122ac8aeb03416500b0df80b56e7d9b2d3f915547a5eceb74f_adv,0.09019853174686432,1
d70b38ad0d1984e037a26f256be67f51da3e1593c2004c18df58f3b3d1014a73_adv,0.4057537019252777,1
0eea2a578031877265c959b38838d7c53f61804cba5961e381ecd6ea244c73b9_adv,0.1027599424123764,1
ffac21b602758ac86919c5b09f14c64fcb5cdba5d16eb08dd2d98e32ceb6842f_adv,0.4217897355556488,1
f1aae1bbd44d89feed5c0d644b1e386cddc58353ec716d0090c19b05436deed1_adv,0.9825863838195801,1
c321c8259b043c2ec57ffab693e1637dd96cdcdcfdc9c959dbd2b81dc7b52bbc_adv,0.379736065864563,1
4de919ae3de2d061c16ddaf76c61257a1eb3da4d6b065e2df2c012a6ad4d70b1_adv,0.4143318831920624,1
1fb5e0f1adfed1e084e132fa2a6669d1c9cf8829ca0d7432e7ecce8e996dcb15_adv,0.05742089822888374,1
45fecfd0cf2335d4300c90e5475fc20bd782734a9ddccfe0e280498eb50b7745_adv,0.05575496703386307,1
8b94db73d26f90fa669c2e5a2aff686058ab488723f3f72a48eb610c8daf02e9_adv,0.9179776906967163,1
eddeb8f1e54944f836137a74664787c85f24782393b5b543df96d4e4b2c9b02a_adv,0.1027599424123764,1
7de864e6b0bda347c6c217f3dad3873d3e1dcb2cf309622bfaefc49eda00ad0f_adv,0.18240118026733398,1
a9cd9f5342638ee9ae939c6fc1bfaacbe1e4368167d97056cbc76573eccdfdd9_adv,0.0069657014682888985,1
12ac13e3144846cda719cd54471b10b40b631def0f6b86132af397ad8ac2bf5d_adv,0.6491779088973999,1
19d0e92c70864154b8ea5b0c0f5c970216fdfc66e6bd2219a3b2740f38d16702_adv,0.9912171363830566,1
0e18790febf9cff3e480604fd10a2f4546f30c5fdc13585b28078260115915c4_adv,0.17627409100532532,1
1097aa6697e7f3b669c5db2326a00daa90f46c8c95593d6c876afed2aeae6307_adv,0.1457236260175705,1
73dbd67dcdbaf1a0d13a3e5535b567afdf0099226aea83cd344cc60115ffc7ae_adv,0.15478429198265076,1
f3334697fec85300f46f9268e2e4b5dcea6358b014c13378851adf2851be1f63_adv,0.9965715408325195,1
cee73a74ae27870d250e3f442026f7eb4fa6dbceff899b02578e3ca2980583b8_adv,0.12222559005022049,1
8018138503b903751d639c76d5e3310d97c428fa848e5386e25effdb1be511f8_adv,0.17065191268920898,1
ad3b84a78684ba0560ca86aaccd5cab7e23755c82aeb31eb2beba0cc568fe243_adv,0.40982624888420105,1
3474799a4c129c54e3d6863254b810579bb52aa616548d6290dbe28638fa3332_adv,0.03496455401182175,1
0917a5f26caf717cadae85f9c28747e899a6c9c4b8137ad0ca7feeaeb2388884_adv,0.11685597151517868,1
3d0c9551ffc1b629b85831b265ec585b87dbd06f40c4d84d90777730a9509b76_adv,0.28859996795654297,1
fb8e41f6e521fe71ea8b6a4ddeb02439776d50d8ab164d5b90f7dfc674864c93_adv,0.4057537019252777,1
d119c531823fd931dd5234e856cd0609d3aef6d127602232e75c93e3a4fc7943_adv,0.9251648187637329,1
dd2ee59d8f477e96e43061d266641cf906dc2fe5f9fb8117bfcef23d4617b6da_adv,0.010453088209033012,1
0d38538a1b4d924b096fef9c57b4e4fdc3fa228c954e8c38d7563c5290625f7e_adv,0.025833960622549057,1
4eaaa20d0c96d43e27c9fa496239637634cd217198285b91135f44cac405f924_adv,0.026997731998562813,1
82bf6a9df9780c6d105e9bca388b9c8aa745e8a173086bf8c8a35204a669cd89_adv,0.9902371764183044,1
96bd5d5d12b86dbb19d2afe41915bc1d0571b60cb8b574304dc4653db356d7ca_adv,0.40469446778297424,1
160d0a1e0591772b624b91d31ceb713c7a1380fb7aeda3849704ca4a34b5f4bc_adv,0.40630850195884705,1
8556c3785f13e4ab772cf84e42fa831bfb43400bd6a530639a8ad267918f42f1_adv,0.3878774344921112,1
2ab4228d11274b21965ffa91b47d9f608abf93444100ec4c028b4fa15b54d6c1_adv,0.8086426258087158,1
abfc5f69c85b47ad9621fafb23b1116995db449568921466634fc59693f749ff_adv,0.06421790271997452,1
21d302cac4efbd5e5e2142a944a9b970dcfa5182b7739702e68d686b418a2f9e_adv,0.8562095761299133,1
32f3a3c7b00021677ae57c758cf6cd7219ead5f90edb8ad0137f6b418f2486b9_adv,0.1327451765537262,1
fa8c9ea4391f6105cec059d58d2695eb5481a6db7f88e683393362ba9fa89f1d_adv,0.46338075399398804,1
99e96fc7cd0596cfde191fe9322090da123c8f920acc4db2b3a7ec499e653c9f_adv,0.4252401292324066,1
2d0222462ee07c44cd58d27df1f5c06096c01728956bfeeb2fdd193406d8cad9_adv,0.9179776906967163,1
51345d2afdca9aac992c2355fd0e5c56970a31daada29816a6cd7029a3061c59_adv,0.12309618294239044,1
856a7931ee0653eec1d3e138f2c5cb9397f218fa72a93bdbf167e118084efcc1_adv,0.1564803123474121,1
bd5ec27b8df0d819d5de4c6771dad06d165a4b3a9cc99b2d869fb00a2c973c42_adv,0.11612002551555634,1
45d4b13748577e6abe07dfe061a810254fb6fe9967036d9fad83ac1667357e83_adv,0.4132062792778015,1
1abb05bdb284bf5b4009129d8465bd8e2b1164a97268f9cef479964dff5465c1_adv,0.1878233402967453,1
7416db7add2afdb7f0655fce64048ed47e8b88562d7d96061f2ecb3933320137_adv,0.3772423267364502,1
74e63473e623c4fb26b2a40702f3a39436c6d5d3c0ea45f4650c29f21f5ce8b0_adv,0.371224582195282,1
32527edffd2ed0ef12f24178b28fa2f1843c52ea433d0a2db86ae78ac3f1a12e_adv,0.18534627556800842,1
71f21d61b8fece3fdd771c99c7d6ebe322d41f93e5fb3106aba2030ceaacdb36_adv,0.06042689085006714,1
db9d659702e52d6b7f75546fd2df04b5a73629729da9139ae3586d6aafa52eb6_adv,0.056326963007450104,1
a0c71c7b0adf4c684cd7a91945cceaa6e000f539dd2a3f7574b102d8e146aa24_adv,0.2522519826889038,1
37ae8b3a8f5c2b6efad6a14cc1ae53bcdfb69e9a1873e68cb0e2a52fa09c253c_adv,0.5180593132972717,1
4bc5994ff02d5f8bf603471f272fb6a014d6180a0c3f7ba34625718bba6401a0_adv,0.10444413870573044,1
48b723310b94281e17978b3a7837aee5747880d3e370860a8e6fc81e7512c42a_adv,0.4132062792778015,1
ab0979980d9a79058619a4a52d233e13c950ac694001a73d8d73dece1af82a75_adv,0.9776628017425537,1
bce4453db9cf392a3502d383f66a6066053ad940dfc43edc72706ab98fbfc99c_adv,0.3972870409488678,1
178979f6187f250763260651ebd31c5471d594282d136d7a5082218e81f1738e_adv,0.08012831211090088,1
160f61132084f84a1990dd07523dec200533dbefaafdf1448fc11d3866482c63_adv,0.9995173215866089,1
9e507708f3411c8846476d15d0843b6f92170729d51867895534177741a9d87c_adv,0.037385519593954086,1
026b0cf554687192a3491ea6f39dacce50d51db23107089cb5c6951c65395571_adv,0.35661041736602783,1
fa56c35a64d7fe90b288673aad1e9dd3604da06540e9966055858c38f2fb8cdf_adv,0.3071163296699524,1
34133963e0d9c83f98940138db5cc62814d9814cdcb671c66f709b2e7571e563_adv,0.28594595193862915,1
1ae75b308a4e3d7266b99e0e8e8a24dc750f6161a822ddfd8bc807f84f7ffc8b_adv,0.15472689270973206,1
304bb701c310d60dfd51d63f2d21141397442875f963020775b51fa426d1e11c_adv,0.3708222806453705,1
cb90a7493f376aec528492eeebcd5eaf967eceb508ff3c294d65759e47656bce_adv,0.4560026228427887,1
afbe39f8749cc4114c22fbb3940f3173b645b1aefe7c2695b3f1c714a98a9be0_adv,0.4132062792778015,1
35cf26994cd69cadf7378272e171981b38ff25fb3888781fbca89bc4b1438a2e_adv,0.6476619839668274,1
1cd89b476ed54afec8f8c07b146c941fffa5c31c2b9f62b92f9a45d183d194a7_adv,0.408038467168808,1
e05f2a2c05f9ccac37ec7f81e1981fa9c4d944b2daaf00725baedcb49d94162e_adv,0.15472689270973206,1
e60971658f3b8b0192e5ea22900df2e7f048c9dab8313c409b635fd86f284a87_adv,0.9997931122779846,1
192ff8a9435044601b7331afd31a68109942be97bd624840ccf182e25a338f98_adv,0.9901858568191528,1
1ecb8e79134d4dce3108d9281cfbdd74f0bca47e67cfb230c11ddc59fb96ae66_adv,0.09018741548061371,1
d2e53c6c214514620170c1fca3bfb64d3bd294a760c0846874e2d2f5b9b75dd1_adv,0.15050186216831207,1
7295435f375e2a8418cdb48ae271e9f789272e76cb21ab2e261ba2c4606266e2_adv,0.20053008198738098,1
05b7f1a56f91d96c7b57d482a6be74506b4b67c974d6c0b3a1382e961e2e9d5e_adv,0.41356179118156433,1
a7fd1f67cd0a0680594c2dc4878af947e83ff6e66ebc4a563aacb95b64cf02eb_adv,0.32162463665008545,1
acd413f4b06f716c162da1d7fdc564ba59a75cf1615e7ac0d29ca7f897769cf7_adv,0.3972870409488678,1
916712509468b2b9c4f76b1225a720645bb252d2394e7bc3fa6258316509a585_adv,0.41859671473503113,1
2b0726e10244449af98f78387daf47f0be00daa0d11c0fedc3960f873c2ef4d2_adv,0.024840693920850754,1
0ce886939020314f820461c7d3208a55ea1fd0e64886a81f50f544f18aa7b24a_adv,0.049176640808582306,1
8cd0b53777ccdad980d4204954cbac96a51d470f8e099838c442c24338210cdc_adv,0.6034409403800964,1
f474601e38fcb2c6194824e163beea14ed2d17bae34b6058eac37e6ad2f9786f_adv,0.35661041736602783,1
839c6c8e2d547da2345d9b2290e98b4cd36c026ba808d46535caa28dc3918c40_adv,0.08136744797229767,1
b745ca83dbcac81d9ec46c0bf4bff82ebf24491e00964e4fbd7e13eec92eeea0_adv,0.05781753361225128,1
d591d1de8194de6860c47e3b5546d71bf5067ec0c3bf1a836f96dab1dd5655c6_adv,0.09986356645822525,1
82035dbc4e245c1cc29a25fa4064432846dbe349d4911ef18a41c4871c34a5b6_adv,0.11438074707984924,1
9a903ebfcf1060f25a1fd1d5ec0fcc827e07fd3249f5463924752fdda067777f_adv,0.0532493032515049,1
251dec0d322da8bbdd2905ab8f55ccfea2eaa38b91b30a0e27156cf26248f3e8_adv,0.32754531502723694,1
1233f5bd63ec54c8c6ce67c0438608f7730689a8f2579db77bd86f54a820ee9e_adv,0.22665268182754517,1
e285d94697c9ae84a218a7ad1ac7dfb89cad3db7f618a20ed271f6c44270b443_adv,0.13932818174362183,1
187ee97fcc80e80986cf175cc510d0f0f30b457ce6134819e416afcd0194439e_adv,0.9997931122779846,1
cad3b8e27a9bb5f32b556b19f222e2fb08c5470e837be6e19c2e9cdd797f7c19_adv,0.046099886298179626,1
9648336a81216e63a4a6eb3e7c787f6c1a58f71319b22aa4ba7cd4ea062ec87b_adv,0.3095686733722687,1
ab07618e1aee73366aedf56a214522e879b30c0ed1c3579e0113204ebc8e33e8_adv,0.09495293349027634,1
b31e274a8fac1694636918f74e763aca322c3e717a7e47fa4e7f0df223fda2ce_adv,0.08221173286437988,1
ff83d2e29b1730751dc5e401d5c09249b2d6f5e83c3bb9ad5c55253b5813a31f_adv,0.6822546124458313,1
76c4d97a03c31bdc7e86f9a6a5f1140bdcc5efa897074a1b714f4149ae60118b_adv,0.46521860361099243,1
4b0448441243a601a3c73b3edb947cc4d9c6e88dc0ce7f3b37ead7e04abf88d4_adv,0.20713761448860168,1
b4ffc43db7a5be347c0812bdc7ef38d0f576b6e9637f5e7bbbbe719d0865e552_adv,0.6860633492469788,1
dd460840efc9bca9cadd2a3851d3f5a120e7865adec3ccbb7cf9065db3f980ab_adv,0.9902371764183044,1
d94494a9bdb56975845337d7bedc48ca217358250be3883a9d0cf9c41c779c55_adv,0.02591872774064541,1
d56f4910c92eba4badd5aa7a7fe805ad5368b4268a43c826f3ad151470997937_adv,0.9643789529800415,1
03ed020302836132fc3ef023c28bddde8c8153f39e44586879525770dcf4500a_adv,0.39978083968162537,1
7d085db826b6356f612d05f157713423c3908d5745ce9023b273b828831ece53_adv,0.07218616455793381,1
e0e506e910ab7c77e5e46a68c8dd3a516cf47241c167fb430edf6487a0eb6d14_adv,0.056326963007450104,1
8df878e376964e11a5dad5513bb63cb69ec4a65e12d0cfd13f140a871b65ff24_adv,0.02631811425089836,1
8153443bcb681b25a19f0ce58e14395bc10f5c634ca4e68f4e9ace246b3e70f3_adv,0.1320098340511322,1
be2afd61428e7a47ed5b648139bbe6717bcf34d523ba43256781c56366cf862f_adv,0.41658517718315125,1
f64d9d6d8b4f6b7ee6d7818e06df8e88b53c6f4b2e7f11ce1585979b80d0c60e_adv,0.11100227385759354,1
f046ba099c22c4799618215e28471772dc0dd79b5780b3d4cc895eb6a8ef27d8_adv,0.5237792134284973,1
17ab2814123c721f1c0d599fb920a90fe4c90ce6753337cfda78e4884fcd02c4_adv,0.4614355266094208,1
bcb12ff9665884efa5036af343a5f5096e50aa365dbb0305d63f88d7cb8ee8c7_adv,0.9892171621322632,1
3d39ffcdc059dbb5b8567d567be64c63618a0699a951e44e63453a6bb125eed5_adv,0.13631661236286163,1
e4de4641c9f36edfe036793d962928ab712bf1e33f97d129c9227427878d66bb_adv,0.43666258454322815,1
e502f5e87c2cdd3f3b998187658479015f2007604b0ad8dcbe5d30fa9d744578_adv,0.5318088531494141,1
4fcb134bb69534547a44e4170de308c3ff37da58472e92edcb64423adc59fc77_adv,0.01684654876589775,1
994e0c3c9e708369f97f55d6ce30890d56e88eb1cb9409b84ade6969957979c0_adv,0.41108545660972595,1
6051a66b0ded9bc41182106ae32851d033236f6e83da409e2fec9df110c32b90_adv,0.023411668837070465,1
36db4eac6ee9f1382c88d552abbef0a50387680761740599c3582468650707d8_adv,0.386646568775177,1
d09183e2c2fcc1798d64682feebcd59aff1ed0ad34cd694ae52ae9e9d367dde4_adv,0.3559177815914154,1
007d82263a3894beaaa8104a305af76d5ebe434d58f09b863f2ce1d8908562a6_adv,0.9833198189735413,1
ef3e08bc3a12d972ce6abe7fbac518ce953b52cbfc9633955ee0a668653b65fb_adv,0.46338075399398804,1
e22bcdd2cf39b718ece3fe328cfeea78fcab2a99b3a6805e16b644753ddc1687_adv,0.44971540570259094,1
1645b09fc7f61e18e32e1787f69071858221d32d2e86553f34a8db9ab3eb5645_adv,0.20557279884815216,1
53e8d936fba3d1860365be8181d6831de5c1c6a9f4456bdf9a5e7dbd57e205b0_adv,0.4171522855758667,1
3c58e0aa0480c74a3f2f41221e758a06226f555d4686ef0f52057271a93c1f5d_adv,0.3237422704696655,1
9b1c54b9e38291b2cdbc9b0ca9477a2d8175a6d062002c566a1530bfe189423c_adv,0.38853442668914795,1
2a4bf0696263d2bb64e267e59208cc5a1f7f9da0718543f701c8fdc658ebf0b0_adv,0.2520451843738556,1
121200e6b08dd360d4f3ee40784059b35cc21d81f74ced1a1fea1dac0d3d07cb_adv,0.08536931127309799,1
8b4edfd2e58c8913302563cd5ba8ab085772e6c61391197e152fc5942f840e6c_adv,0.2598211169242859,1
640f4418c87b5d2c7efcd41a051e9d054053cb719d01bb09c2c8430c8cbcb1f7_adv,0.9997939467430115,1
6ed2ad0f7d931ecc0b866db677595fa8a2828022aec50aeb4bee270495b379da_adv,0.5511272549629211,1
61af6a787cf77eeefcb77184e79b764095b31e07cc2dd796007920429c3edd4d_adv,0.9024407267570496,1
3e117688c524116e082647d88bf312c75680645bbfe4816d988ace69e8f874bd_adv,0.12194482237100601,1
588e876a43a4738512f8545cf3b2289107e2219748fef7bca390ebdc7bcf6aac_adv,0.33485147356987,1
8794b0e7847ffa0be57428f1cfc28e72d24758f9ce2255f769fce2f98f53e09f_adv,0.417243093252182,1
7b357aa726be90e266b375ac0498128c58c6c9c34a5d7345f9573ffec733f0ca_adv,0.12406332045793533,1
4e0f04ba12a55ea723cc56148ea03b9d860644244c10a9d330f2575267fd27ae_adv,0.027679141610860825,1
84a499b3f4861d303a0c0a1c390161a7c878d67f4cbac26d14315930272242eb_adv,0.4767390191555023,1
0fcf8e7e6d007a9406c6feef62707927dc7bec25e7070a2cf5901bfe1f36766c_adv,0.11678479611873627,1
f23a6df05c44547e75cd87c8a5b935d397b7258971d87443ed29cb92c7b9af6c_adv,0.5237792134284973,1
9e778b183c71a142119979db6341c5ca7c2161d84f84d71a3a40b05f2affe0c7_adv,0.1486862599849701,1
f94587dff7c3b8f9bc6260155379fdd9743c7c872208d007711ed93132711489_adv,0.9957451224327087,1
699cac87a87c097b700a41ffa34f53fc42943645f4a5b79ca7eb1b0280616788_adv,0.33741095662117004,1
aae2425f3e864531b5ba8e62d34e15a367227b9847c61f161f1fe80688bb796f_adv,0.3370707333087921,1
ba700c9d486b2dfc0cec3754442b6a0f80034c2567d2efeb9f83add23f8b3bee_adv,0.5285506844520569,1
dfbe28bead540d05d19a5cb5b09218a0ea89d4baea1369f9c6b10c08918d75e9_adv,0.1027599424123764,1
884bff6eedc677bf7b35b3c7fbfa1f0ab982ced27746fc0a9083fa1d886545b6_adv,0.40246498584747314,1
98002a429d83d55a4b86cce46db5e144f25ccae06ca355d8bf7714a3dea3524d_adv,0.11859580874443054,1
07ad5c2d0711120ae253296c04f89e3d69f0ce413b51a1b844a8d840d9470a3f_adv,0.6019524931907654,1
210c3137cfd61d3b1277e9ecc5b08fa84f4073afec8b42e22085b5a90464240f_adv,0.05528024956583977,1
8ea52c3d0824552110d1b2ebbce8b215ecc90187bc4096c1f97363fbb327506a_adv,0.028833016753196716,1
055fa5f50f07b1f6a97971886ed411e1fed3f10b3320ed24441c421b1fcce08f_adv,0.40389880537986755,1
8daa2f850a8b5fe1834ddb98f2531f2ee28164bcca97d581f045d6fdb9ec53c5_adv,0.07670929282903671,1
742947df21c08cfa99b587e2e33e8fb5e8b06dae76b211a16c30b6c097494584_adv,0.08136744797229767,1
aa341e9c27cdabbeb62cb8bf0b2ed241130a0733a385d73d65deabda08bd04ff_adv,0.055526252835989,1
51672aa207c0593d3b6e61fd39ca96b72a1effac031ab975653cad2a77f68589_adv,0.14065448939800262,1
d914c0ea41ea216093b3e9071e85d53856cc961ab65aa115264d4fb346ad8676_adv,0.9131675958633423,1
f3ccad623076158e96f939a3ac97ef86de95d84b0c430ac06ff8211f7b343d8a_adv,0.03361618518829346,1
927cdd77299c8a3d2c7c7ba6f5eec809fc65ec4cd2f17c8dfebcafb6ab6cfbe5_adv,0.06290164589881897,1
838fe9e3d5213f2ff904b17c9463d82a7f83de8ea9d4c9a634334b8cefe5b2d7_adv,0.057331059128046036,1
74d52e4e27fc90f86ea4a6e1c5047525c6b51fddbc49bcaaa9758ffe33aaccc0_adv,0.053604330867528915,1
6ba392d7b461657bfd7a92e44daa38f277de3a37f950317c169b5f8d8a49277f_adv,0.9027135372161865,1
d6ff1598f09fae8648b7b051a0472e1503d01cfdd9a11d04c5e03502281257ce_adv,0.15472689270973206,1
53f00d331c07c2f6b9d56c1dab424dd00c04dd7f5c5149afaa70f821858d0154_adv,0.9822753667831421,1
f52d9db8faaeb0f097d2e3a503dc9a85cdca5e905a3623c4cd33907e8dfa6408_adv,0.9179776906967163,1
301d774d9d2c69f6a11906946fd6c5cf0e1ceb3ede78c9cbb76a771ad8d84d1a_adv,0.44813740253448486,1
cda7e05aa469cadad1d79621b3c3e3ace1cda650b3ca034ed955256500410acd_adv,0.16024485230445862,1
59c36632b7e94cc4c1edd8c5500ead81538998e7e691ffc03fa3368820ea8c7e_adv,0.009320348501205444,1
15f13b87c6c78cfed53c865cb9579b805bc2ec2e8602d0693911c905ac221fd8_adv,0.1518641710281372,1
0250f40f836a00c51de24e4584a781b3100272d1f2103fa5784e734a4f07afe7_adv,0.4132062792778015,1
98377482ca8f689f6d26236bd8f5dfaee7c547b7d16b75311cdf5c1552dea35e_adv,0.9879500865936279,1
a5c1d69064dd5e3a52343f92c8ab5c8da4afffca039b53039a9a87e0b50aa020_adv,0.03972282260656357,1
27315533b0a44088d4a72d456092a14866fb431e34d90947179c230fd5bdfd59_adv,0.25195419788360596,1
c1612113aa7270f5aa24e8595289eec0b20d17a7e3bc5927d9d5aa6d2866881a_adv,0.08647783100605011,1
299d8750da494f1798b8b25457b29b919b4014237c7bd2b8ee54e1f28e14c68d_adv,0.09825402498245239,1
3bd9cbe8893e51a4f354b7fe3bc8feecfbe230b1381298cb31a800f19cad3509_adv,0.17762485146522522,1
c262e6ddd4f380e547ab83e399b0c1629468c68c3b318de18fa8ec5f57ea4dad_adv,0.02532266452908516,1
9f41c0cc2894d1504dd4077b7c5175a9c2997f33802c6a648c3a06b12b992650_adv,0.4132062792778015,1
c87dd37871a404a1a6a52183b3d07e1128aae6a554825672eadd174ad316e6e0_adv,0.9179776906967163,1
8b8980d0519d6fafbd0f642fa8c622429dbbf58a4783ddfa2c3ec11120a8959b_adv,0.06669185310602188,1
b741956ee83f160cd113eeaf8a4b7b2cb99175b919c6d6781dd8a227c9c008f3_adv,0.9404633641242981,1
b20b98ba57fb3598e54ed5f5b7fc04057c51d3a0e74c9733abec991794330ee7_adv,0.16227030754089355,1
7f4f882ea7e24a903286add27023a24d46a2fc7be484a3449208a601936b5f63_adv,0.9998202919960022,1
2977cea549b12427251add2a71f4f9bafd512e7a4999da5ab0e13e2066eede7f_adv,0.0773070901632309,1
dbd759d8c7538d134edd59f55b8fd91185635c11e1eda7bc0875d0e3bad41c93_adv,0.056326963007450104,1
3c9bcad909730c5712c8ed43e034a74e3248f73e7c742e683d86893c0942387e_adv,0.9933151602745056,1
710b79655cc08fce016ebe7c438c77b28f9fb20e4519be20ae7621cb9d99eddc_adv,0.9952598214149475,1
723447197d596c3368dfda2857df4714aab93b5a7cef3ae58873f221e0a12283_adv,0.46338075399398804,1
f98d00892198dacd6c09c91adf7ba0d63ea20e7afa75fdcef1eb9f3a17b9d3cc_adv,0.01562485471367836,1
d07211c0472e0feee66f0b801dc6619803b43b7fa111c9596b1742c10f6fa9a0_adv,0.5910781025886536,1
fbfad99f082c04fab4721610b8f095e7c6ad109771c44aa73d0b0021cde0b5e9_adv,0.2306443303823471,1
d8ab5c636b7b5b17cdd43bcaced2fc33ab57f3a1773abbfe4e34e884bdda577d_adv,0.04958286136388779,1
031ea049f149698feb2ff9a0725dc6aeb81c5dba8d43631ab2dc0cb39bb94c5f_adv,0.028469908982515335,1
a269db5bda0b00d00b3ac52cc25e2bdbe93d7d5080e9aa884965272eab2fe323_adv,0.9524455666542053,1
1c04f884c99e31da54e22c1b600edb9dbd736286eb182951c5c8113600b9ed77_adv,0.3972870409488678,1
bd6c610fd03a1b53b0d57648799c8f307fe4f6ef9f08dcdfd64ff67767c4fab9_adv,0.12399397790431976,1
f47e769b80697b88581e56f1ccdd75a9e450e69022576e3a91904638a3dbadc5_adv,0.8798343539237976,1
29c57c0e1c2063114f341817465fbe9566104a156440df1e8bc980845f15a664_adv,0.9988625049591064,1
d3f7bfb2ac3183e8421a6d6911ae8c9dd8ea15b75ece3a5d4cf052cdf23a53a4_adv,0.1528521180152893,1
296588ce298187cc55830bd1ae3b72615cfd618526b29dda86e65614f1faede0_adv,0.41277140378952026,1
bdd0325faaba7273002eec4ae427ba450edfcefbe10ce10cb7a8df3485d7d05f_adv,0.4848025441169739,1
43c827d67c37781ec359a9d6366deab0a2233251ecbfa753f0add4570f138b3b_adv,0.13274843990802765,1
65f51ee1deb73c41685ad6ad6634d682fccfd26a78834d79b76113ec8812c4f3_adv,0.9519780874252319,1
ecb30143cd7982602e569a1fb83b42cd8cc7fad90deae580d66ecad77a11b3c6_adv,0.2991277575492859,1
b32b3ac0f6337d9d071cfc762a4e6213af7c90b2e8693a097b47f6c4c799437f_adv,0.4211115539073944,1
0640a43aef951229b43eea1d7e5c90c1fe4a073307443996a8a4d58dad6aad1b_adv,0.07299428433179855,1
d1cb78603273912873a011b5a2c6f727cc83f81b7d084e851f5b62a575539fbb_adv,0.12993821501731873,1
b16238d3b4d4f1cb103605b47623e4d22d783176edd4f66a1c9d618894ce308e_adv,0.3972870409488678,1
ee8a37e80823844acfe2049418e8b4b3a61d4c2bdb25779904644b4dc69f1f13_adv,0.022523028776049614,1
7656ae02b1f4625c06fe9520f2461ca9bf81eb85b1a1b72feeb1195848016cb4_adv,0.0949135273694992,1
9ef2e6682de654a555c96f279be3c1963dc94d346328739a0ef4c5d92603e1bb_adv,0.19775104522705078,1
c670bd3081c548d5eca1bb0ad863fe857386ae5ffee172cc74ef35f376d1b391_adv,1.0,1
df1edcceee4d83f1740b154f6c78f155807395d8b77b4e7b8d52326652c0318e_adv,0.18358376622200012,1
c5fa736bfe33d85fc103059c513e267be567566b15bdb9b14903f8ab7581afd7_adv,0.9893024563789368,1
edc32c86463861d272d60c58aec0e25f40e8f57c376c587f48d2ce06a193724b_adv,0.3496096432209015,1
0d0fffeb0646c5ab9c26cca4382a6e6ca1b46a42078c7972994dfee96320fefe_adv,0.027918251231312752,1
