hash,FD,CS,gamma_5,gamma_10,gamma_20,gamma_30,gamma_50
762418c2f4658421830bbee3acab88b866661f86d7b89ec20ea08319cc700fab,-1,-1,292864,618496,572416,425472,739840
03169b9fdf7551218fd93dc5c4bba892c1e0e6cb23e64a83660c6fdf3b2f2578,-1,-1,-1,623616,705536,425984,496640
aae0736da9f70b65df10f5ea6fbaef6cd798c309bd88a625fd8438b42b850ed5,-1,-1,-1,-1,638976,704512,741376
44a1ffbce298badc4ea35ff23d7204067aae56c9f5db67018bd03e9e3fae0ce9,-1,-1,-1,761856,765952,761856,761856
975b851ee871d3c91af626e49cbbc4af08a93dd00bf8961c63987bea5541c573,-1,-1,-1,-1,716288,744960,727552
866f4f71482ac00371ed3cfc5bb5fbccb2ec58e01e57b871b3fc7927a0d5bfa8,-1,-1,-1,720896,716800,765952,700416
32f3a3c7b00021677ae57c758cf6cd7219ead5f90edb8ad0137f6b418f2486b9,-1,-1,246784,632832,444928,735744,561152
ff0a3e831a55212d3506986d38675831c8588bd1ed602528d2f93ea02c17131f,-1,-1,-1,723589,-1,736389,690821
16972af18bb050fe2562829bf0c342a40f306f0f5a7c3240bd6e774cd0282d81,-1,-1,291840,709632,703488,722432,701440
655cec18c3000aa84080fe7c30cece3bb6a687c59254a91ec82677513c2efd2a,-1,-1,-1,652288,724992,737280,742912
f422bd0b49ac5e5aee261daaa83ef428b3da74970db484fb35e5bd141f2a060b,-1,-1,-1,-1,765952,753664,716800
1473a26a022e5bc8aca88249ad156ceb3914d3de5dbae2c2eeb5ad576650e268,-1,-1,292864,642560,677376,698880,750080
642072af60ba5eb5945d8796af33c98139324ca82bac973b59ec6c0c777b1d6b,-1,-1,-1,684032,700416,745472,741376
be11fcb2aa14e585b9c60b566484da2b4d62c9bdd7f0b8c0de3f21c8d5f0bdee,216,4096,299008,761856,471040,606208,757760
d5e087fd6870e637ce4e40db994302626302304401b659e463f03aa513d2c28a,-1,-1,284096,697792,740800,748992,746432
a740a64a1db948604a5e29d28aa5c740e913e371d55163f4d9757212ebe19687,-1,-1,-1,753664,588800,753664,753664
adf73db64ce4ab0f108fdf409ed40d678b5aec44ce4766243d1aa9cace51bfc0,-1,-1,-1,712704,565248,-1,-1
f81c06fe305043ef40a4f3d1500be68608e8739077b7ec4ed20fdab8e9706412,-1,-1,-1,-1,471040,765952,765952
509cccc6bc7f82e14eac46cd9cc59133be8b2ac37b7e6214aea31492098d3171,-1,-1,-1,-1,753664,757760,757760
704b234ca90bb0503d9e05eba0f88480e65d4f22798808f208b803c06f9a3b7c,-1,-1,-1,749568,738816,737280,751104
b80af16578c3da9537cf760893e40db3c48f378e4467f010a4827e2583e7d4c9,-1,-1,-1,724480,649728,646144,734720
6b692a1121e0a5c3cfe7128434f1b19c8652cde6787ff543b25f612904721d05,-1,-1,-1,-1,-1,738437,709765
0b05e547b1dfcefe2d5d4e4c252f6664c11e414e5738a67beb25d844fc1d30b0,-1,-1,293312,709568,750016,735680,719808
2229b4f92ef299144dd1aaec9987b0a50f4c4404e95b3a92b0be7c1e534696a6,-1,-1,-1,519680,752128,-1,752128
0ce886939020314f820461c7d3208a55ea1fd0e64886a81f50f544f18aa7b24a,-1,-1,-1,656896,749568,728064,742912
f1aae1bbd44d89feed5c0d644b1e386cddc58353ec716d0090c19b05436deed1,-1,-1,-1,479232,430080,344064,761856
48d5d0a260a5bcd5fa6a397da3c9f62500ead6c555bd2a347dcfc27c0a11a882,-1,-1,-1,748544,746496,732672,743424
e78899b1afb51285e9f06fc476bfc3070c93267172ba0aaa012b2d6e8241f809,-1,-1,-1,-1,-1,-1,-1
bd289227980e1c02155319dd80d2385800cfd071374443a4b580c19bf4e050b9,-1,-1,-1,696832,562688,562688,739328
86e4ff587f95c7f362944aee1aba37473b5ca9a97404fdd42e60da1ed4d47339,-1,-1,-1,753664,765952,757760,471040
c90a56b483a56f6743fdd5d79c11380c5f49fb175c4b3308da653ee91c3dd924,-1,-1,293308,750012,750012,745916,750012
e8e84c31e108801e96dfcbb0af8377887a4094e3a7e67f8a659b9f60ae58bda3,-1,-1,-1,765952,581632,-1,765952
d5179ed2d8ff8262149d5fb5076cc009068d1db3f95db3ae3f5aebe4a2b454fa,-1,-1,292864,745472,749568,749568,749568
d4966adaebe53be8b04fb277efc1439737881a89e9da1c265639fc27424ef894,-1,-1,-1,733184,573440,-1,557056
2306af5c9f7eab6cb9fa0d8fe20e5a424cab5c689009252ffef58e36de50f619,-1,-1,286720,519168,736256,750592,733184
7fa935ee291fcfd2535e1530b576dd8347a0d2c7b13223883b215366501d9380,-1,4096,252416,651776,739840,726528,748032
ca10d24994b2e76130bacfc3a1dc977c224f32cda9de1801204ab1dfaa6a2403,-1,-1,184320,659456,471040,737280,659456
0f9b9a6405fd4c6041bda920f925853aaa28a8145e37d9b5dac734d1bad44f03,-1,-1,292864,721408,634880,735232,745984
8b7b76998f535f63a3e000804508bfe1ba9b0b6af256d14fa223fd707da6372a,-1,-1,-1,741750,706934,749430,726390
16dac4b22648517e4f4b3066dbd4c2c1517ac04247edcb0cf48c6bbb63a26d00,-1,-1,-1,753664,751104,734720,637952
01dccee7d93e88e018d3115c7f1214e47d9cff2a6bbe91cb79f292492cd978d0,-1,-1,146944,745984,690688,749568,733184
74e5f71b3d7e79e4c17e2e6e686130fc47c4fc8c5e7c9e8882688cf5c6978abe,-1,-1,-1,757760,749568,749568,-1
d3c2f067001efeb98fb11cd77bc6dc6491c16a65f60b6260bf8074cec0e4f528,-1,-1,-1,749701,525957,749701,732805
9e86bf27bfb1582b30bdb7f6ef005f9c0af10243dc73ea5c0951f79d7d97d8d6,-1,-1,-1,614400,573440,462848,696320
504a3f31bcdce4971e87666defa8cd8c54fd26767956e83064d8c4e06b8dd86e,-1,-1,263813,743045,716933,747653,749701
bd0867b82672dad5b1a593476bd0b7e50b5b0d97d9526af6799fc8e105701f46,-1,-1,293312,750016,738240,750016,748480
52081de8542da2acc8f241559cab87db467b1c47077a577237326d47f78f3c5b,-1,-1,-1,-1,757760,765952,-1
f173d37359ba4159b86150746291a93bcd1a642e70dc3409dc269f7989ded2b6,-1,-1,-1,733184,692224,-1,765952
1535bb5a3c59a7c43ef03efcffdeebc1d9ae31556d489d2297d6f374cf9aa1ab,-1,-1,303104,647168,765952,765952,757760
40899898fedd59cb4a178c2e6a77f1f06025b564be3f116c14ece861375036d2,-1,-1,-1,757760,765952,-1,757760
40cc65a365b4902ed5d276fc6861b04d0ff09601d787476439436d596d3111e6,-1,-1,-1,765952,708608,-1,-1
fa3ba952a5d345da2a1a4475e0851329b3996d1c16a2c7531005be8a21e5c642,-1,-1,286720,712704,757760,667648,704512
8ffbc2c668d2727c0395bae0ccf63cebb42e37d21954f2db93dd44e3368b5cb1,-1,-1,-1,742912,667648,753664,460800
bd318d7c29279b15d40f54f8630f94651e0ddb8a6a639d7d2c239b1fe63f008a,-1,-1,279488,750016,750016,750016,750016
eebc49444a1e326a87d7a9b03b757a4ed6cb383fa3461a645264847733b59542,-1,-1,293312,750016,750016,750016,685504
b482bcc22d265d02f60bf0ed0fc361fe79128b5c6386c4a0ea060727af6b8690,-1,-1,-1,749568,749568,697856,726528
0cccd64411135a4c8dc33a617d84095e955a38fb81fa0ce5fb15383009bbde95,-1,-1,-1,753664,753664,753664,749568
519504e9f38cb2799de9ed83055100b110f7b0b6c87b77f64adcabae025a7638,-1,-1,-1,663552,749568,716800,757760
5d82b490d99d62e4c34bc8770d44fd627b063473f154ebd1326116186e7e09db,-1,-1,293308,750012,750012,750012,617404
9cef8e57def1322f1b637d3868cfa50f03f977a8cba555ebe5faa228daf6cb0d,216,-1,303104,716800,692224,733184,692224
17003612d11504774ced192131cc71bc84a1ae805c37ee24cdb19574e5229905,-1,-1,-1,749568,745984,749568,749568
1ca48a183be9f3b1c74577bf4923148c312040b0017a3ed849487f5cdfa9aaab,-1,-1,-1,745984,673792,706048,749568
e6a7d707e92f317c7d2a607c749ce5b4b94acfef48d51f60c0ccd64ddba6671e,-1,-1,-1,561152,-1,348160,765952
2a1742ac4070226353c139f33b97da21380d5d3b34ebaf142aede32719f47b42,-1,-1,-1,552960,704512,643072,700416
f29f614ca58de4e3b6e482e0576e94218721234515934986ca67c0cf3462d430,-1,-1,-1,704512,757760,737280,-1
f89693784a60b02d64b6954c308a915c9929ab0cbca29d86aeec7539a7595af9,-1,-1,291328,633856,431104,715776,603136
cabbe7f20f660b2d81ca62887b497a5b5319ae03e946cccff90a770a24187bcc,-1,-1,-1,-1,725504,-1,745472
088f4543a93246511f683682cdfc41f601d04133a313441b4f5a3db0165effc7,128,-1,108032,572928,740864,748544,735232
853b99affbe2f201c416d182f482f183367cc4a4602d7dd04439a664fa950dba,-1,-1,303104,622592,667648,688128,565248
9372dc002f7da57254cca9b29539bd42507e3182bd3347e7e20ff7e5aad9f986,-1,-1,-1,749568,706048,687616,747008
ecc3807d8c575216dc8061ea373e9b09a0eff985655f312858763613a7273708,-1,-1,286720,716800,462848,671744,761856
89bae6edf01fbafc685bd2ef89899f67cf1d53ffd8187ec787f72afcb0488083,128,4096,223744,697344,708608,754688,678400
8e279e86206f7951ea78963a67c773f32995afcdcc5170bd09f84dfb5a1c2ad6,-1,-1,-1,663552,-1,747008,742912
703230010edb5f439ffa7bc0bf78b2c6519e29303807c65d264d9d81a5783b58,-1,-1,-1,-1,742400,-1,749568
2e6784b7b1606c83bfb303d213d949d11e3258b5539e2bc781cd39eef2691030,-1,-1,-1,757760,684032,675840,-1
6d48d041175b33cc3d7f3ae37c73070c53352d7805498e96b3a34053a7ccd491,-1,-1,292864,749568,499712,682496,749568
a3abb5d9caa6f9d3d28d58d1e1b2dc83f5271f577c6952978e76b5f0f1dae3c2,-1,-1,291264,696768,717248,703936,750016
bd6eb2395d2b894819345f251b2630916c36219ea9dae1e4a407c7d4e9f5ca18,-1,-1,278528,757760,675840,634880,684032
aec19535233665f3bd5cacaca1831bf472c10dda2742dc34bc4c48b0f122912b,-1,-1,292864,749568,749568,749568,749568
ccb6cd2cd6e8f60e0f3f265b5cc385575443decbe60c0555829645f44f3ef4cb,-1,-1,249344,505344,752128,724992,751104
90ee7691af1447e27f7b5fa8dc6948679008c065b9592d634f4a21798868c6fc,-1,-1,-1,749568,749568,749568,749568
cc29645bcf37268c9fd1b76a27598eb60f87665c33a6313223cca88c66549d12,-1,-1,294912,720896,749568,729088,700416
a408673bbfdf6d5c83458d1f6bc86409c76cb74fac565ac23b33710f900f8e26,-1,-1,292864,750080,719360,722944,700416
e9c9d95839c4199aeac90d3d27fd72956c8003673b49d649137870058ad0d12f,-1,-1,282560,660416,721856,738240,750016
624bb03e8affbe3eb5e7a1d4c9bf0faa4b2e40132f715822ae28f2f19dd06a88,-1,-1,-1,749568,741376,749568,749568
b6b15bb7f3a9e13afeb835a509fcbe954592447099137ffec41bd2897639b18b,-1,-1,286720,765952,765952,741376,679936
ba800c2cc4bcb14f17d4fe74e9e22ce0dd1b7a3557387cb3c61255aad4ac7bb0,-1,-1,295424,748544,403456,744448,735232
4bf8c64c43914681beac73c96dc2b0d9522c5221842fa946a7d228c2c772f42b,-1,-1,-1,747008,-1,744960,746496
b47c8cbaf311aa1803374ed1c049f485250ca24a2282950309444ae8f914360e,240,-1,303104,548864,733184,438272,737280
478fd62afd027e034defd4e240a773aacd7e33d3003b46bececcbc76cb506bdc,-1,-1,286720,598016,733184,671744,757760
78d9f43fec1091624accb6bde07ff5c8ede732eea4429954f7606fdd5eb5eb18,-1,-1,-1,747008,736768,-1,693248
cdde9961d38685a3fa01b759c09e245b26ecef06af5cafa276fa27a9c56ff117,-1,-1,-1,718336,716800,749056,749568
b2f85c7b366d02c0fc2f3a24054fd4da9057ec4ff7f0e2c00ed8c9549a30d2ad,-1,-1,-1,753664,751616,753664,715776
ec7a8a3204800f1e6c8e0d1bb985436910c53b31a9275e8d565ca39de66e5c63,-1,-1,282624,618496,303104,765952,761856
85694f7aa093c6e88aa5f7115197aa2baf5ecb024ae2785d12d5db140f532f89,-1,4096,246784,694272,617984,671744,703488
900a03b812e72595d98305441281f76da025411e402e6ac69102dbb0f86a7c1a,-1,-1,288256,749568,749568,747008,749568
d1ee528019e523490f2c0005542870e1dac969d9cabfeec21162d8fc71634cf5,-1,-1,-1,471040,753664,692224,-1
62be41d5721339b91dd61254d7bd5e0d2d60611407cd29feae6383107945c4a4,-1,-1,292864,749056,749568,750080,741376
1733f9ea154bcf270f911896a6aff96eae1de2ec8908a4f37eda834f7d191d8b,-1,-1,-1,745472,757760,753664,765952
ce8863357b11979bcf2f037da4a6f388b6969e65046e116b33505b24ae95f929,-1,-1,-1,503808,462848,757760,729088
95355e1b933d6cbfb45ace95f06f6129e727eda4ba01a5d575a22fe9fdf72e24,-1,-1,-1,-1,-1,-1,-1
216a3ec4d7ddd068c0499afa98622d8f35b64c743ca96fe385b445c0b54417a8,-1,-1,292864,648704,749568,730624,718336
a6fe3a7ba60d40c2685447c7aeb4af3c5f4eb3e5c1dc13588da54b0c9b52105b,-1,-1,-1,737792,750080,732672,750080
4abfaac9610f518c69905d506ff72fc35946d24780b284595307a9e55f932b15,-1,-1,-1,737280,765952,462848,765952
fed5b3f52520e46222620ca63f238a23d53a94e609dd278e187434268a3ca4c6,-1,-1,-1,720384,-1,253952,749568
3021efe429c4818e64d94b8df897e66b609da86b1f1ff36e4bcddf29249bde86,-1,-1,-1,-1,-1,-1,-1
04693023554c44c35065dfea3b9082380cc7da33f6bcbfb8ff8925bd23afb0ce,-1,-1,-1,724992,344064,667648,487424
ba8c74107bdf26b99e52704733a1f7ba49af47b893a3d60ca9dddf2d59a3d5f8,-1,-1,-1,741888,710656,626688,742912
e6126330f4d4484ab26b82c0c85a96e208c4c66078187d9e1937252131ba64ae,-1,-1,-1,765952,765952,749568,765952
0906c04f9ecaf6fc86acdd36be960cfd71d3a710fb96c81f3e3decf0f47f2f0b,-1,-1,-1,617472,750592,689664,686080
ad242b60339b8159727ad523dffa6372bf3ee7fdee690152f9e44112676ea14d,-1,-1,-1,663552,716800,765952,765952
941b6f4a292022345b993da4b41c843b393744c5710bdaa583eae01d5cf1b75d,-1,4096,-1,-1,-1,-1,-1
bec82226b11d2e6638e699998ea57d7fd6ee991719cb76f2c786e61aab58a1aa,-1,-1,-1,552960,765952,745472,581632
86a21ecb5f2e9031ae3163beb6a524863fd412a03f58ed09792a91b9707fdb0e,-1,-1,295424,753664,679936,654848,740352
f13e4aa2306fbdd9c2139e35e7d35554682ab1c7f79a0b002dc145d7232fdb86,-1,-1,-1,700416,761856,765952,659456
a13f9f4bcae98ef26c47613b4c67493fbf0ef469125e2db46d3e51266e66a47c,128,4096,288768,712704,550912,754688,750080
5707ef175b1d7255145c4e398dd4c4e9e89d30500f9b3538998c1cdd1739e6bb,-1,-1,-1,475136,753664,751104,741376
b0e78021e33afa3380b6c18537ff891a368cf4b89e7c32a968f7248b4d931b96,128,4096,8192,45568,5120,5120,5120
bd510d8a1005fcd249e0130456dfc3f42204da190c799fef23f202229c667604,-1,-1,-1,-1,-1,723456,-1
8c47b55f36fe45a87ed80b68ac1a73fd9b7355f2e9c88abba473f8d7f401ca77,-1,-1,-1,-1,693248,749568,571904
b83216e968b116149328dc1da1c40d36d07c0038fa0faca894a92fa354fe81ac,-1,-1,253944,581624,688120,765944,712696
6179fa51d0111d646490a52055b0d70f1195189cc8735e183e20f450d2c5241e,-1,-1,-1,-1,-1,-1,-1
4b484eacd7a6f7c689c6816e61615c082bc53088e3e1e89edf12a1ccb4c4399a,-1,-1,-1,695296,607744,655872,749568
b7e23aacaee68f2f965d329f0ee66a14fe4e28e0e41d4b17f3021408d7870d41,-1,-1,288256,683520,750080,750080,694784
e6b4adf219500697b7c0f836c6954b5522cec1b0c6ea50bd3d73d7410f9d9676,-1,-1,299008,606208,757760,-1,745472
4005d418dddf7d5d396bbe06e4c2f923e8e5dfb4b22d6c3d8c90b4fb48987f8e,-1,-1,-1,614400,753664,565248,737280
9071e379e88c6520fb1575cea1c30fd4a9b5096cdffaa3d4222e4b6f6d647433,-1,-1,224768,696832,739328,736768,697856
b7f78687a692a9a730c7952268a78d27461505aa777614f776715658efaf5c54,-1,-1,-1,622592,681472,663040,743936
1dccc3ad0f807d1f46215799f017e8657d94a4b8225de513b3f40e0a4f76ad22,-1,-1,-1,704512,411648,574976,680448
d883a41bad13da6888996c8e0d943bd48a7312692fa6405d43bc0373baf59e50,-1,-1,293312,742336,750016,725952,699840
bfe2e5df965b5abf1364b93c9a87da7c8c1d8f807b60f39015bf24681c184425,-1,-1,292864,750080,689152,747520,709120
ff83d2e29b1730751dc5e401d5c09249b2d6f5e83c3bb9ad5c55253b5813a31f,-1,-1,-1,487936,727552,738304,695808
fdb5cc8857686c6be1cffa1d3341e47af7d0f0ff070a4b208c309770007be12c,-1,-1,-1,645582,631758,716238,-1
098594492ed0b8b90afa9edbdd25b4255fbcb6561ccb90b68061a022d67ec400,-1,-1,-1,765952,765952,696320,733184
755c7e2e67b314efec4068b56475abc24fe046371fce33f2470eae8f430e11bc,-1,-1,-1,753664,716800,753664,753664
83b8ebf064ff7ca5b0378cbb86a712e98529fdef2fc53d0e92fc2033e0ce1f23,-1,-1,-1,749568,716800,749568,749568
02f3c95c72d12b736753ff31bbbadc586800768c668d144d9dd50eb946fe4edb,-1,-1,-1,610304,430080,-1,-1
de62306d93b4e51863558c2f63755d78373b8e82ce64f7a2f33aef5ab6de739c,-1,-1,-1,-1,-1,681934,-1
363d1455b21b3b703a86b5bf8d203766204078a69e8d8c72de873760409f7c7e,-1,-1,-1,738816,753664,751104,753664
f08e98de2bd1899371e7a699d964e1a7281ee9c7290d7337da33449141fce1a8,-1,-1,-1,749568,749568,745472,737792
fed0a4eed1957c546928019d36fa72dd55220f23de67bb0f5282ad2f39afab4d,-1,-1,218112,617984,571904,744448,749568
9084ba4413ee896d70bc62ba0fe670f52361bb3202858b4f916b7832f17fb720,-1,-1,-1,673792,700416,724992,688128
b433126bc796a8b8323aeb8738e05c02b8764df7a421bec7613faea07b41674c,-1,-1,189219,717091,565539,712483,725283
1fcd82048618c26b126eec36c1759d890d9205c4b3a5260aa5746f4a80ed37a9,-1,-1,293308,737212,725436,675772,657852
754366ddee5f953fce504408dd2c94272955dec7c2c4aae4d158570fdc64d60d,-1,-1,196096,740352,749568,723968,748032
c9d970ee2c06d0bb0c5f219fa9196cba871109504ea20e8ee7d48b2a709055b5,-1,-1,287680,662976,750016,672192,750016
d886b10cae01976a25efb55a09890d872459ba303506ef2f06f287b829a429a0,-1,-1,252416,518144,661504,749568,749568
425f50f0bb1fc71924a204448d8733d8e0e90703f52436d9c72a716943c7b18a,-1,-1,-1,-1,-1,-1,-1
890beff174d6bc93d1c1cc265b3b07a304df375f467aa50b2fde807c29f3afd5,-1,-1,-1,658432,721408,565248,750080
7a71d4f5ca33e98d189e760bdfc66962b789091506ba92eb97d947683715e4fd,-1,-1,294912,724992,749568,753664,765952
205d4cb65820a18562e10b789d07c0c28fb697ef1fda1a4dba5dbea9622e2625,-1,-1,287744,729600,745472,749568,735232
051087c5af027f8b04a6326dc187970c2c10de6cca149fcd848c2130bc6f4299,224,4096,303104,581632,765952,765952,765952
ea75d85d23d824257d18e48a8a2b2f9f46ba1bb864b8a2db620182922319d061,-1,-1,-1,696320,684032,761856,733184
2191ca588d01cd1ef23e12c4d9ce99cbb2d24e13d36c7fcbd1b89b1fc6521a46,-1,-1,-1,512000,757760,765952,741376
cf6d932705722eae408020a00c72fdc1e5bc0b1ca12dd6d932fb4296df2e0e26,-1,-1,-1,716800,729088,765952,765952
36b41303d253b5661bb08b92261a24218ba1a626a020819a3d1d3dcf3c705ed3,-1,-1,-1,750592,736256,750592,750592
f66517d810b7fceea10fffd94af8262668d28083ef9ddc903a9dfcde9bf718cd,-1,-1,292864,705024,-1,745984,-1
2c341de1fb1d7339762bbcdff976aafb59c914876998ea47faceca0c62400d3d,-1,-1,281024,750016,750016,750016,750016
a9a9383bc73e2729fab3d39bf4e00248f0f94baa931f47b3ddcdbb6a99a3cfcf,-1,-1,-1,598016,512000,761856,708608
71c0c80f24ebd5dee0b1adcfc00c7c3af69153d5c746c037a47906001f5929f2,-1,-1,-1,-1,741376,682496,745472
621e252db6e43f2f19af0a7fced686c83b3f02154f37c39333cd6840100b1951,-1,-1,-1,-1,-1,-1,-1
1b0e4379416eeb5f618fc6da7bf2c9507afd6afb31d489c6320ef30e578cb32a,-1,-1,-1,765952,733184,729088,700416
e2465b294f57e4c781b9d6361805fa805dc6261a126fdb3a24842a814b301e1f,-1,-1,-1,700416,765952,704512,737280
7305a537509a455669779de12104720d17edb3309f8f7d42db6a13ff08ca46d1,-1,-1,303104,565248,565248,729088,741376
3dbf025401a3155a903e38d937b7161689485ff5c7c59814c9ae2826b43d8b46,-1,-1,292864,346112,749568,-1,749568
89a7acd0b6f7a9834604a849cf38ebf80e61aff425f46166d3d519f9e06521a0,-1,-1,303104,507904,462848,757760,581632
dbd759d8c7538d134edd59f55b8fd91185635c11e1eda7bc0875d0e3bad41c93,-1,-1,-1,751566,753102,679374,712142
4560e0a89a1afe6ca5c72a89170c2d883ba017faca15c12699db9220fa6f3b43,-1,-1,-1,720896,-1,-1,-1
6a5a59f6bd013e65bcaf78ff84502eca18ce9b8612998d59b3f987f73975b4e2,-1,-1,-1,737280,750080,738304,750080
c1d1e0b4bdc48759a6878cc7e2d4e18e21782ce8f7e846c9794172d0d4c59678,-1,-1,-1,696320,638976,466944,765952
bc4f6d8907aac0daae5208b51ab357c36ef10bce3779e60afee5d0445133bb1c,-1,-1,288192,603072,750016,704960,687552
bdd0325faaba7273002eec4ae427ba450edfcefbe10ce10cb7a8df3485d7d05f,-1,-1,-1,614400,-1,733184,-1
940a2a3703477ec2ea28abbdcce2f12e7a265091c791d60c8b060ed14669d18e,-1,-1,290816,739328,622592,691712,677376
98817af1ed46f8638f3990c641aa11ebd11c63c06c17009531a8e9b3f2ff3431,-1,-1,-1,747008,734720,693760,714240
676a04720fbfff3454bef7708a1192c7ead4817fff75a74534f6dbbea1f1e86f,-1,-1,-1,745472,765952,765952,765952
654db28a06445a60ee26e1df0aa62fc05c2945fa49536495c68dd97ad9db99b0,-1,-1,137216,749568,718336,749568,727040
8cf4a16bcc515b33caba0fa4f923be153f69ac208f3d0c335e2fccb1a83969e5,240,-1,292864,617984,463360,457728,750592
91b32372486eb778a7c2f3b19fbb4582eb66943d3b1f9bee6371d39c67a0a289,-1,-1,303104,614400,462848,745472,737280
14a3c04834d2e6828ed47cc6a1341cec33fbd2531e487b42b778896437a0648c,-1,-1,-1,580096,752128,712704,728576
13d65aca416d8269cc9adf0bd1b9c95509100cdce57d82db17ddbf7849f32a95,-1,-1,-1,748544,715264,715776,745984
7ab32aea3036c6c25b898e28f7836e90081b80c514890f0229cf5d841ebcdda6,-1,-1,-1,745934,619982,621518,712142
cc6b968cf1094a2271a70a040608defe7fbb86c315d641bafdc8eb4fa9a2bc2b,-1,-1,-1,734341,748165,-1,738437
7671d823088d9e04fc788079bdd30afb7123dc5dc53b24b0cd1193d5f496a36e,-1,-1,274432,647168,524288,581632,-1
8dba23ca015fe3a9994e38cc81e16d2e242f3eab463144b69425af9e21e382ec,-1,-1,287744,750080,750080,744448,749056
dd72c3ff4f0c994a8af8e77e46b3e4553b69279a1e55363f10d4a0b1d7eae216,-1,-1,-1,701952,732160,629248,718848
9ac15bdb639e52b7c28169b25f1594a46dc232867dcb6f3efee098e2203dc73f,128,4096,153088,569344,748544,679424,716800
f52d9db8faaeb0f097d2e3a503dc9a85cdca5e905a3623c4cd33907e8dfa6408,-1,-1,-1,699904,745984,-1,-1
ef241f4a08a7125917799dede3813a507cff042dd2a335dd0134436f08ad501f,-1,-1,-1,487424,712704,765952,737280
328cef5a7eb6a473f410b85c8299a4748cd6b8b03794a4b15680a96293ea561a,-1,-1,282624,750080,578048,693248,674816
04ba813854e040b0eadda98fedab5d540ce60c65b545c2f4800b70cd217ce3f1,-1,-1,-1,696320,708608,462848,581632
aa63c9c4f80d186de5da43f9177a5e455fd55f7c0d2d8a03ef537fef71c76314,240,4096,-1,352256,462848,704512,757760
f51723873c20c566d04933345f61303475c751578c879c02e23c71380914fbce,-1,-1,-1,753664,738816,744960,753664
71c4e558c782a743129f2ea46af4adf1adbac019618d7ea33263c6e21cd9626b,-1,-1,-1,703488,723968,631808,727040
ab1a8ea499591c220ecbb43e0404ef5ddbc6d4f6ad466e64aacf9d205f45df00,-1,-1,-1,747520,688128,703488,689664
aaf5e53e5b7beb96b234df7b38a95ded0a3df9909a1a0fbab5b4b4909422f209,-1,-1,-1,589824,749568,663552,749568
c41f0ea2a616bbab5a2d37337925533d3c9b3cb54ed7ddcd254ad702dccf7567,-1,-1,-1,750592,623616,638464,750592
6bbbfad4035a743cdf62d337641c704861941810a1e91e77bf5ea2d936dd2eb5,-1,-1,-1,-1,-1,-1,-1
d717d456053f6f8b6f9d8502acd39a0e72cbe2384d9e039f1e294b725faac48b,-1,-1,-1,-1,-1,-1,-1
9a3274c1c7bc3f2755d54df3ea65eb03d549ea0ac61b2a9c9eee9adc8891666d,-1,-1,297751,543511,768791,727831,719639
23cf74f75b141dde99f99c6bd0b1464529a1a6e8c5d1e3632763bbbbbe185cc3,-1,-1,-1,765952,737280,462848,696320
52e4b7f0306c39264b6707e9f7aab24bc0c2e70fb2a0a9e5a99625e4cc28dc64,240,4096,-1,700416,462848,696320,614400
8c4cbb6856ae61f9ca52de3da98661f8f1c0de45cfc35a9024008ff44f8d3e3a,248,4096,286720,425984,720384,750592,750592
f1f3bb20523beaf84639cd5403dd928e6a9cc46b8181619e8ede7737cedad60c,-1,-1,-1,-1,-1,-1,-1
35746471dfec4148af67e9dc259569d82a175a50a656900c74a1fa25f5617d89,-1,-1,-1,726016,675328,686080,720896
7a712173fde0aafb55faf5b6dac959223dd59c503b784de11ef34bcaf2227fb9,-1,-1,-1,694784,675840,663040,665088
c68d5b94f356639397c3a22809dd8918f61a1ed9d40d6744429c3b34f254b9f4,-1,-1,292864,704000,-1,-1,-1
f993ffa932e10328363da34f6288d383e20ef39e6cfca0be6f30a0cf2b3a79ca,-1,-1,-1,-1,749568,734720,747008
dcc84414acce104d10d59d9e550551325e056a7c5f1acae3092561f2dc1baf6b,-1,-1,-1,-1,753664,757760,692224
23c7b0fb82c05eef670ab033720e980e92d9b902b1910c26aee5a892a2d46e99,-1,-1,289792,714240,741376,693760,729088
b1455a6bc747858622da12aa0be8d0aa45224f054d773431f99bd9387327ad40,-1,-1,-1,-1,-1,-1,675840
3c41cc9b726a261ee346f4e0554c303926fdd559a514103c2e3ece298434d0e7,-1,-1,-1,750080,733696,710656,747520
d836e4dfbd2be3ee0f3d7f8a260e734b8969ba4facf7b9a795d9bd8e3fad2aa1,-1,-1,-1,639488,750080,-1,-1
a669eba38c03958dce43e7b8a227a0af819862a40f5d5f0e39ddef3117582b04,-1,-1,-1,-1,-1,-1,-1
c1612113aa7270f5aa24e8595289eec0b20d17a7e3bc5927d9d5aa6d2866881a,-1,-1,-1,-1,-1,765952,745472
763915bd27ef44bd130d46fc993b180b97dd14560c066440eb4558ca2accae04,-1,-1,254400,709568,745408,746944,457152
c28e86b66f4da2fde70f44073d6723ab14cf95a84d75cd9bf0ad75398fc52cb8,-1,-1,292352,733184,688128,460800,753664
c48a993420c4fe189c3df518bf3632ff1579fc6467c00b02ce444b7e294f6a1a,-1,-1,-1,715776,-1,727040,699904
c0b81550963d51db6671adcb293ee3da3cfe07838756a26ac24a6054756ebb97,-1,-1,293312,705984,750016,750016,720832
6544e66de0b47ccc410b13ec780fb64ba56b3d610dbbe4e93f17c8afd5f0077a,-1,-1,-1,733184,430080,479232,765952
586de06669274e94bfe43ebea4aaff3847ddebd53fc6f102d2caa4fa991c8dde,128,4096,189952,198144,509440,5120,461824
c5937d2ec8c9dc4aece2bfdf994c4be4472df6275046bc9325e894a99a0acc47,-1,-1,303104,655360,708608,688128,765952
fbce89d6be4d76656bee8817c9bf6e071249eef82625d4c488a73607bb4097a9,-1,-1,-1,-1,-1,-1,-1
47f8c340c2f6c4d499f61ca4c393db19832276550594c88f344f32e4f5fa2caf,-1,-1,293312,709568,750016,750016,750016
46b87c7217c846d5ec7b4db2a22b8a9e02693de0df1eb5123e524f0d998a9a9e,-1,-1,292864,732672,726016,673280,749568
1cee8f495a7cc37a9e3258c387eb03b5ad5de16c838ed9cd73846c15e2bfdae8,-1,-1,292864,617472,749568,750080,678912
a8b0da34597677c602b12e8250bc3701e236ce58433e4f5c38522a5a0583e1c1,-1,-1,260096,749568,731136,719360,749568
a107005e57fc47942762c900651a5eb5b002dfa1800c3de04b1af9d64cd30ab2,-1,-1,-1,749568,749568,749568,711680
2d7fa785dfafa7fd2f1205e55eb9f32312045ddb5555a7d993691596f9277f86,-1,-1,293312,651200,750016,712640,566208
7929387d28ea832d1fc0f3b39120378d58228d30547399e453b605d355e5afc3,-1,-1,-1,-1,-1,-1,-1
f2ce81e9f21aba65afde8bcaa1fbad5b9709aa669db62020dedba24563f8de00,-1,-1,-1,741888,730624,753664,753664
032703331e26b28661519bba0b561b9919d787560bfe6c9e43109315bb8f2c30,192,4096,143360,512000,311296,0,438272
b8c6aefeac8df95098cc9e55baa62128231be390298de02e20b86d60948c958a,-1,-1,257536,750080,725504,623104,750080
6bed894175283a778d56987a7daada962aba07c245e246b9335f8950603798fe,-1,-1,-1,562176,749568,718848,706560
47dfdf0470f30fc67d63cb1d0f50c8e1d5745db987a65d9f107ae942a54cbfa2,-1,-1,-1,427008,602112,617984,749568
23cc3722e503504330690968d0cff2f0e9935598b668ff0470071d11f63292b1,-1,-1,-1,765952,434176,684032,724992
cb86c3e1a9d35ad0c40fbb458bf972a640aeec8694cf6aa9381e6533398b1aa8,-1,-1,177664,743936,743936,648704,743936
8a5bd5b6814818604d679198496c27e94407005533e7ef2cd3b57027320a3bf0,-1,-1,277504,750592,662528,748032,627712
16e0b062a7acf9d4ababed81fe37dc336c1ad5fe24e0b6d22594e6bbf27e4324,-1,-1,303104,716800,753664,765952,430080
b7b911f4525aedc7bcafbe76a5d5265d64622db0134be5cdf281876b34b0e84a,-1,-1,-1,507904,765952,724992,749568
2aa326f372751ced15f5cd4d5c3f7cd72f3e5f7644fc02e82a67e8861b55ad58,-1,-1,292864,678912,745472,745472,749568
f3a4628fd70f66df168595aee9bb69e1596b79e2699c8cd9f5bdd9b7b31c6b1d,-1,-1,-1,-1,699392,-1,666624
d86e10938e1407c11410dc2c7e6c891ba4dfd1c1b1ed5b48eaf0ae365b3f3014,-1,-1,-1,741376,-1,-1,684032
9847643feaa5dd118e83d1e40088f294703e75cafa69069372645e58447bb426,-1,-1,287232,749568,740352,741376,749568
f0cf39aaa75855371938133c27cbb936464f9d0790736f991e366caa21e27e4b,-1,-1,-1,-1,751104,-1,748032
e76b82558b7e1dd48bd8b9fe93663caa0192a216d690f0b5b175202cfe199e48,-1,-1,299008,741376,462848,741376,724992
e481c8dd3c8f5f9d7acc85eddbd7f04c138ed9a00cc4d2671f01b5e196c30544,-1,-1,-1,751104,753664,753664,749568
b3cae5c4f8b7c63e2caf9729b3ee70a846070af7c1636d09ed21cafb3950b7db,-1,-1,167424,676352,737280,689152,737280
53d080c7b0b170d749840152db1f8cb5552988a0021d33808d4751f0a227ea8b,-1,-1,-1,572037,649861,749701,-1
990c8f894b159258e5c6d5c0d9cab4ff47f264600025814419ed3029297763a2,-1,-1,-1,-1,-1,-1,-1
04574202f0f47ce3143bab8f7710fa81316dbac49bcc1be30b5289d59776ec85,-1,-1,292864,650752,717312,723968,701440
abf7bbc41098299c8d8f7e758555ea5cde8466f851cbdd7333bb30ff91c0169c,-1,-1,292864,640512,649728,736768,456704
0bd4656e1a39402b1e1e7509b6af9b73022ab19426723affffe22e1caa89001b,-1,-1,293312,705472,738240,585152,650688
dc01fa67b8c1f42b4fdeb8af71bcb38caaea6cd2d69ef867afe074115341df38,-1,-1,293312,745920,750016,750016,750016
25c552a9c6e5ccaaa86d4c9d7c5ede1dac4f178361c964ccd2ea6fda270ca15d,-1,-1,-1,-1,749568,749568,724992
1cb537c74d370df4abccd0de2bac6aa4000122b1d1852f6a9411e7e9af37104f,-1,-1,-1,655360,765952,696320,720896
f23a6df05c44547e75cd87c8a5b935d397b7258971d87443ed29cb92c7b9af6c,-1,-1,-1,-1,743424,663040,749568
c3cc1eb30b9f88a2bfaa96ea6b9802acd00be7bda30145e09c311c8283b883e7,-1,-1,-1,-1,-1,-1,-1
106e65388a9218515f8c9688345ef3fa97cc22b1c92329675aa87247b968f106,-1,-1,287232,747008,666624,749568,749568
98bb614d49eb60076b62b37676c10c34db33364be9e428075458da1a49c1b652,-1,-1,292352,457216,735744,750080,743936
b9bfce9e66e5df75b83bf8ff7b785e9a3bda8866299285f8ea304d02051970b9,-1,-1,-1,471040,512000,765952,765952
32527edffd2ed0ef12f24178b28fa2f1843c52ea433d0a2db86ae78ac3f1a12e,128,-1,23552,679936,654848,745984,664576
06fcd815250b0c06e7e4aec2e89f5700393977e41e08d3fa2e54033c1a25d0d6,-1,-1,281600,749568,625664,715776,720384
9a39b159b432bf6848af0bd2623401e43c53b655f06a2a5a3ed680c07004aea1,-1,-1,-1,663552,724992,741376,675840
ba700c9d486b2dfc0cec3754442b6a0f80034c2567d2efeb9f83add23f8b3bee,-1,-1,-1,749568,696320,-1,-1
34a3d0991b64c8bc6aab73ecbbf1dcdc1a695cd2ba69645a738e3d35c7c02c33,-1,-1,-1,667648,741376,704512,757760
b31e274a8fac1694636918f74e763aca322c3e717a7e47fa4e7f0df223fda2ce,128,4096,241664,296960,623104,639488,639488
6c2bf387b65aa5d6f178726fbf1413e189d49ca923a704eb3f8947c0713e7bb2,-1,-1,292864,704512,749568,744448,749568
f1bb6da48fbead0057bc078834cff35aaf2021195ba910e5a8f5628ab7cef078,-1,-1,277504,510976,738304,747520,707584
f58484936dee5de7f3e754f0acae7ead8edabe19226572ac2d3e136bca67159e,-1,-1,-1,742400,738816,745472,737280
d5266d3c98e949fad280fdee56ac3c9f7de0be0e6148f57e4f94ef5c606305b0,-1,-1,299008,749568,761856,737280,647168
3bfd1a25095f8ab0cb84c423b8b3e351d5de9d2c5d532ffeab3d9317f631af4c,-1,-1,-1,680960,702976,663552,730112
87aaefe37046a8ff5de1a610596e59265e9c121f5cc3c8dda12ad76590d97ffe,-1,-1,299008,753664,749568,749568,430080
055d321b0839c098d1dcddf91327d446de1011b01aecfebc208a89f84b2ec2c8,-1,-1,-1,512000,700416,-1,761856
d9178999f30f3f947432473ca3c9705a71dd53a4d855c7cf2c08a2708abffe5e,-1,-1,-1,629248,711680,665600,729600
40c28d004978ed49e8c3f68fccc67f0efb1a5f5b007a725b4a028f403d52bc7f,-1,-1,303104,765952,749568,733184,765952
98e47af11fa4ffc7ece43b33bd5525b96d7e565d23ecb66e78b82a803fbaa36a,216,4096,115200,616960,571904,641024,747008
e09201e5966931f064c5565a4b58873f07989b87568c37fb76dc8aa4fafd3ce6,-1,-1,292864,749568,745472,749568,749568
ca80ad5cd84061e7fc5763df3c2b09dcc21ddb200435dd9b36edb77e6c718a0d,256,4096,131584,422400,59904,732160,615936
9cca55c9e351d0d00be6a0c106d3e726fbf39867bc5c77165de407f4b08ae10a,-1,-1,283648,744448,572416,457216,670720
cfdd21134d6f3fd3e23cf327b3bdfd14ee1e81cca0c20f19c9d3aed0d2dab758,-1,-1,292864,749568,660992,730624,742912
92c95b9074fb6817f2c2bf0d1cc60e82476f6757f1ef77df2977a814822e07c1,-1,-1,194488,650168,667064,688056,630200
653bd09b50958c3a39b53129158a26252a086d064205fff47b05cfb41c0117fb,-1,-1,196024,710072,618424,619448,597944
5ba51d965a43426865b24364ef2d2e18e7c3a3578075c05b0003be751506352a,-1,-1,303104,729088,675840,716800,745472
beb7db9f7133f7e27ffe38ffdccb26fa18d5b071f122f429d9a6028f9d623350,-1,-1,-1,393216,253952,589824,765952
6f06e2123a91985942b7b51782d1fba97764578c8e58a27a6a28c1f5008740f3,240,-1,151552,741376,765952,434176,765952
fbe23cee779c6cc4a7bf66ce957598d56de562c03fbd06890c7b73a1c89a2916,-1,-1,-1,-1,-1,-1,-1
ec6e3631395cf95655c5279263e52fb59cf4776eb6f0f173a49cc751d01d78e2,-1,-1,-1,749568,747008,749568,673280
1eea1b9c2c02150d42b0366bd71fd23fc3d5b910a2d11e0d6aef2ae2cfefe245,-1,-1,291776,750016,750016,750016,693696
596ccb7fc378820c75d5abe79b7bec20ad4614c610a9e65897a429e96774fe5c,-1,-1,303104,532480,765952,700416,765952
7a7cc082d9d5cfcc96c5445e821f9a9f749652fcc7532c27ea71ae7ac1a2d726,-1,-1,-1,743424,726016,744960,747008
65605273332ca0b6c8ce6dfce662a8a870a1df34eafd97629072ffcc1f435582,-1,-1,-1,737792,722944,752128,749568
d04d2a0c77a18498539937fd2ad9e29722000bd9345d625a414cf16e33a8d549,-1,-1,-1,-1,-1,-1,-1
efc19b0446ebfdc9e7f13c84585372e9442e89fb96b5c47646e45f90708dba60,-1,-1,-1,477184,685568,708608,666624
eb0325bbf86e959287e171fbe1c7ad98aad52f765c052adf0569a638fb0b685c,-1,-1,292864,686080,740352,652288,728576
3c12d20b648b26ecd4e9cf361db877c34d5b6d5bdbfba412a27fc2214bdfb9e6,-1,-1,293304,703928,737208,580024,708024
f0776d9e677db869ecaa24411c38ceda2b230b6532612acf31ea261dac501f29,-1,-1,-1,765952,-1,708608,765952
b8ddb9d2fb69e166cb96264788d2bd3324014eb71e86befb8f24622bcf271bd8,-1,-1,292864,210432,719360,702464,749568
b5bab66a6c7815ee4094924d278d1023891b48f49838dd666f16d8a0ce693142,-1,-1,292864,731648,570368,462336,700416
e85065b8b3fba624c92e32bed8e510531b885c52fde6a3e01600d1846084c743,-1,-1,-1,753664,751104,451072,753664
0797c35f1434a48c9d7f5bf1ec3aa0b997b5468c78c918da3a8f13666522828f,-1,-1,-1,750592,750592,681472,750592
994e0c3c9e708369f97f55d6ce30890d56e88eb1cb9409b84ade6969957979c0,-1,-1,286720,581632,741376,757760,729088
6673aaac50c2e06b170e3faf3ca2d48d5210a140fc033f7b31b8cde4c3a3f783,-1,-1,273408,676864,690688,746496,640000
bba3136f86a62e948d9326467b873d30a1e719aa058f266d425dcbcb0876f0a2,-1,-1,184320,724992,507904,655360,430080
584091954f6724cf6e5fcb09753702655e1b3a189a82eb3827107416ba2e92ff,-1,-1,-1,750592,697344,643072,-1
3ce9e45694dee14b15db99e6570cc461aca093d91798353f68d24e797e3a0b64,-1,-1,-1,618496,643072,-1,761856
f14add031333a7a797bef4184dacb7810c22b4b12ba543a8f31f46822e5e937c,-1,-1,-1,-1,-1,-1,-1
6d5f534ce0cfe3b7c2dd72adadb2c564b944e73b8499f9c19f84170d59db996a,-1,-1,198144,741888,748544,749568,724480
7d37b5768244d972e82cb7fd5679d02f75aa44b99cc9357af65fd7ee792ba81a,-1,-1,-1,724992,765952,696320,757760
62d09eb74a5b2c46669fb43ca40cfd9b4d1ea49b140c3c7a2521fb748af97b8d,-1,-1,-1,750080,-1,750080,-1
51b901ec05b895e9bb96fee14896d9b92d3c832a89d34c8909359fa3b1b32189,-1,-1,290304,502784,749056,749056,749568
83665d979bd730346ab66940f0098ffe8126602e27eae0777e2c78b4a866bc6f,-1,-1,274432,733184,704512,700416,663552
b176c61bc55873ee93e4904855923f3a49447a3434f7c5561b4afd01a7c035dd,-1,-1,-1,757760,765952,765952,757760
1a08714bf2cd4ace7ac85ac8b6d3d1abeb91224026dbcc2ade53b8744f517a07,-1,-1,-1,653824,657408,742912,749568
8168c5d68eb6ba8f23cf13c695bf9fe70ffe5614f7bbc22acc309ae33ca7bd99,-1,-1,292864,750080,-1,708096,614400
56d057e380f0b8b45c12b9301d0cdc5154e979bc6641013999e621938efa0039,-1,-1,292864,749568,689152,743424,697856
506fe95492a8aa430104841c598f7b06bb6950306aaf3f488c9bb93a6876752a,-1,-1,-1,-1,-1,-1,-1
7666e93fff9c327069b71280281ff6d6ac5c1afaad9bcbecb90a47e935bd7985,224,-1,284672,719872,750080,743424,728576
c2da1f45d108f0d35c6b51e9113e0f0a470a34dd8af2a1582859a87ecc11e75c,-1,-1,-1,-1,-1,-1,-1
db9d659702e52d6b7f75546fd2df04b5a73629729da9139ae3586d6aafa52eb6,-1,-1,-1,686030,626126,-1,735182
cbbebeeeedb81cf2bfccba4904c7cb1eea8516af00c4b634587f2b7386a0d984,-1,-1,-1,614400,667648,765952,765952
43d406c8b49bf1d8c12ccb1b7a31a7df1761ed15a140477e10eb8b69aaba5a75,-1,-1,293308,750012,741820,713148,630716
c9dc9791f6d16f5ef4e4736dc2f4a16391965856a38c15aead9ae9708190d853,-1,-1,-1,-1,565248,753664,761856
532ac3d7661a12b3702d33e111f311750d712ba6c4e4e3047a7e64e72e2c8bcc,-1,-1,-1,719872,687104,671232,-1
8b9ca68d7e069c84696c45ba9a2e82cca795e9429055f95e0bdc84775ae75296,-1,-1,-1,720384,749568,680448,705536
d8e0d06a57ff3ab1f097e2d0f1e3696d5176c3a46ed975e2e02a3b21feec60b7,-1,-1,-1,486400,424960,-1,-1
bf441d3d28b515179777828023083c5fd6baf3f6730b2ced9610c678b5d1f225,-1,-1,-1,731136,728064,747008,724992
23f63b9d80525f119e5a54d0751ceaab808563448be2e6fd95348509d6792e05,-1,-1,-1,733184,761856,753664,462848
b2dedff6cdfb390ef3b8a34067955c950217e448600d09731183c38f76d4b66a,-1,-1,281536,750016,715712,556992,639936
641c9fc2d579062c1ffc1e15534701df109dd8b06c64eb1243faf8f75792c6bf,-1,-1,-1,-1,622592,-1,716800
d611cd9a8536b0c58515eef26491ae088d72c7c9012aecd4e4a4fea00af53395,-1,-1,-1,741376,704512,581632,544768
5e80fa1846bdec88bba1306594c273af93fe6abb74c4077dde4a80790f1c3fe9,-1,-1,-1,-1,629110,-1,-1
0a1af5d752fd10158790c99dc5a4730e252a9ab8bc0a2e4a51963a79a27b731a,-1,-1,196608,741376,380928,745472,651264
534832c08e759a706ff5f90d0b1b97c405a7d5bb5d4d5c09f6bc3448bc70af3c,-1,-1,299008,765952,692224,704512,765952
1166bcec15bec1020d357a1c5cad80113d502abf18fb39500e337c1c7440388c,-1,-1,207872,558080,745984,747008,-1
dd0f0633d9053606de7be7b7cc577a68019f1b9d097de95fe705361b6668ac2d,128,4096,291840,705024,754176,582656,727552
0e18790febf9cff3e480604fd10a2f4546f30c5fdc13585b28078260115915c4,-1,-1,290816,749568,747520,749568,706048
f26c0cb5125837f90cdf6ededb36025b9eec9afcc1db77046c23283b4a470287,-1,-1,287232,444928,701952,748032,743936
9cb57f7947e6a49fdd72e3f9a7b40dca5cedbcab934cb58bcd09d2bf2fcb8462,-1,-1,200704,630784,720896,700416,753664
09d59329858f4db9b7cb88da7ff09a05d572e2a43f651bcd229f0df7998afb65,-1,-1,-1,667648,-1,753664,737280
89a23be1eb1a36db42d1edf76791bdecb726d43703b146910efdd6d8fbbfd354,-1,-1,293312,709568,717248,750016,750016
80cb7a7b7f8d575d0070f16006079563039c52f949132a0465cc1ad9d195ded3,-1,-1,-1,-1,749568,738816,743936
d906e05a714a9d9dad6f2dfb6341af9c570417bbcc62016351488a540bece681,-1,-1,-1,603650,710146,690690,661506
58ca9ff65675e3314e6e7f8b58d5ed8a905b202dda04238a6ce92bb4c7fd6274,-1,-1,303104,471040,765952,749568,729088
aa948b882b25068081fef9ead140b89a06fc11e9dac570e48a3718b74ae561f8,128,-1,274432,715264,638976,744448,0
00e90be3346b8802c63ed1df7124c4b56dbf12b7819a8d5a37a63486b2de5717,-1,-1,-1,737280,765952,-1,638976
62c814d3630580c8ec002d984a54d4a4f46ad5091cb5121ea79086e692472075,-1,-1,291264,750016,703936,603072,736704
d1dc52d0560885ec3f2466c468b91d6c9ddfe9c665991e9913d147ca485f4757,-1,-1,-1,749568,749568,727040,749568
9801370f5d32eaddd03f0d7117867e41e16b14b6152989c481ee03f053c4e4e3,-1,-1,289792,461824,661504,453632,345600
2873b8568fd7e96d301570b681c7144b2af96cdb30897e58e63516078ec4f666,-1,-1,-1,765952,765952,-1,753664
2af4349c7310333daa1fb233a4988ae300d5b2c611cc07eb1831dce30521a712,-1,-1,292864,617984,677888,424960,664064
4825009b163089931a0ea8274bdddfb73949ba7d445c81ab7b569d9ff9e5a3e6,-1,-1,303104,503808,667648,614400,761856
da4bc3a82f0a8959974463a929b4017396f3843ac675dc9a9eb7500ad1aede68,-1,-1,-1,753102,753102,753102,683982
0a356c30666673843f10d08e99c237115ca4ef1be983488c9a113948c72c0e06,216,-1,193024,680960,571904,721920,745472
03978943dbdf2cb18106d41838e1280629c54a4b9ca11312f81646839a47682d,-1,-1,288184,750008,518584,744376,496056
3297bbe9a0a63209dbe60ca9d9a325f1c099c860400ca1e8bf115d73c2aaf6cc,-1,-1,293312,730048,603072,671168,640960
53f757a73c27dab0c172029866333956ce5ed8b30c4c6c1e982c6ba61e17281c,-1,-1,-1,655360,745472,589824,733184
43de9f62e258f8ffb07d4c4d71ce21726d27a64eb2beb3cb8eb71e3232870cb7,-1,-1,-1,475136,548864,-1,753664
710b79655cc08fce016ebe7c438c77b28f9fb20e4519be20ae7621cb9d99eddc,-1,-1,-1,-1,-1,-1,-1
1d29f183a9009e6258beab3c83fbd9b57107dfcaee744dc1ea88444812cc090e,-1,-1,283136,687616,726016,745472,743936
de508db84b5ec9aab5b39a446984f9f65eafef5bd2c6355ee4a82a5f20bb3301,-1,-1,-1,-1,741888,745984,751104
52ecc4d32e3cf2568c74f6c06f8185e37f3c1453593731b39280dd928de0e348,-1,-1,246784,749568,681472,736256,748544
bcb12ff9665884efa5036af343a5f5096e50aa365dbb0305d63f88d7cb8ee8c7,-1,-1,-1,-1,-1,-1,-1
ffe6d994745100bf9774e44dada2b14a1b2489e5dbe11bc647b5e2e0f5276825,-1,-1,292864,749568,749568,749568,749568
3e67e911764cefa17f9ed89e3a1c58e1800945c1e95570d5f45217ce33c386bb,-1,-1,-1,667648,-1,765952,610304
4fbd60bad5d1b2087b8a1de5fa0afc9e8e7bc2569697f2bde0716fa035fe5695,-1,-1,-1,638976,-1,-1,741376
8e8faf4e799c85ddfe42d6e6958abb77f37cfbf633e29b4ce64005855320bd6e,-1,-1,-1,720896,-1,-1,-1
b3199676c21b0d936353a137a7c4407244df8a26eab15d26e7ec63757116bc15,-1,-1,277504,720896,750080,696320,750080
bff015a5dacd3a97017e773e8d8f6e2f26e5c6c1f12c7b642432bb3a6dbd4081,-1,-1,-1,724992,-1,749568,696320
6b14b2505edd884f6da89ae1bf1fbcf9fca593396387eca6c948c32ec9803c5b,-1,-1,-1,-1,-1,-1,-1
357c7f7b475fe33734a619c3cf7570953f6bed12f3f9e103b76e4f9eed518142,-1,-1,-1,529920,723456,669696,-1
ea5577378e0ccfacaefa0ea58df31d18c59b52d4614992d82e705363af09d80c,-1,-1,290816,450560,761856,692224,765952
ce5821d080c275c1af7a6dd21bab639ce8ace54c145dfd631505e5aad5e82bac,-1,-1,-1,757760,-1,765952,700416
bf17afca9af400ff3cbb9e3d92d4a4fd4c87e343db9a4199efa8d9e0b656a1f4,-1,-1,-1,750592,750592,-1,-1
6b65a3a655a69484d335d0193f10e88dfc8aa51513c59ef6aa2405fff360d359,-1,-1,-1,749568,749568,749568,749568
48f2ded24f2a83bbfdf1951f2493feeb1851fd1f72a7b0baee2bdefc01129a62,-1,-1,293312,724416,730560,379328,683456
5792f5b284c0287579704910557ca06b0c75bb04397d3e8007fcec1b20e2bd88,-1,-1,-1,462848,565248,704512,765952
5b8797dbc02e4019e1a9007b5f044a09f400aff50579eeb23b02b859524c457e,-1,-1,287232,750080,713216,750080,750080
6907bd0d60d191798684d5d94f8c85f83c4ed339fdbe5d7da5b4909321009a4b,-1,-1,-1,-1,750592,743424,707072
2300be0040866c1873b5e2dea5e6a4111719eb24aba9f327313f12cae94d8f75,-1,-1,-1,737280,750592,-1,-1
0cd2024efaa12568fda6a0c5ecacca1f5b4e72712901ddd9b7d47ea68644fa3c,-1,-1,290304,753664,741376,701952,742912
eae1c9757dd68df8b14ef019508180d665d9741058e8a1d398593fe28d7bea67,-1,-1,-1,737280,614400,745472,659456
a684a1034d5b7b6897419ba2f31d172d9475198b27b55181e1021688a218eceb,-1,-1,303104,638976,765952,753664,765952
d734b8e3ff8682431d36f98a86ba77708d5db7cc529489f2a3b8b59d7766f513,-1,-1,290816,659456,679936,651264,253952
f7660bde00b3411ae6f7e99418e3ade2fb3126e22ce2decff4872b0a1bd1388e,-1,-1,-1,-1,430080,-1,765952
beb1925e2d416ff4041f6d059c3bb077a8a50a45d7e8ae4a68edf61957cf6fd7,-1,-1,-1,664576,740864,694272,703488
db31f79732cf484831ca854ad3f878c17b01022c213f3afedb2278b46062048a,-1,-1,-1,703488,749568,-1,691200
357c2c19fdcb59f9d7024ba4e4351a2e00e7dce96e5524bb23be155183007dde,-1,-1,292864,749568,693760,749568,253952
6621c423e495731d5ce4734a3ac417febdc97b2011e6b538f38ef24eeee7b5a4,-1,-1,-1,606208,765952,753664,720896
2c2987ad1226c9dbdcb713971610dc765edbc9e2c2ba91eda88e4ef56c126aad,128,-1,292864,471040,560128,749568,745984
f3cfc76d92d5ae06cca71685585ba705e6297e7e41b55f95355642ad575b2b70,-1,-1,-1,753664,729088,716800,757760
1c6f16539a3fd52eae7cc0f0b033eb47863b664f424b07e15f3639d500b00804,-1,-1,292864,749568,689152,749568,706048
70d25436727a6597d84a074b7209b746de0ddd37639fd0b6133d35d12cf6ce90,-1,-1,-1,-1,-1,-1,-1
92688c266180326c78bbe93820371cd4ff03519164a55e48797b532de6338136,-1,-1,282624,749568,673792,736256,735232
d156824efe2775ee6e467285c3cad4bfac652853bb94fb9a1fc944a9241a65dc,-1,-1,263680,539648,752128,712704,676352
d1e59916a1b8020a5a521b72c9940135832a4ee922f0b87916a803e44fa66687,-1,-1,-1,625664,753664,753664,753664
358e17deacb2e931da277de3142fc01495cc1fdf82e49a41359589acb4e1d1d5,-1,-1,292864,749568,738304,716800,681472
f2ab72447cc0ccb2e3e04142ccbf281ef23cb8b390b480f6f89ac12f2ceda008,-1,-1,179200,681472,708096,687104,734720
48314274d33b525855ce5cf04321b611e0e1380f3a7dbf07fb35b609be829e0b,240,4096,282624,512000,462848,741376,716800
31c78e4bf15c10576fd099538a48f31a46c1181307c73a699fd6b1b56bbfc6f8,-1,-1,-1,-1,-1,-1,-1
f8e69c144cce0cf0d7cd62fc8e1d92cf7a45814167b02ea1c71fbc52e20dfbfe,-1,-1,-1,-1,737280,745472,765952
493f15b61799dd091e1b7b345a4efd3e5050d716f0aea7af498e09e8ab61c58f,-1,-1,-1,655360,667648,647168,745472
1f0a539cec6088dec629ebaaa8adf0c75f06403495be9d9398eccc7f20826e20,-1,-1,-1,603648,718336,749568,749568
cb59c38504f94a1999412996ffe30ad7af9a7ccbe93404c6a67556b0b5c3fedf,-1,-1,-1,-1,-1,737280,720896
9b5740064f4242609c9e6a778b1ed8d0532db039a427e6a85f0b4eb776f7ea1b,-1,-1,-1,557056,765952,716800,712704
332b92f7f72c0ef67c6429e4f81575b5fa804bd0c50f1828d93dc8c82c6824f9,-1,-1,-1,-1,-1,-1,-1
ac62fafebac383f992ff513f0120dd469a164b55697f984dcc97cd9b31152e11,240,4096,-1,722944,254464,750080,750080
7645c505c519f9557b3d53a6110efa980e4fcc9fcea68db6f8e94b8c481297e2,-1,-1,286720,629248,722944,716800,705024
2dae7f494ee0a1dacb078fce5b2b98e89109337f8ff5cf9bffc68eb4cfdae6c3,-1,-1,-1,692224,741376,737280,-1
b601db89d55c69e19690fa00fefc77059cfbb6b7fc7fe067c3f21239e0cb7d12,-1,-1,-1,-1,729088,765952,765952
8c7257b23b499fde7648e1c1db5f7b48afcbf637221f5afb950f1f8b66daa32f,-1,-1,292864,749568,738304,749568,749568
f588ade5f0bb522f4aa6471b1b3afa6dd041fc463788cf16a0bf2690ea356d1a,-1,-1,284672,676864,677376,749568,705536
0efa42f59dc75e7cded765a974a8d1353b4eec3bffebd324543a0475298820eb,-1,-1,-1,663552,532480,757760,753664
578bcbd8f87f79fb98e64d5c001b1e6c5b795c653922d7940d1fcc702df4b710,-1,-1,-1,577669,744069,684165,748165
ce741398fc2fd41f445bdbd26d7a6adb70a5957673b5cd02159b9e66163fa15b,264,-1,275456,734720,728576,732672,2048
39b96567065e227cc23e8cd8e2e219df7ba75407e9ad72fad3f36c689da982a1,-1,-1,292864,722432,724992,638976,734720
5396e4ee5649ffb48cea9b4ffd5d68503e2f9fe491eda1fdc5564634021e46df,-1,4096,-1,-1,-1,-1,-1
f077fd5308130f8367830b8421f367a36896b1af2e236f04ac5b50f6bc6bb66b,-1,-1,-1,710656,749568,745472,749568
8fa96f830eb0565774d76a3b33c6d5caee27c5dca2c6670828725cb4df7df214,-1,-1,-1,747894,750454,741238,753014
5b5170d489ac3566d4f2558c207cc3b1b8d7a7cbbad498f97260fd530a05af08,-1,-1,279040,626688,720896,726528,749568
d801072e5037f033de51ca4543b0a8d63395f9c674d1919efa4834fdc2041091,-1,-1,303104,675840,630784,679936,753664
11f7d67e7811ab278561152b4c52d67f09ff67e319209b4c4171c1422278f2b8,-1,-1,-1,-1,761856,765952,-1
0f4c67f6ed5c89466c0c2b3343942ced72baa0060f135e96540230d5551b07d4,-1,-1,-1,573440,602112,-1,679936
7d535bd97cf47c5416e1b4f8da73b54b27e10a6e1dc73e70a7409c4d041068c6,-1,-1,292864,749568,741376,655360,737792
b612200cdaebcc02084723a124955a01a01260f6ff456ff2f45fdb8832108a1e,-1,-1,291264,744896,705472,603072,747456
0c7762a9e34c8a074c579c0e414be71abafa4850944188fb47cddb9536c06c9c,-1,-1,-1,663040,648192,744960,671232
43c0b9758aa15584c91326e39989e0fddc5cc53df27972bd82a79b3fbc1002f0,-1,-1,-1,677376,714752,656896,714240
214685576466d3267d1ed01e71751288e760e3007acd895540bddefd9060f378,-1,-1,-1,-1,696320,765952,757760
cfc164965d084a19a6a033da766f35f4fb59470d65c08d92b0cd3b858fee0265,-1,-1,293308,750012,750012,750012,750012
84dc2b6751b59934e3accf7c0bc464ebe8791e173c0afedc8d3f6a6f9a1a775a,-1,-1,-1,706048,735232,754688,731648
4890698e2bc848c5df73198f4b8fb15f5ddad5c7bca31e86a501efc0f474c50f,-1,-1,278016,749568,749568,749568,721920
5b81a03ce7a0c44140b7927466a9acb97f43b8a3b287e91b0bd85bc5b29eab2f,-1,-1,-1,739702,625526,750966,750454
61d53c338b2f2dbde39b4e9c8c28d439e0cd6b41124a27e25d262a2b30d4536a,-1,-1,-1,-1,-1,750592,750592
30627737fa59128d729ad6d2e7514e4fd256af8bb999610ee1335bdfa66f37ab,-1,-1,292864,631808,700928,690688,749568
a0e9b97228b9f59884d5af67e765a41dc1094f98427f7b195274eeb3af175997,-1,-1,-1,-1,-1,-1,-1
afa728f9dd946360174e69d02ef069e471f676d3fe958b6a547935b05e9e7edc,-1,-1,-1,-1,-1,-1,-1
1b3fed1c00652a88a0a0bf1007add4884de91ae60418ea85c92b341a9439b822,-1,-1,-1,675840,765952,684032,765952
e610167dc1f9f678ccc6789d2dc583fb1c673d67fc51f4228af7b491cf1dc5eb,-1,-1,-1,751566,694222,753102,629198
d5e687ea9efccf98b692670187d794b90e76cef4ef42d0be1be5be84e7d46b50,-1,-1,292352,689664,742912,753664,753664
b52f2cc7f214bff9eeed8f1f194b48331000f93dcbae64a020927b4db8b892b6,-1,-1,-1,-1,-1,-1,-1
5ee70b92524d2246d14af462ed1f5bd0135388f316dfe305a0cb278faf6900bb,-1,-1,-1,690638,753102,677326,731086
14b14f79a3b711fa23950165298d817ac7b931eb8cd4b4007d67bbfbe642edd5,-1,-1,-1,617984,649728,644608,678912
16c76d418e5a004cabd1cf6cf512d503599ffc5690b7c5e2e93355aa5741c429,-1,-1,286656,750016,486848,628672,649664
82888ce1de6243fbf6daaf587c94f0e0c7ad09a1def4f9532eeb3ef97b99ca67,-1,-1,299008,638976,626688,765952,757760
a219e6338545b4331072ae19c3d0f9fd3eef0d7557c91b94b5c6b672fbc0d1d2,-1,-1,291776,742048,747360,699424,730624
88e7601748e123bc23538573beb0b442692d59986cf22e09a7a82bdf344dbf8f,216,-1,287232,709632,750080,623104,668672
a8275b77f668181402b415df6e26578ab85f439246b0e31faacab677d34f118b,-1,-1,303104,528384,667648,462848,753664
99f51014ea38eef94a06b76f8218f3a69c7b946d357c69a4c8accd756ffec066,-1,-1,-1,606208,716800,757760,757760
b6d866d40bc796acae9e567fde90db04645203d24335434b82fe49493b77596d,-1,-1,-1,747008,749568,749568,749568
8e2c8c4db7c38d33c98e3fc3bdd3c4a42d5bc5817d38da628692adb7d8d13da2,-1,-1,293312,742336,750016,732608,748992
4c817b491b93037e4940bfc8fccad5a3305c1534e7777f0acbdb8f4679f108bc,-1,-1,-1,765952,757760,757760,700416
3a9a1f2360c68335e6b286127f0b5d15a1105c2f4e5590ee2835fbf6220d0b49,-1,-1,-1,-1,-1,680960,730624
09d93bc461e7f626ff7e4e4ff2c08fd3219a73950aeef16f72375f947a0dc24a,248,4096,292864,569856,707584,749568,741376
b20b98ba57fb3598e54ed5f5b7fc04057c51d3a0e74c9733abec991794330ee7,-1,-1,-1,692224,753664,753664,726528
408af39847ac2189caa845c131582d170eb5c89ec8f97af92575bee25cda7cdb,-1,-1,-1,-1,-1,-1,-1
d7c9b8adfd6c5059a89a5ad95aed9fb57e9a6a66f00804e15e225f178378431e,-1,-1,-1,-1,-1,-1,-1
b0012ba7926efaa693a4f207362c8ebc886289bac5e971ad51846dc47b5b0cec,-1,-1,246784,678400,749568,733696,562176
6337fcf6445bc2381db242fe1835ccc3d5f0ab7b0ff9c0d8db6886b489f5ad3f,224,-1,-1,654336,718336,747520,750592
c47b6b99cb98f43b53072ad9a206344e93474cf367530938b5e3ed2c5dadae62,-1,-1,-1,-1,-1,-1,-1
97bccce6b1c34a70225171d6b9b1e23b5fb9a48bd227dd826fd42df982f61ab1,128,4096,221184,643072,634880,589824,753664
73dbd67dcdbaf1a0d13a3e5535b567afdf0099226aea83cd344cc60115ffc7ae,128,4096,292864,694272,738816,748544,658432
15c4d9f59f21bb1fd61cca454dd2fe5c1e3138ddb49c10606da8d58af85f5dfe,264,4096,237056,751616,654848,578560,294912
c79ae505630468c5cbad109e24dcd07fe9409b4a6ef549f86b6ead87624f45a4,-1,-1,-1,740352,735744,679424,730112
831bbc05dc061f82ad3fe3ef08bdb7157e341d2b38c9cc21a3e06b723fe743ea,-1,-1,-1,410624,701952,659456,753664
5a19aa2731b26699026a2460bb08bed2d8748c8eac388b5b6fe8e956bcf8b96d,-1,-1,-1,696320,-1,-1,703488
05169c1246086783f6249a8c3eb90409ab857f9bc304cfce7d99d716cb643a72,-1,-1,-1,-1,-1,-1,-1
07824032e572d8a9ef7c4d930ca2850798bb4b366f00348ccfca02b1feea866c,-1,-1,-1,-1,765952,737280,765952
a8a8cfb044005b72c6a9fb50267c7b70b8ec6bcc2a273a90dc18750782146f4f,128,-1,286208,744960,193024,646656,670208
9c909df790f40c00fbcc681183a8c93993848930557500df62781c574c08b77e,-1,-1,-1,753664,460800,749056,753152
5b2d486f60b1d91dc1752d044f6b21c075b336d7cc0892bfffecae80b019a8de,-1,-1,295424,461824,732160,740352,719360
704b8c3aebe3f7fe3470bfa0dee0a2065261912118ee1d5bee4196972ac8498f,-1,-1,-1,629248,730112,729600,-1
24865212fc0f32d90618fce2fd8dc5c78169f89d300547515b9459d5c805a638,128,4096,294912,622592,710656,651776,305152
c1e0f232249d43e2c5cd5ff964624864863b5b93a09bf73090c617f5a97f079d,-1,-1,-1,552448,750080,-1,656384
943a1e6b85d3b0f7b30ede2fcebfc64f543245c5fe8b39e4165ea6ab67676d5d,-1,-1,-1,765952,-1,-1,692224
2f036a82990cd2bc34e054a089f7b8a6d5ede4ca6baeebee2c813349d1219bda,-1,-1,292864,737792,686080,546816,749568
7458ddd391b70fb2a3a91d4a4eb167d20df627d768dd0d247dc09678054178e0,-1,-1,193024,589312,737280,750080,747008
93e0f7c41f4e4a8f76d6145f66fa0c9e6f807acc0ab0e0fd261d12049ebc550a,-1,-1,-1,753664,753664,753664,753664
14b67aa4bd30d8c141e31733b2820036038a11b40ada170b25a9733d62ecccdc,-1,-1,-1,692224,765952,724992,737280
b17d1a61e987c2b5159004052c15dbf1e1dee285d27750fd73470d7d930cbd3b,-1,-1,-1,622592,512000,679936,344064
ff7c9e3a536daa4890e9588378c296fbe94368c7ffbdb8738c0cfb76904db940,-1,-1,-1,630784,462848,700416,765952
12dd5772700ba3705a7bde9f5e62bd83abbf589d551f25d78a4072a2dbbd151e,-1,-1,-1,696320,684544,697856,704000
2fc6d5fc243677b617e4bac008924303d260b561be9e0750f1e5a73904eea53a,-1,-1,-1,589824,655360,696320,643072
819a3ea4f4ee1c2d5f7e3115b52e1b3f55703129372cfcd567fc407f9f5770db,-1,-1,-1,620032,749568,725504,659968
132a64432aaca0bf95d963f9ef83bbf0bb34f17d3687bb1e55ff4fbe598ca951,-1,-1,-1,446464,524288,724992,704512
ce0be6fa10d895c56daadeb21eca4692a2b9e8c5e2d3b5a5421114c578bba4f6,-1,-1,-1,638976,704512,761856,716800
fdb78bac120f7d3034bd66410b3bdf20096ae789407de17343b5127594d3c31f,-1,-1,-1,753664,753664,737280,737280
82ee85ce4c99a50e67bdf20a836208c10ebd4f61d74a541ca8ede2296434a61b,-1,-1,-1,-1,-1,-1,-1
d9362381c1ff5e0f9c5fa03a23d6cd508397a392901d9a6a8a620cf8bddcd4d2,-1,-1,287680,746944,750016,603072,457152
6028e3836cdc2a675fc980ce6632e830e6a581aff61ca65a36cfd13323a42e41,-1,-1,288256,634368,749056,609792,637952
ebb5eca2ca225bf1117768ce61c6269c0a661fee0d92940c9a96b6c89528ad53,128,-1,289792,725504,754688,662528,723968
9b9abd81c97887eea34dce8fa85d62243eac55b1dc4eb4a4d7317377cd179f04,-1,-1,184064,287488,456704,-1,-1
f52609bcbcd5eb1478735b01bf1089b50eb007e62d622d09f5a6be46c6345120,128,-1,17920,509440,749568,731136,754688
2166be6c9098279be125aeb131a67d2665dc04927446a03e2be682a259c1e742,-1,-1,-1,765952,647168,741376,679936
b30aa569e8d06f97e8fc8d32c6b639c3de8bfd6ba7ae5f9970508aa68357be32,-1,-1,-1,-1,-1,-1,-1
4589a3d008abb0701815391d3f55b87349350b8e70bf5df53437f91fd1b6e094,-1,-1,-1,671232,752128,690176,-1
5a3e4b325d6285da6e9223b5afdb4b85fe74664667e09c10e1445a1e718370f0,-1,-1,-1,663552,720896,700416,749568
046ccf3ffeae68abcd42aeeae3115c5992a29c2a9cc5214139e7e36690e5ec9f,-1,-1,-1,-1,-1,-1,-1
03cf7e10966bb5497261bd387f3b9532f70a3f4a245a6241ae75351d7745fa32,-1,-1,-1,-1,-1,-1,-1
c0f441ebce39599eaaf01df01bd8cd9c164cca991b04a19252c12372acdc3d57,-1,-1,289728,741312,750016,667072,750016
7c5713519f578683281ce7bf437fd92773f3cecc58f8334aab20db80d7a4bb92,-1,-1,287680,750016,750016,750016,709568
e19fde2b57c6721d43c4d53abad9bc62302897fee965df71b18dc8b41c4abcb2,-1,-1,-1,718469,727685,572037,734341
44b396d90f541970e6afe7d9e4e5d63c8943221a8e407bce5fd35422db93f126,-1,-1,-1,618496,757760,741376,741376
5b2bd21529a78a4254eea1f487f5596c0e933b5e1a7ef2553adbfddc860f7912,-1,-1,-1,482816,429056,751104,753664
c7910f178fa184f76a29af728e029b281d019dcd17f4a0a48bc51e6a0559017e,-1,-1,-1,749568,717824,706560,746496
91fa274a7d683d544754f90ebb434055fe0f95daa5b6d84bee2c2fb0db65a584,-1,-1,-1,736768,689664,749568,749568
5e50e7c5292bd620d1084ad15dabb37a35cad1a8f011d390c311e42d96dcd050,-1,-1,293312,603072,738240,750016,693696
b09b4a3ce0e103f3f8edc27a03164cc26eaa7a803e84c262dbee4311070ea8ed,240,-1,292864,628736,726528,728064,718336
f2bca4d69dde555b626b1f0193037537a7c8639efe98bdf73c41b61195deba97,-1,-1,-1,696832,667648,749568,-1
abfc5f69c85b47ad9621fafb23b1116995db449568921466634fc59693f749ff,-1,-1,-1,741376,671744,761856,688128
26a95f34f9cc3673ba6d83c86e32bb8f942ad01691c587c31057ba86b15300bb,-1,-1,275904,672704,729536,713152,746432
9302964f364bc41d06c718625d8123b1512d1f079d71e65cb803a3b3268e2fac,-1,-1,287232,744448,750592,750592,739840
295f209c94f207deda6b9c06f2700e829f3c54495a222db857d068ea6fe88682,-1,-1,-1,-1,615936,732160,721920
924a5542c9f8b0d693ccafb25328959078323b3d5b93017f1d8ab697fdcbc582,-1,-1,293312,732096,750016,710080,748992
095098b74d141ec454af529fc7c6a975eb1c7f021866d3ccd033bc4772db28c0,-1,-1,295424,494592,623104,700928,742912
67e740ef7a99eb0dc7629b501f857e6295fca5f41d51b0e32f34ba3fce80cf46,-1,-1,286720,692224,733184,749568,753664
88c2e63b34b0e44b5d114e937e070c166a4214d98f566191a8c3a41446fe559b,-1,-1,292864,632832,749568,708096,741376
29b66d95872f873841bb7848eeff0b7f47f28d2c8de2d8440e98780d5ddc6472,-1,-1,228352,749056,747520,749568,746496
7da4aaf4c5219fe0143123e3e22616c09a7865464ba544f7ec5a99a234356768,-1,-1,-1,750592,658944,750592,749568
30625e69020c8fb94833ebe4f656ccfc6083e991bee47e59e1f7478603129f91,-1,-1,-1,355328,693760,-1,633344
2a4bf0696263d2bb64e267e59208cc5a1f7f9da0718543f701c8fdc658ebf0b0,128,4096,265728,673280,734720,729600,727040
f210b54fda34b415c4046a832c04ef8fe9f09e22697cfcdff23966da97b87d53,-1,-1,-1,565248,667648,573440,708608
9d3ca3e6e224314759842dc643c35214903e1e66fd22e6797d64c1f3773de19c,-1,-1,292864,745472,717312,749568,733184
c08e61ef1a3a07c9009f1ecc7ae2926fc3fa0c84ff68ebfeda5a4930686e830f,-1,-1,-1,718848,746496,738304,749568
bf83cb7b0636d1200a854854235a571428001d786842e1dc16b8a1ab9ca3a21d,-1,-1,303104,729088,733184,729088,757760
cb51a007d893ce44be6645f08291c0a25d50e3285343ae3807268070763ab282,-1,-1,292864,622592,749568,749568,749568
729a9c26e6117b3e2ab3ad33f5271d316f97d20dd9a7c168be6bd75de1272a13,-1,-1,292864,738816,688640,749568,714240
423a837f964607ce52ad4dd40730c054e435a8b0288e4ff05d5ffb5ea4219bf6,-1,-1,-1,750592,746496,750592,-1
b875fdc61ca06bdf3a2adf65ec3fb7bbb5a85d81b3d4d7457e98905d002b71e3,-1,-1,290304,597504,716288,750080,728576
a4007682e4a92d666420b01205ebfecd965f6e47fb5e6f9a1f60686fed470df9,-1,-1,-1,576512,-1,703488,735232
01f9116de9a9e077dc0fc4225698cc5a1b28165894a0b102a56c559b46e05381,-1,-1,292864,750080,749056,735744,735744
760c188ee9de81012c33a8510e82fbf175fd9ffbeb3343fa6403855174259ad8,-1,-1,288256,750592,720384,750592,738304
8750e8c818b3057ec945b36ccf20dd31841981a12f0fc1f743d3b96db09c2fc2,128,-1,246784,577536,619520,749568,704000
f6f5566ae35d43c77266ec27954ae709fd6cb4323eee1f13e9b53a398d987fe9,-1,-1,173518,718286,606158,434126,723406
4eac7609c4f719bf9cd8af7ebcc178fb0a242579664df4f9130a60688270e701,-1,4096,-1,749056,601600,340480,742400
9975aab619f504da3c99b3c00574531addf4a19444c60e07d4de8afbe9d81455,-1,-1,-1,663040,708608,722944,750080
0c9137b724129371b0e5706c33420c44adbe52d21b8ca255b26d5c7df9a81036,-1,-1,-1,-1,708608,704512,749568
a7df9b145872bac1a68498c498545b6f5e88242e3a304999d1c5910584f8c6e7,208,4096,4096,491520,565248,581632,585728
67d6328493012e7f8aabb5b00388a393df9b8b856016ba10cee316e3b67a89ce,-1,-1,270784,750016,675264,718272,712640
71469f0e99a9c0f71c911c26f33a57c3ef36d3778ad4b7f4fbd755286079acbe,-1,-1,-1,-1,-1,-1,-1
cb1968658ca65a9d9c6cdad22fa6f7ddaedb4c60fa720daf2873b49d746a77b0,-1,-1,293312,738240,457152,709568,637376
8cd186247a11f8be5f16c445d6b961c809919205c7141aa485997781ceefbc22,-1,-1,290816,753664,753664,753664,753664
4d6321c75c26a75af9dd2e266b53daefff200102be9965478bd34e275bcf2130,-1,-1,292864,466432,743424,637952,747520
687e673794df911bbb3aee2cd40bb2710335df95aa6a3d9c1caf8f5a234259c4,-1,-1,-1,563712,726016,743936,745472
9004e64909577bca528298c91fa1110aff9ce274e483dd263578e10f4bcdbd5e,-1,-1,-1,574464,752128,709120,674816
10575ea11ba8dfc92879f2ab5a234771a95a4969f9f7d5360171b27640e6924d,-1,-1,273920,745472,749568,724992,701952
6858dcb3123d292a3c56e28967f2818c790f49a6916a30e2c06fc99519f84ed5,-1,-1,-1,745984,750080,750080,681984
a4e0483f0686fa04f32ab35e1d9a0b3e4201b5229dd40038931395ad026d2ad4,256,4096,290816,577536,663552,462848,737280
276b2abcb4d33af8691da1ba3fa791e81f45bb94ff077650ce903d29283e6144,-1,-1,287680,750016,750016,660416,750016
9da62d065c91bcb31ac8eca7f26d484789e893ecc991eaa182ff9ff2bb2d4795,64,4096,278861,748877,537421,748365,753485
501ff2c5497c4321f62a3f0318c4486c31331f9a53d896826b71d678569e7988,-1,-1,146944,693248,-1,741376,689152
2d2693b5a9a0507471f3d7f5c09fcb385cfdbd275fa94726fb121dafb5a9a253,-1,-1,288768,602624,749056,749568,710656
fde336486ffb9309151f6408d5080bcd1956d4b152cd866ff3c04b6e03cd5459,-1,-1,-1,749568,749568,753664,701952
0cc35186bef9104b54765ed8c17f9c60ddb90868d217a16d12080ff763a9d623,-1,-1,303104,462848,741376,761856,-1
a06c7295f2130709795fce5d6ee6bc43ece7be6c1893258abb1485e8d9ee5fca,-1,-1,-1,603138,750594,715778,603650
26f7c4802ed89e551a91a323b797cbbc96004325828225f2838711693a0b947c,-1,-1,-1,742533,721029,425093,722053
5dca7632b0fd866a4313481525514632e72428d117f188ee49cb626a272a711a,-1,-1,252416,700928,691200,740352,741888
1dac40376f4f5b8716087b9902f0088c6026feac690851328f7bbea6d23e58e2,-1,4096,292864,749568,681472,712192,749568
f1b6efcad838236379af0c1f8579f0b15b14c0452187e890245daf9ef7e8e638,-1,-1,303104,765952,675840,581632,765952
b7400d3b0e1252f707b3f9d8934e52097419fb664dcd7f83a6eeeed10a8d0408,-1,-1,-1,650240,-1,500224,728064
a3cf47c636a07bb5c9340333517e4a404915d347fd13de1dfbe8b95439634b8e,-1,-1,-1,750592,750592,746496,724992
e9d0076e70a88aba1da58fb4186612f23de95941d7c00eb64ae97304b931d7e6,-1,-1,264640,645056,746432,717760,731584
9b27e7e948d782ce81a7eea599c953318848f8841d590a1d5cc57276ed307ed2,-1,-1,-1,634368,721408,752128,736256
60f8ba5fe414da6f4ccb140714759ca2dd8c644ca04bc8ec01e796479641c6a0,-1,-1,-1,720896,-1,753664,745472
1238f55be785a9eda9a8dfc785b055b29b15e0ce7f0f79c571c93daa8e4451e2,-1,-1,303104,700416,671744,573440,737280
2189475072643ab7c1d6ad2ae5168ddc492903d306309a3341a3ca1327f6e54d,-1,-1,-1,-1,737280,-1,749568
6a9278cbfa627e20a87437fa0889096bc24024662110b61ed109618c520272c4,-1,-1,-1,-1,-1,-1,-1
0ab7cef9b9bb6d532ae9adacd24f7a7d22d54c817e62eaba79bed9b0823488e3,-1,-1,-1,749568,-1,630272,-1
95d8160202214efbc20b00ee3ea3adc924f09e09cae09f4d0e372a3572eae81d,-1,-1,-1,-1,-1,-1,-1
57a68f862d0ebb41bcb9810f4a3f8a9869570735124e9338e60ad6b01c3fab69,-1,-1,-1,724992,720896,765952,720896
59fb8a6346cfc46ae63c5763ddaa5580a343eff24a9051b6ae5f0feb723e176f,248,4096,287744,443392,623616,748032,750592
1d8441c0337ad4311027db052e201f5fe9834704531ae69dad814fde74574222,-1,-1,294912,743424,306176,743424,750592
397aeaacc1e9152382c99621f806328e4f5d8ecdf2530fa9b520a1833566cb0f,-1,-1,299008,630784,618496,634880,598016
6051a66b0ded9bc41182106ae32851d033236f6e83da409e2fec9df110c32b90,-1,4096,274688,670464,750848,462080,353024
3e948a3fd3ad2d1e0ed6776e01bca4d2984fa637c32fcd96d905a34ebe3554e7,128,-1,291328,651264,750080,723456,652288
a33dda443dc270669a1f3076d341a15fa83624b1205c553ce245fde438e5f5ba,-1,-1,292864,749568,745984,749568,749568
6993bcc7c62cb69deb69e40beee68618c3ef4968267822fb566dd7e0cd386c57,-1,-1,-1,489984,752128,740864,648192
896588e397f78468095e6eab9ec55a661b1a911c4e6bc743cb585cb132c7dede,-1,-1,-1,597504,714240,750080,750080
191729299e972d7726cac24d68af18085c365a16550f482db5c977efa9a59e2c,-1,-1,-1,751104,741376,753664,751104
9ff014d4d5b27dd77e2d80228ca98b3bd80e45c5485bf6c4f0bcee8a20e4999f,-1,-1,-1,750592,-1,750592,661504
61af6a787cf77eeefcb77184e79b764095b31e07cc2dd796007920429c3edd4d,12,-1,-1,-1,665600,-1,748032
c8e9cfe42d3c5b67cc6a2f701311ccd879854a87fc2f42a8276561acb21a2ec4,-1,-1,294400,641024,707584,744960,641536
feae1a302b1b09d78bce7bab8048fe83b9b85e3217b9189fa25d728134eff305,-1,-1,-1,-1,-1,-1,-1
3db8060f1a4ae866cf13faccd5855f005967d413ed25f026f212979438effe44,-1,-1,-1,738816,749568,749568,744960
1844e6c235714046116773f6c8156f7a975e90c98ecee91c3bbf00ba482a119a,-1,-1,-1,757760,729088,753664,761856
acf73307303bf3f3d722cff8f548ed3d079d1ec8a1b12dde574d0edab58752f3,-1,-1,-1,749568,692224,737280,765952
5560b7face6dc2ced0fa1c0b4ed6966078fe4b4dfdf854f1c1ea8b9ca42d84ac,256,4096,161280,89600,84992,387584,49152
ad1403fdf8d3bc2a459d73f47ca8740e959f307251e083490b056008ddbab25d,-1,-1,-1,556544,556544,-1,749568
1dabbb9b6cec57a3d6cc6de717cd69c15be2475a29e9c69c0c8e4bbdeb2914db,-1,-1,293312,750016,603072,750016,750016
cf682e1b49f7463c1db32c8c585783ad81f900be19be1e4e8acccb3e40e332fc,-1,4096,295424,461824,657408,734208,754688
caebfacff7610232b6d8313c615ea5b5aa01abea25be1f5faec74f4df986d1e3,-1,-1,295424,493568,750592,747008,707584
4f6fe5b58a710266599a6e52a4e8e5b5a8209ebf9f2f00d6a3607a802e7f70a2,-1,-1,292864,744448,625152,744448,749568
b27d4771f2a249ba2aee533328e9d3ce7ad5aaf69990a39ffcb7bdb03132b3c9,-1,-1,-1,765952,724992,712704,761856
b781e6d9a3abd0458643abf34f76cdf2bd846790673019cb36a07ecad22b5afb,-1,-1,254912,750016,750016,694208,711104
a3443f0446c95cfb1c4bd5ae124249451d6925da6dddccbb38770f58a2cdf89f,-1,-1,-1,742912,-1,691712,743424
ffac21b602758ac86919c5b09f14c64fcb5cdba5d16eb08dd2d98e32ceb6842f,-1,-1,-1,757760,729088,544768,765952
232f926cadf30730eaa8b3a08b9f3e76e378c85ad2e46b1cdba57e12ff1ba704,-1,-1,-1,741376,573440,479232,741376
966db1bf11070d8753edc526491980fd5d50730a18615ccad4703fa10288b0e2,-1,-1,292864,747008,749568,749568,749568
44bac134eda644016a8b033b68ca171d2dfc714e99b8b5980e958257e84e02e2,-1,-1,266240,750080,698368,688640,704000
2dc1cd25ec200ee43407b59b6c064ca8db78a467caf935825dc346a340980223,-1,-1,-1,-1,-1,-1,-1
f3973730591068e1ef5774d788d58f19bb1d478ea5109b4d205065aebfc4752c,-1,-1,287680,742336,740800,750016,732608
ee840cad8d979e4aedc546f3457074500090fd1ea0374d2aaa829c3cc737d2ed,-1,-1,-1,-1,734720,683008,736768
a80dc1edc0474390bf270e2885b2cfd12d60dffd18e2fd32508c98fdb901b3c4,-1,-1,292645,526117,648997,698149,677669
df096780dc2cfadd804bf9d11025c1fb7a68b98234a1f17f53dbb90982262af8,-1,-1,293312,745408,730560,717248,692672
5a4715d863ff23a7e02cdca06d8cb8188b60b8fc604944565f243d9fa66e7ebf,-1,-1,-1,632832,744448,749056,747008
16e5d522ec2ec810c8e73527cbe9ee547d81f2f11bb42c8dcd3e4689bacbe899,-1,-1,294912,722432,747008,688128,668672
271fcd9b672eeb1e4784c070ba34c85d29df3a254f39cfbfe908d2396f5e3698,-1,-1,-1,-1,589824,667648,696320
b4bd8dd6911b614678fd7219488061681d5830ec4585596066b29729cb911538,-1,-1,299008,700416,647168,765952,704512
04dac855409418fa8cfa74f3a567745765a8324f76fb0090f1c4669024ab2576,-1,-1,-1,-1,-1,-1,-1
d2f6753c406c0c9b3aef80cb4516cecde39f401b5f29a50037b25ec2750a17df,-1,-1,-1,750080,750592,750592,750592
a42ef003d71a0c76421b1cb22f80791225d7355a183d56a8931173b141b9b7ba,-1,-1,-1,696320,765952,610304,741376
355be728fd433c52661c4684ed14fcd6c080db18fb7cb8079733c5162cfc6d43,-1,-1,-1,-1,753102,724430,-1
193e612ce01ffdffe5c568f02f989e2a4eab891e0b051ffb2d5742b4e8739d11,-1,-1,-1,649728,674816,669184,734720
01b99e939a31f54cbb6bff61112f04addba484443911fadf6811d2714348402e,-1,-1,-1,749568,610304,749568,749568
356f6c60589488c0488987dbc99006e9c0d4f9d556bde316e77fb89c62fcdcba,-1,-1,-1,643072,581632,-1,-1
603f553bf69cf6190d60c71ad1437acc26489a06bc195e4e050cccf34f7b3a49,-1,-1,-1,662528,748032,747008,693760
7a117eae31fa4afed4ae5ca8f45d359b93f62b900f80dddcd7ad51587a678473,-1,-1,-1,655360,765952,675840,688128
3468b57a70a2fa772a1852d18bfa6e183afa4249fddfac968c08991c698f89ac,-1,-1,293312,615360,709568,665024,742336
6aa4749a4c89e0afc92841282adcf0f2688fef7454a6e762b865da5e8aeb6763,-1,-1,264704,617984,699904,634368,749568
0a3075cab39efe77f6ee4e174c9850cba97eb0ff1c98afae43a39728eba66437,-1,-1,-1,-1,679936,712704,712704
9dabf56f5975c18ac960e0d7aeda523c8eeecdf96c4ebe3d37c29405be4210dc,-1,-1,193024,554496,733696,649728,733184
d4b9894c4501a334ebcdfd73157108cd1baa34a482412349202cddd08742f6df,-1,-1,-1,-1,-1,751104,746496
30c8675b841ae6dd49a2d7f9038cda58f09ab28e209477f62ba9828ad8e359bf,-1,-1,286720,765952,749568,724992,659456
ce8ba7495e14eda461c540ba3a3166196ff950b0e679d7a4f81b6d1f85a9e84f,-1,-1,303104,696320,663552,536576,737280
d2cde9d73bf70751b1b16b3a0d6b845a288c05be1decf78201459a267ccc5623,-1,-1,261632,451072,607744,753664,669184
f4deef29a91f4c2aabeb4975c2db27f00c5f2e1e321147e6e757ced2e81726db,-1,-1,292864,729088,749568,624128,749568
c62f2ea5f486cd8c312c259d6cb0c18f3cb0952b31b9886b799e84458511bcc2,-1,-1,299008,765952,741376,704512,471040
8c73dcadcf789be150b3b077e47668e852f78d372514c72f555b85a5ecfd9492,-1,-1,293312,597440,651200,750016,652736
4332f8a2a2c33324e86f48f7eead903dd347f44817955bf4ca19e50c18b54d84,-1,-1,-1,663552,610304,-1,716800
d748ced5f517f786940f737d73b13b2249fcfa3eb56899ac00ca500f01bdc083,-1,-1,243200,691200,632832,656384,749568
02e61199c714b612969cbaa18b79f426d17ff95b4c13b9fa6aba130e07ae81cb,128,4096,292864,690688,549376,705536,740864
088922c3a2e30bec9e738725bb47242900a081de6f1adbf40a2139dafd8a14bc,-1,-1,-1,420352,586240,704512,744960
21d302cac4efbd5e5e2142a944a9b970dcfa5182b7739702e68d686b418a2f9e,-1,-1,-1,-1,-1,-1,-1
2e35d5ea44b8bd36fb5877efc48632eb687ac04f5b6c5b935b6dd7160df8539f,-1,-1,286720,729088,737280,765952,749568
fd8e3d2729f17a44d8bfad916d5ab3c002c2190a95ae7ef72ffac979549ed9a6,-1,-1,-1,-1,-1,-1,-1
59557d7a9c2e00e68d36577a1fd9b41c0f5a2e19a3434e3c22fed33e6c28f14d,-1,-1,293312,643520,642496,750016,742336
c3ca9a712e9756fb029b296844fcd8f49c6b2bd527ca3120eb3a95d610e5a3eb,-1,-1,-1,666624,754688,753664,736768
9a0ad0476f00bd2196c887ad33f30f1e071d993eac236ba5850be7a1c69fd7de,-1,-1,289216,642496,655808,693184,750016
e0b3dcfff51d7620648ebe3b256006707e61882071e3ee244bf2bd1619fd9941,-1,-1,292864,741376,749568,676352,670208
d14709cbf22435fd2f1b147e6da0077fe38a8bf1409003e08021d5424d65869b,-1,-1,294400,753152,753664,752640,724480
a45eec493aedfcc2c64656ee9fa9040dda5c0dd9441812616bcce48ba0df8de1,-1,-1,-1,716800,-1,-1,757760
fa0ee0ca23ebbd9bdbf71ddbecc59eda1ab22cd06b4888bca9b91bcb29fadcd2,-1,-1,288192,672704,750016,703936,669120
d035e1c6901d8f8432340fc5afae7e4b6c73bf5125e8518c39ed408d702be07c,-1,-1,292864,729600,737280,695808,738816
b2584dcd8f53797e63cffad7568b663a856659b6dd1c3147e532ac49e8cdd25d,-1,-1,-1,634880,765952,692224,606208
75416b8a4046bcc7fb7286f0c05d7c57423d345556f8bea4aa2753ab8ef2c20d,-1,-1,-1,655360,659456,675840,749568
3aaf16874ff7e3f1c90243c5773a2819a8779c380e3147d0dd6330da2d3c7040,-1,-1,-1,750647,491575,698423,684599
ce2b510059fac94a046a17599bb7add2ddff8192927e6c4adc7d5cad38d27a95,-1,-1,293312,750016,632768,673728,750016
3d39ffcdc059dbb5b8567d567be64c63618a0699a951e44e63453a6bb125eed5,-1,-1,-1,568832,724992,749568,702464
7ae5ed08ba1823bbfe2b5e1b9f0f5c3d8e69912133b61b7c814487dad814f7fc,-1,-1,132096,-1,706560,-1,-1
13e7a3eb3930589c43541918395adfc743253a1d703547887f2cbc61ce34b2f5,128,-1,108032,667136,747520,689152,706048
2dd72dd3e39687a40b66d618a417688679c0164ba750cd9bfec3b299b14e7180,-1,-1,293312,750016,750016,744384,670144
43009ce448fb67a6682140d7bdf6ad0ad49ab8fc5ea7faf3bd54ec4e2596554d,-1,-1,303104,720896,753664,-1,688128
f024886dfd69ae7efe0cf7a145121119851513641b9734ab987925d033ecefb3,-1,-1,-1,560640,744960,750080,749568
d84de41e6b818762d3ab2ec326f87c489e733e89b07c2f225111aaa40f509424,-1,-1,252416,612352,503808,750592,726016
5179e4140f8cad8d0598ee3c7ed9ad82a782ce390be9d7230c00e0bd83b994f6,-1,-1,283648,749568,749056,743424,749568
dcf6be924bb55f1ff4671be426eeba0706828bf204966584ce176699042ab194,-1,-1,-1,724992,761856,761856,614400
f7fd1d4aae4c03f2ded3d23757b10a052099be8f5ff16f73d389df97b64c50bb,272,4096,21504,118272,18432,43520,3072
574025981ec8eb2dd8367f880f5f21058327c1fa3c5309976881df0d071ac642,-1,-1,-1,729221,577669,600197,539269
a8a6ea1a2bcba70f21eaa8883b777c97943877a68d20f781d4cac68acfb9dd35,-1,-1,-1,753664,753664,753664,753664
0d3de4da674cd08a2c0e02ab15c9846a541ff6b506e41df58902d0e766ecda96,-1,-1,-1,737280,757760,-1,757760
0c63e459372262eca1f01ac0d249189ec624674d0b6996f30551b40a403dceab,-1,-1,293312,688064,750016,713152,748992
bf3f4de49e8271601d77b245f04b4792ca619876c1b3d7f72f2f9c39f9917281,-1,-1,303104,634880,749568,765952,757760
9834b1ade5eefe52774846b4266250ccc9b2d79df06e1e8f7f9bafa0a3cf9a0c,-1,-1,-1,765952,450560,-1,704512
badc0c5cb8ab117f933ea3caa6b903682956115daf8bb87d04a324678c015ec4,-1,-1,-1,-1,-1,-1,-1
4b34b193c5e687337c608928575f20ebfdaa7f9c152f836eb67ce909994d8139,-1,-1,282624,630784,724992,761856,729088
df3f1efbb5864f9a20557850f157617acb201d2f1418c1cfec594a92db9f07f2,-1,-1,303104,610304,729088,643072,753664
77952ce4cc6311f581ea951aedbb72959b4140bca7b1bec94f69529d2046d932,-1,-1,292864,617472,675840,733184,720384
e0060c1d78bb82e54f5895b16c0c301cd64d50d0705368f836bc3c5fb626af10,-1,-1,-1,-1,-1,-1,-1
a0ee7cc62686e231ccfb97c844002dcc190c5b4605afdd848d45af6a0466dc60,-1,-1,-1,716800,430080,565248,729088
5e2cf27da01eedda4205ccdfeb9ce34f18fcd031d34ac3f74b0f12c411b08788,-1,-1,204800,495616,716800,675840,557056
614cee5960280c37e47b22aa4c4c3fc347226a8e4c718e5581719d109c7321f1,-1,-1,278528,659456,720896,679936,765952
f272bfede3a2ed263f3455295d66a1f61cd150707c2d6c34a6a41761cc2c56a2,-1,-1,-1,476674,672258,-1,750594
253b559e3348dca6fa8001a960a3cf7ffa2c235247e7f838b441684f0bded59b,-1,-1,-1,-1,-1,-1,-1
d544e2ed6e776473fb050acb0fe3d5f03f8e1a7ea4e51aa72b6a7a58e01c26ca,-1,-1,-1,737280,-1,733184,-1
03e02c5ccdfbb0a66ec6968fa9782f94de430120b6f691e714b397904d7fd391,-1,-1,303104,765952,765952,741376,765952
ab0979980d9a79058619a4a52d233e13c950ac694001a73d8d73dece1af82a75,-1,-1,-1,740352,727552,-1,712192
bb137380bc1e5b31258ac0f669d3b366f57dafa4067cec42a1ce87c786c042f5,-1,-1,-1,528384,757760,696320,765952
57f1a4c82ad57ea4ce21514cf512c1c02133d8717a7c922941d575304e4765d0,-1,-1,290744,637880,744888,737208,518584
8bdbe0af6e929906b5f14232518bdf8a4c1aa10f737fe9e2caf2d8edb1f235a6,-1,-1,303104,618496,745472,286720,761856
71b578579c49f94e91db8d3bd661b3c8694042469fbb3c80b2636bcf548ba20c,-1,-1,287680,733632,750016,738240,381376
8a92a34e3cdab9ac619c65e253c6e9eaf2134c62bb0277c677f6ece78de9c00c,-1,-1,-1,734208,744960,700416,749568
a2fdc0b8373abf6e0677cbccf93f0732d6fd4d9c83dcc907be1f85de0d3f188c,-1,-1,-1,749568,749568,749568,712704
4177eeb3c7884ff5c1ba22106b44966b6223b022a2098125dfb6c1533ce04393,-1,-1,-1,726528,741888,636416,752128
50c9dadf218061a07905305420ce786a2496edc6b7e2b5a740333c65b780523b,-1,-1,292864,743936,742912,747008,749568
49495f6b2c96f65fa44ae3c6226c81c91e5ea77154ef0489685d905a47edfcfd,264,4096,303104,565248,684032,761856,753664
1a8324ab64d8f83492bae29a21ff88eb5b57206ab600a6fe8d70e00b13cda930,-1,-1,293308,746428,750012,624060,750012
a21d80242442571dcd197212dd0c63a7ab8a087ed135f19388d7d632c0c11594,-1,-1,-1,680448,749568,751104,751104
83178df3f936ba36c854c5c2364808205b1483b234bfe1c09d517f5d39d7aee9,128,4096,249344,689664,577024,689152,658944
eb7db4f82bdb09af43cbc0894a6f41c04fbd21f19196659338e80100e41771b8,-1,-1,299008,471040,614400,581632,765952
fc3f95c4cfb95164bac66bfd503e388cde89a9b0c3a825b6a739f30b03e6a6db,-1,-1,-1,603136,750080,739840,681472
2a29d1d8e85604ec1d3f54a6ea61e6763f1b3314372f770dc746ef72d1a33a1b,-1,-1,245760,503808,462848,757760,765952
48f10e7c7ef6ed9511fc225e7b8ef7be39d32a3653febf7307a784c1d9eeaaa9,-1,-1,293304,634808,618424,750008,644024
bbab0e565d4b42df7a0a031eb3ad24b9da0abe365cf86e0be4ce00dad9298d8c,-1,-1,287365,729221,744069,749701,749189
76ae207d7cb7ad9e624f857527035b5dc679d2754a24a877ed4ec0c92e45a78e,-1,-1,-1,750016,750016,750016,740800
ba186d2cab4ffd2a9a76870968a352f9e31f314c44ed0ccc396c8e2c4332d406,-1,-1,-1,-1,-1,-1,-1
a33603119b5cccb0ec4d766be811a5cec68d1ba410804b84b4a5c6546d979c67,-1,-1,303104,-1,634880,741376,716800
95a9e1e3a5d7c8f62475e3d3ebb614241c732f6de815e88e9c028c2effff1190,296,4096,303104,716800,765952,700416,712704
b5c5e6538e85836e08782bb485eddd9d13cda4b68942916dbc8b291a2fa82eff,-1,-1,-1,569344,692224,585728,745472
e97ae2c7dc9baf5000419bb18f89ed87f5b0e003bcc9bd780aafa71d9603787a,-1,-1,-1,753664,688128,700416,692224
38dbc1ad8e6f199606527a4ddc92d52c88162c5d748f0f23a253b92385ba4ec0,-1,-1,289728,750016,746432,750016,684992
15140c476d6bbafc9f8737bf1336755d7c366895eaf2a35694e0723ebdf7b29e,-1,-1,293312,750016,750016,750016,688576
6b17bb2579041a3e79a2a757d06703812778eb3852f1daa9170fac6f17bb7b88,-1,-1,-1,-1,-1,-1,596342
00c50baf52bc23e1459c2ac9e71b541b4675c43c8613c55dfe041dfcd4445dad,-1,-1,-1,701440,749568,745472,680960
65d5f8854520a2f54c0d4abc507bbd023430eb0714f3caa649fd0d3dceb27539,-1,-1,292864,688128,749568,-1,-1
d2a8c4de8fccc3c39039db5c848b26d2b75c6190585d89ac8a45b18c0f2c6958,-1,-1,275456,750080,731648,677888,750080
8e12cbe9311e2b2e38273cea1b8fd41c7a95bc104801cdf48dacb837103ecc38,-1,-1,-1,556544,-1,-1,607744
9648336a81216e63a4a6eb3e7c787f6c1a58f71319b22aa4ba7cd4ea062ec87b,-1,-1,299008,684032,712704,765952,344064
cc3e0182d5ed6c53e9446cb957d467964ee4173a703cab73617054b0a2a2d9c8,-1,-1,-1,745472,757760,528384,716800
7fd4b00c7a67aa9168e544d78d78a8cb3fcba9f6607b2bc89c2a4f2dc336d2f3,-1,-1,-1,722944,753664,671744,738816
44be5eb349da86edf2da1c38f0e0112c6fe2bbe416aefe1fa758b5405c9d3fed,-1,-1,293312,615360,573888,750016,744896
0de7999d195e019f1365788791a6083969915b1164a335d3f78169ea4d8090c1,-1,-1,-1,450560,724992,679936,765952
9628dc8256610b5cf25280ebaa06d0e6e75520430210c759f27d9111de2b89cb,-1,-1,-1,-1,-1,-1,-1
5ce5c5a5ad6615fe0f082ec77ad0045ed0afbdfaf060b423a95978ce461663a3,-1,-1,-1,-1,744448,-1,600064
83d5e9303a267957962229cde7d72e297fc385adde3bf09e118c0de00477ba98,-1,-1,-1,765952,724992,-1,716800
8153443bcb681b25a19f0ce58e14395bc10f5c634ca4e68f4e9ace246b3e70f3,-1,-1,-1,466944,716800,733184,749568
9fad31c3967656b7fdc8c50322907e63786a3f70e7f2fafa7c6605ded1830b32,-1,-1,303104,462848,733184,765952,749568
25a5b51c7158de47c26cfe3b486770cf80f267afcabf8a17559c749431d352b5,-1,-1,-1,719310,664014,-1,-1
69a193fba79fb6088560b13677d64098681a7c25b9220843939ed4fdce1bf0c9,-1,-1,293312,750016,681408,709568,746432
9d8df71e9ae9ce084ae33bd97ac39559ec095cc18cb2e560e2fadf2c1e54f125,-1,-1,-1,724992,765952,753664,765952
febdfa0930353b061358383b387db3f86516445445233a3e2f960ed6911fc832,-1,-1,287232,733184,623616,749568,749568
a620e63c3eb03e80679ce7b0889112f4c3d4ea591981439112f98ac5ff5fe76c,-1,-1,-1,642560,744960,411136,751616
cf7b8e06d2232135052310f01a99e012a535ed9122ad721d80f03da809daa2b6,-1,-1,-1,753664,753664,719872,460800
58bc4f36579261f08d725b7e05be8669b6103a5b1d61b62dbf3c97351991994e,-1,-1,172032,683008,669184,707072,-1
3218568b195b3804483436d12d68c9f61776c5c0923256590225da4c61084708,-1,-1,303104,724992,765952,446464,-1
ad1327b31067823f7d9c03bde7a5a16890950a90605f948d32a9ba687867a506,-1,-1,-1,544768,581632,692224,757760
a82112c86812679006ad688f19abe82434858e1c583600344ffae7250ce80762,-1,-1,-1,712704,712704,675840,765952
0917a5f26caf717cadae85f9c28747e899a6c9c4b8137ad0ca7feeaeb2388884,-1,-1,-1,-1,-1,749568,-1
3bd740bf8cfc70ea27b618c06efc5b76ec85ba9b23edf30228929cb442328b00,128,-1,13312,689152,430080,752640,343552
6c977f40a7cbf91ac28bbc33c41fbe277add151eb02c61990c28adb9fb1d3ba8,-1,-1,-1,688128,577536,729088,765952
a3402c1cf3a9428b1b9182302d0ccb6ee244f7fdfd6b5c36ed1bc14a0105ccb1,-1,-1,293308,750012,750012,750012,688572
ad5427d69ffebeb558d11271f12c337891960b65a88c4750d8d26c56c43802d7,-1,-1,-1,-1,736256,746496,723456
36462aa4442abb033fb1c8a6f5def6b4776ba240cc647ac5aaf0d204d0f8f75b,-1,-1,293308,690620,750012,715708,750012
f3e2f96ffbf65afdfb0907da0a3bb112238bedf2290d81eee74545fdecc3f50f,-1,-1,-1,753102,-1,-1,-1
e315a4885b8e4aba62d82e94a1c95cd3f1922395672801f814a932f69a04d4c7,-1,-1,-1,665088,677888,748032,732160
178979f6187f250763260651ebd31c5471d594282d136d7a5082218e81f1738e,-1,-1,283648,712704,719872,749568,743424
7100260440935cf1b8b3e490aa627473318fdd8bc9f2d26a7c59864132616e6b,-1,-1,289728,623552,744896,750016,556992
45f961f2bf029e951806de2f7ac946805c5249ffe2ccfbe16894d2b65b03e445,-1,-1,-1,745472,589824,757760,765952
e3f355c89dbbf2c1fbc34c66bfb6eabf9bbeeb9bad950526ab50ce5fec511fba,-1,-1,-1,717957,624261,629381,739973
2c5f2a920be820f16f7b8c77e9821ec70903c802e14eb290fb322d2e6b48c2e6,-1,-1,277504,723456,688128,747520,733696
7f1b9297dfde4ce9e4e9a1eba2f13af022812a486b90d3030ae5885c98cdedfb,-1,-1,-1,-1,-1,-1,-1
8dcb2b5dd4727ad80e2744c9870a7f6cff61a080474a872e5ecb5178aaa8ed66,-1,-1,303104,688128,761856,643072,655360
f5f24685d97b591fd107ed6ad440e03832a35162ccd0b82e584ffe087f103d76,208,-1,282624,741376,698368,714240,711168
bac4f53a66b2c16d8f1b26da96174aa30cd290adc78a0b1787f07b1f720e02e8,-1,-1,-1,-1,-1,716800,757760
d4f191e8cc1fd9d66e757bf85624579728fbbe49372c213ea7edacf7e5839274,-1,-1,-1,699392,728064,657920,-1
5039a075c2ab15c23b15aad23733c154fa7b620d958365821fdc7504cc3e46c6,-1,-1,277944,553400,680888,750008,750008
5621ae0c9d394374792010f0aec4efd306b209cddc514d1c256704baf8a85e0b,-1,-1,-1,-1,-1,703488,724992
e20a032310732be256e8d5555f52b01c690b222b3e7a4424d69af396f4a1ae95,128,4096,295424,644096,748032,754176,689152
43574e52228713b21521156d7f80889b788f238537d72b0449c255c9f073d28f,-1,-1,-1,765952,733184,737280,671744
d74be511167f2fae10e9a52af51b88bd7d269948269e281530e9934409db1f4d,-1,-1,303104,761856,761856,716800,647168
5f1395f642be93588b9a28757660a4ab780a586d8fae167b581186c68d5b4cdd,128,4096,252416,685568,579072,623104,733696
1f88aceb4511f11dcd521154ac9a0f81559be53f57c73bc38c3605aadc11c266,-1,-1,-1,-1,-1,-1,-1
40352ab3400cc5fbbf1faef26dac04b5555c199668fb83610db2f43eb6eff018,-1,-1,-1,750594,-1,750594,750594
3f4eeb827862ed1bd17065e9ceb7aeb9d1ca98019c776ce389b5d448e530def1,-1,-1,293312,725952,709568,656832,744384
522add8f6f02c682c1e5eb7430a941c5a81e933430bcc9f634b3e14a41af8769,-1,-1,-1,679886,654286,728526,721870
0aabba0eb56cb2f1dc06e43fd2f739c4d27894396a6af3a1a124a37ff0a555b6,-1,-1,291328,749568,424960,749568,749568
f179ce62a3ca431c1f1f0618838858c23814c6615f12ecb674a44778158e2796,-1,-1,-1,737280,765952,475136,765952
58f9d19cc54fbc1a07eac717fc8c2fe8d07627cca51703a952a40c47769fd266,-1,-1,293312,746944,500672,750016,732096
915ea3f7a646c3e95c5c2b866516f3811f8f5d35c69f59c54c48582e8a18f414,-1,-1,-1,438272,647168,729088,-1
a64c8e3659c2cfa87b14e70bf97558a0f9844da0c91495155631d105b1030b71,-1,-1,172480,709568,556992,750016,750016
f3f3f7a1594cc8b2eff5a5fb4d9bf7bcab8a5315067eeac73c9c3487fdab5b93,-1,-1,-1,765952,733184,745472,745472
9d4236189e778ae171ea99a976045925f9828a27267f4f4343353a7f5f334791,128,4096,282112,675328,593920,743424,658432
4d475506a24b5c01a583862fe1b61df02ebca2957ba0d6d2a30b7e1fdbdf25e3,-1,-1,-1,748544,503296,729088,747520
a5416d7805868b9ce54117cfd9484a7a7e865a0f6c883caab957622a9c63c41c,-1,-1,-1,752640,-1,622592,752640
b60ffaac3330a250310a22d7ddda2aea0fd4c644ca53412e9ea0722f9b13490b,-1,-1,-1,-1,734720,642048,713216
ccb5ce23ce18fa345b18f8a98a9b66ddec8f7fd3b65f30fc29acceadbf5ed4d6,-1,-1,-1,-1,-1,-1,-1
a269db5bda0b00d00b3ac52cc25e2bdbe93d7d5080e9aa884965272eab2fe323,-1,-1,-1,-1,-1,-1,-1
3ab094e0631d2ded637393a163ea870f89fcf2956431e7f73b55d9b8fcedac25,256,-1,292864,747520,729088,666112,718848
21ecb5d0883af14f09d4a2a05d3cd233abefbab5191ff7776120bd5c60c4e778,-1,-1,-1,552960,765952,765952,765952
9aaa1343e0dcd1a3fd4ce873437f102d7be405659181f23d73e21c2b1c7cb968,-1,-1,292864,730112,744448,744448,744448
ad67e1526e06a3454d534f4fb24d849d049dfd69dd1d55d86a49fae3ccea437d,-1,-1,-1,729088,-1,745472,720896
d3f3c5de91a35f9d7344670a6f59ad6d95c9d0f75c7a0b7ca02f5877c60d3998,-1,-1,-1,734720,749568,710144,456704
da54d25cd2bbf732f5fd086c49e47843da2acef9d232287ee567ce770bc1fcca,-1,-1,-1,-1,643584,658944,697344
2b209d471420e9f25972a62dc1ed5f83ee6fa066987d514d13ca0b6ce86f17fc,-1,-1,-1,-1,-1,-1,-1
e8d6d13a9983947ee9149667acf1e0b2e74fd08239f01e4e7d5227f70cd9902f,-1,-1,-1,742912,753664,627712,753664
cc25df21d7d3560e54c0062d8508d5b26c79251ede4805692a354a38288660dd,-1,-1,292864,729088,743936,750080,743936
5408ec4b027775f1cf15e6cbab7e2771c66e21adc7c2a1c933f8412679442c8b,-1,-1,-1,618496,581632,724992,757760
99e96fc7cd0596cfde191fe9322090da123c8f920acc4db2b3a7ec499e653c9f,-1,-1,-1,696320,671744,757760,765952
121e50ee5abde08b9c3a4826089e947c6d43856a8f99cd6ddc3e44d9d7a90fd4,-1,-1,-1,733184,-1,765952,626688
2f24a17f6d29da7a2e909d857c65bc6624a3209d33e3cadfb0c961ae9d88e0f3,-1,-1,-1,635392,749568,708096,719360
006654ff5f9fb3da539bf77f8779660cd5c7c04c4ad9aab03c76240960eacc5f,-1,4096,104448,727040,754688,694784,727040
b2e604db5c903b4a0243c82b1304c2f37ea30d9bbd5c593463868d391de893e8,-1,-1,277504,456192,-1,-1,-1
36d46a9a3fb7d223bbfe262ceb7bbfe57f09db9e9f73830f3993acd4d70fc8c1,-1,-1,286208,572928,736768,750080,346624
aa41131a158c4fb9f99be6a67ae7fc8b3ba3eb74a061dc70ef6dcbadeaa0cf17,-1,-1,-1,752128,754688,747520,731648
f9235606f161519f9766e34438f726f7f09f10b30c9453cf38a74a9d3358c04e,-1,-1,-1,751104,751104,671744,751104
ca848180c5756d51560eaa95e7ff765c52fdffd09ac3ff2b97d093302d0ba271,-1,-1,-1,675840,753664,581632,749568
595668b4f036891416d7ce637dc737a4949cc5aef4f6f2c4770467a895c786bc,128,4096,295424,674816,722432,754688,561664
c5d764e13a3d5cc73844e7ee7acd5cc286f6cf9030a005a0a12f12da5d744789,-1,-1,-1,630784,761856,753664,749568
08ec0f31d7078d3702d4447c4e8881b850dd4762fa0723046c9c104c68ca7cce,-1,-1,273920,738816,456704,710144,749568
cb197bfcb9093e7611c47663c3a64891a0122ede8cbcc3fe24ba05250252fce7,-1,-1,-1,-1,749568,718848,-1
9a379025042882c7f267b9345e17d2eeb8f878c55d8b092ff72b346bf5b9919c,-1,-1,-1,749568,749568,749568,688640
a51921e9bf3dbeefcadd55842cacb0e51bc15aa255be676ab9e5c7a2d2d5f879,-1,-1,146944,726016,694784,749056,726016
42eff040eb0a70620fd70464f274e23a630575d43772c3052988461dd3b2c326,-1,-1,293312,730560,668608,668096,742336
8c69f104867ede77f76c56a9595b8d55ad3d4fead6dceebea112daa7a873635c,-1,-1,292864,745472,741888,659456,749568
5461eb4e3fb9751c398dba2ff692e280339159fb26dd38c6620fc8297676b08d,200,4096,106496,561152,761856,733184,765952
f5b8a6eab0af85349ddca8dc41d835f5ad4c31d6142ef9fc3a9938fb07d2c551,128,4096,152958,465790,402814,382,382
8a5a24621b9645d97233f628cf8aace0fcefe34c3dd7b403c2ebffa598284e90,-1,-1,294912,438272,-1,700416,675840
e62d4d07a7860787123b3e28e5a43e45aed4bce7899b53f91356b96ab8db0a52,-1,-1,292864,663040,746496,749568,678912
f3bbb27a413d5b670bc7ccd9127e31bb305112c0d2f458d71eb25dc79345971a,-1,-1,-1,749568,749568,688128,403456
8206c88d88a0096035d49a9b703e0e738080c849532067a53cd505f525bd7c93,-1,-1,-1,462848,741376,765952,712704
f94587dff7c3b8f9bc6260155379fdd9743c7c872208d007711ed93132711489,-1,-1,-1,-1,-1,-1,-1
8433768a337bff69244b03c5d41dcc099b8079fafd501e3a72b177007bf2796b,-1,-1,-1,742912,492544,-1,-1
38ba0324fc6e0f96cf70f8a2c5a0c353f79db0297e051ccdb244dc9fa5cf9811,128,4096,290816,754688,744448,668672,725504
82f5b441289511dc39528efe7436d8fa5c7e754c71e9528a4ca23dd1b287c257,-1,-1,-1,614400,761856,753664,765952
3528f0aa7dc655777c0e89aeaca524f5bd8ebdbcf2a9710ba65cf8a467ea01b9,-1,-1,-1,-1,-1,749568,742400
55631083d052c429a001bb67ff9d1c92befd5bec094d8e4a4127890fa667dbb5,184,-1,-1,765952,589824,438272,638976
b1eda22a89b221dc817cd1fed285502b6750aa7f496379d46a1dc8803017bb35,-1,-1,-1,666112,701440,749568,744448
83d400f8048d1fb7dbeb37f5465617c6c9e0b4ed84758e98fcc8e8d96da9726d,-1,-1,-1,-1,683008,-1,-1
1097aa6697e7f3b669c5db2326a00daa90f46c8c95593d6c876afed2aeae6307,-1,-1,292864,695296,502784,749568,748544
66eaf661d46405b795c6cc54bd9d5ab21d2de7ac638f23755e1472e7431bf669,-1,-1,-1,726528,749568,749568,749568
47a2197a73d92783a9956c8f8abdd37184c5b29192b63efb6f4c39855e228184,128,4096,131584,749568,722432,749568,734720
2f4757831f4af59e25d51e8242aa182585d411ae9ff6c4eb9c9d156ee052037c,-1,-1,-1,738949,572037,749701,749701
48d2278624c05b57697819d6d36efec775ad28fe951871b17066be0739e296de,240,4096,270336,-1,-1,716800,765952
1e6bd5f23b852eb80061946b70fcb46f44850f910155ad41188bca2527707d15,-1,-1,-1,586752,672256,741376,689664
3d736c5f90a8e8714bd37e6be3f677beb45240843f7fe01629bf182cca00404b,-1,-1,-1,688640,746496,749056,750592
388bb8162945cdbdb6a254fe49ff6a99be9afa165bd9ad0a37d52f98352cd207,-1,-1,-1,-1,-1,-1,-1
efee5a77f704c27b404f7e8756485ec5eb37a03484ae2c517ef4e8d60f0b0f34,128,4096,292864,736256,733696,748544,693760
20368edd16475cbb845225c195d883a500f5c77ac76ae6bd071eb87bb9954bed,-1,-1,-1,744448,750080,744960,744448
85c5352c2052c12be1b7135550fafecd573055945c74019028c60786b1be5d39,-1,-1,290304,581632,476672,753664,460800
c88a70a64adf33bbd68d5a85baa8bc196f85cc069f42ad148de46ad3c830199b,-1,-1,-1,-1,-1,-1,-1
2eef951f9aa4a18a90f5c11ca83978b5c6fda5f5091d1c5a3030bfd009926c91,-1,-1,292864,749568,749568,749568,665600
9d86487a5fa5978b363fdff2a2c8267d744c05cf82ca7697cd100ad5c992ba52,-1,-1,-1,520192,720896,761856,684032
b742899647e047a62e9a4bccbaaf8589cd38f66740706e5f29858e608606ea5e,-1,-1,289792,607744,741888,749568,461824
4e8e245fd74ace30b7fac57123c77a5d860901491535fde63487bf946c62a2a2,-1,-1,-1,439808,722944,746496,729088
77fda6e8f4b179b2bbb7263c8abbdda6c5023517e964f573671d8e9d42109caa,-1,-1,-1,-1,-1,-1,-1
b07fb06e43252a810c2043cff375801d91d64ce0b9c2b914a988f5ef42092c16,280,4096,241664,724992,765952,708608,745472
6fd81ee789a50c1155c4440cd88675c8c520bcde1a00193e40a6ac688fa980ea,-1,-1,-1,-1,-1,-1,-1
146d07d01dc5d1677f2faf9623f6850cd6171eb495ea0dcbf4f623613427da28,-1,-1,-1,-1,-1,-1,-1
55dd5adafd0963966829232470b9fcb620f5c1a8eaf98b66ed6c35e5e45fe299,-1,-1,-1,544768,716800,700416,565248
4e5d94b5daef28c550eaee9c4dffc3b31e29f2000c742f81d434052eae106d1c,-1,-1,289728,634816,745408,746432,750016
584a79b170ee6bdf2283bea03972a4347dee6fbfa2c9351fd947914695cbc187,-1,-1,-1,630784,655360,765952,634880
c4728bb503c11acb4f2bb31d5b170ed74cc78f33cc6245faa81edf3ebc9ac859,-1,-1,293376,685568,735744,754176,726016
497047d439c0fd7b2be6c7923c588a62897627a058494fb0738e6924734187b8,-1,-1,-1,738816,747008,745472,741376
2fd4e54e874bb2a390a1a316d7cd9de55e82d7327084e44cd857e9f1db20497d,-1,-1,285120,750016,750016,750016,750016
789f655c34659985fb4baa12ac3e5173cf8d874dfb00cb496f22a901f9c5b1f1,-1,-1,-1,-1,608256,749056,742912
928fd424d4f8b9eb6b1a12b4ff36ff4ea66ff5a1a0449491cf46db19dedb7f26,-1,-1,218560,489408,713664,750016,615360
5d2f54f3e121110418088ea98a0417944c149dd1542e5013d50ed5f18d5bcce5,-1,-1,-1,622592,749568,749568,742400
7295435f375e2a8418cdb48ae271e9f789272e76cb21ab2e261ba2c4606266e2,-1,-1,-1,669184,740352,712192,669696
2a515469b43d4f8e79609ed5df3f5cad34b2743738d1011eb165398c74e0241f,-1,-1,-1,-1,-1,-1,-1
4a9502a28e3e1e2d895d15fe9bd17bccb6e1a4478cb1be8ab6ba2f9db7b5cba8,-1,-1,-1,-1,-1,-1,-1
4489c11b33dcde81ef14dfa6bb72b7f1aef89c631ca6c925fc229266e097b9e1,-1,-1,287680,718272,742336,750016,725952
3ded667d8bce7820c09a1c906bad0fe4578cc8828149151667a25ca900cd9316,-1,-1,-1,765952,753664,487424,765952
3acf1acbdb39df31dffc2f687436429d336af62cf964b10f7e7551610087595e,-1,-1,-1,765952,671744,765952,749568
697c9c8c0dffdbd24ba2ad11b97b1114d2a8d52f8c945e9744d4530c68707e54,-1,-1,-1,750592,646656,750592,742400
bc77a266c0cff31ce594d8f6be8353a9eb8fdb8261f80a61b19018adf5354386,-1,-1,-1,749568,745984,665088,742912
d27ef82fb5e1da34ea29f695755d42224f107aba5c4efe162c82fbb6f66d19bb,-1,-1,-1,747520,752128,630784,738816
94eede907ee1335d298bb223bd8e6a48c7337a0c53c9a0ed19a6ef63aa3c2b72,-1,-1,-1,753664,753664,753664,753664
eee508e8500b13660fe0a7e3736d4358c8000df304e198b333a34c3b64fbbf25,-1,-1,294912,696320,614400,569344,757760
01a96a3b215c40f6a6814f60d4ae4451a41cb8d33c918990bf99bdc1ab7a4627,-1,-1,-1,692224,761856,729088,581632
1f8f8d6865788e3a4d51552c31d326eb871e8aa89a60e408d011cde1c84032f1,-1,-1,-1,-1,712704,-1,712704
2e5eaa63a3d3734d2bba7760b8301e712990343f41401545fe8683950068bee8,256,4096,288768,741376,527360,745472,683008
60008ce6961113cd1a17911c2e387db0e4ec8fc7e4d841a959e83356042862d3,-1,-1,-1,716800,712704,692224,-1
251054d5dac0dd755d2af40376d790e404b6e0c66c15df08711e04f742672d9d,-1,-1,287680,750016,750016,748480,750016
a8aa6a8b07082c122ac8aeb03416500b0df80b56e7d9b2d3f915547a5eceb74f,-1,-1,-1,-1,745472,765952,749568
b5798461cfdcbd87f5ddd9415e698c1ac7cf3c033db8612067b046e07c06b605,-1,-1,290816,721408,715264,749568,691200
45f932376b2ef5ee7eb383e5636d324a1632759624fe68b49fb437f6ecaceee9,-1,-1,-1,-1,-1,-1,-1
0166ebbcc03aae6d12a0b1987aeeca23c8ac75f12099ef7376ff775f49712b47,-1,-1,293312,647104,742336,746432,725952
0cb30e2a56b81c959bb905f8fc13e395e7999ca1d68b7ce0374cd32ec4cc6f36,-1,-1,-1,-1,-1,765952,-1
7d008e4c2bb426a6b44c8f485073e1cbd7305ff1e6f88d4448cf9386c6836ed2,-1,-1,-1,471040,708608,765952,462848
593b2b5055cb354af29f218cdc5ca9d5674b8e6778e312edd8a9c0cdbc114fb0,-1,-1,-1,663552,765952,-1,-1
e91ab8c952bc4de7a78b7e8489c8e3f606e35caea18907ff13583c85afaca883,-1,-1,-1,-1,-1,-1,-1
2d017a1338561d5d0163ac4258d0c2571e327f3a8b4ba712c06a590f38460e6c,-1,-1,294912,533504,747520,653312,748544
2921fe229840407a965668f62fcc899125e1f477a3fa21af83683293b3db09c5,-1,-1,294912,757760,483328,589824,761856
8e8244b0726ee8ca6ce4307f937fe36ea9f6bb9255070d6e2ba5d99b9d49b848,128,-1,295424,752128,744448,633856,754688
3a79c00dc9577835aca3f9f0ec61d99e91e7123057adcdf0cd12e302892e9b7d,-1,-1,-1,749568,749568,749568,660992
2541f4163a9c56441ad272f9530d78f3caaab4e5dd4d690cb62131f333db7207,-1,-1,-1,761856,561152,757760,737280
e85ee3813fa9d5e0c59eed636f197ca1602ab0bca62f7d58902654b67b563628,-1,-1,287232,444928,748032,697856,749568
e4f8c27c85561d9dee09e84cabdb0fecaea7cd6fe9f29771e2fbed78267eb1e9,-1,-1,292864,712704,633344,749568,713216
b00a6ab6723dd408280ca3cc061750713b73f34b01888b4affddf080d2ded7f2,-1,-1,-1,667648,684032,765952,684032
cbc5bc48b8c2eca0671b6ac8dba5041fe37063229567cfdcc04293286d93f4af,-1,-1,-1,708608,679936,557056,565248
938e8a165893f18715359f3b6aab7702a98d869530fef84e350316bc1f936405,-1,-1,287232,742400,528896,699904,750592
49049f6fb8cebc7a7b4dee26addb64d991cad4984212b1e6451124da5556c7dd,-1,-1,292864,715264,744960,748032,749568
bd5ec27b8df0d819d5de4c6771dad06d165a4b3a9cc99b2d869fb00a2c973c42,-1,-1,193024,716288,749568,741888,736768
b392761b8cefe6e6614433b10c8aa8fa3e7061cebdbcb33b05415501811cd768,-1,-1,-1,731650,720898,750594,748546
7e92bd39627a76d2651b165d4d0482178b5b920b65892b966879b9797786aa0a,-1,-1,-1,-1,-1,-1,-1
e16f49a1ba7ffb621daf5889ebe2c581fb70197b5e5dce40b779efa39447ecdc,-1,-1,-1,692224,765952,704512,528384
6ffb03e247145a2172009fe8ba3949b2820cb2adf91d6c544ee66e5912b08aec,-1,-1,-1,-1,-1,-1,-1
67b5de7bb221ea5c50d29814aba975970879edc6f4b2012736b519f654e8c223,-1,-1,279992,618424,745912,741304,745912
a349de95da691eba3017074c136f27d91f163b972c78d37217d34a3532edd08a,-1,-1,-1,483328,479232,745472,757760
e269395c4462848ef0b08c89322a5a31d6dcea844c628d239fd12f34e10f2c61,216,-1,287232,718336,646656,740864,693248
c81e9289ad782583ba86667c01c8c3b22a05a18b042ef3019570d08fd10cbb88,-1,-1,292864,749568,749568,749568,749568
154d496e22b61b64c069fc5d566b079f2becbe22ea99502b05435433012ed4f0,-1,-1,293312,713152,744896,721856,703936
e7b0bc9643529997f5b5792cbba8903423f580c37d541d4eb3405100fcbfc964,216,-1,273920,424960,741888,660480,747520
610ec55c558076cc1129ba405bc50ca1ad7ff6221997945957d33349a05f0bbf,-1,-1,-1,708096,-1,669696,720384
fc761f24b74cb453825241d495b007a76aff6ee1204a375d06d31eccb70a6444,-1,-1,-1,-1,-1,-1,-1
21f67a6bc3edfe4968b515983383f36fb4f2d1ee3b0b4c60cc2fe92d195b1412,-1,-1,-1,730624,741376,742912,749568
635d8703850e94fe5f4f87f6f7111e5b78decefe5a361e9a3bb46128b9c31129,-1,-1,-1,683520,-1,749568,739328
93a8ce1de14e682386d2d1cc72253f6f453a7ae98959ad5d5ad61e0bb851e256,-1,-1,293312,750016,689088,737216,667072
2b591cc7a6062f134b1726df91db1ad7b49748c35189ddb13269e5ffbce22148,-1,-1,252864,698304,728000,750016,723904
43b021fa466505b3eb4b9366523e955bfda09f50feafa33d5e01776c9c793576,-1,-1,-1,700416,-1,-1,716800
decbf82f13eb1915bb88d948045a3c8b1592c546298af2b0eeb73bbea5df169c,-1,-1,-1,-1,-1,-1,-1
ee8a37e80823844acfe2049418e8b4b3a61d4c2bdb25779904644b4dc69f1f13,280,4096,292864,607744,464384,614912,746496
96ea1f6904ee85927825295850b232fe39b7aece6175e9f27bf03500fa706de8,-1,-1,292864,634368,571904,690176,736768
4e343b3a0e67790be572306570d2cfc742960c722cf8ad99f819e06dcde8b76e,-1,-1,287680,709568,746432,750016,732096
439f9f393ff0ba87cf7e1cb4e13b374e3a1bbb13ebb05c16085e7b06125b8369,-1,-1,-1,749568,655360,749568,712192
98c1f64295e25c20e98eade14f0f3f76f1c60e4a06d3b699980796823611a745,-1,-1,-1,753664,765952,-1,765952
2db87b7eaf43b579f0435e8c607210bae9a627fafe292e54b3470342df2494c5,-1,-1,292864,472576,557056,694272,748032
c479d75beaa1a8507a95553830ee96943f69810b89e3f18b70574852c2b8ccf1,-1,-1,-1,-1,752128,728064,-1
552aa0d1b73f5e574feacdfab1e86be8c683e65c73713ad249c5bb4e4283b28c,-1,-1,288256,617472,585216,744960,744960
b7a5c55c776cb7080658dd47c8e961f26258df5c7e672cf76d0ec0585c04acbe,-1,-1,-1,475136,722432,753664,704512
4add305570a8e0b206cb3c90d1885375f9f83ef8c9a9a13d27c4dba5011cab35,-1,-1,-1,-1,-1,-1,-1
bd2e49c5b7c473f337a4eb962f916ef7a0a60cdc4ab1a0ae84c66f3e0464bab5,-1,-1,-1,749568,-1,749056,749568
f343ed86f7d9b7d110bd8b2a2f41715680ce488a384d2caa1132c1b0ea54a4c0,-1,-1,284672,699392,599040,749568,745472
5e320e7d4aa184b36f7c7a99fdd92fb0429fbd96614da49317f36356857050a5,-1,-1,293312,743872,750016,701376,746944
de189b8c30433e26f858a4d70611e60feafa64c087671fc288c1c4abd0a5d57d,240,-1,-1,-1,457728,-1,430592
920d61f0087cf4dccde3a0d1d127231ed412786211b90da5030f8ea6413050db,-1,-1,290816,767488,706048,566784,761344
d2473445171b875f3eac70fe52d4e1543869113e3a34b68c62cb14f5c20fa00a,-1,-1,292864,731136,511488,649216,722432
8a649f9786e6180a349817b318d29bfe0ab714d69fea1d14006ad9cda1a4b074,-1,-1,-1,753102,753102,753102,753102
3a919828b9a6d15ea9a57c095f133396c19d5de6723a2db8d4897a7469e22cc5,-1,-1,292864,742912,750080,750080,747520
361fedf507500b6a7082d536d82da5fc0433b3e084ba8498350bb89c630a5894,-1,-1,-1,712704,581632,638976,729088
7e31cb5971023d9bf6da41619cf0fd0944d20a96be93cbfcf5b8a9dc90b8d34c,264,-1,263168,624640,663552,497664,2048
391937138dba702496a33bc23ef70b74577551eabba85aae3d5afd4f05e8e552,-1,-1,299008,520192,761856,720896,749568
870613995ba5d24cee07cc9e1228346bf4f690c64542576bbdc24f1eefb74084,-1,-1,-1,749568,749568,749568,745472
4760721b9c1c6180ee6bd6f2b60c21f9e24ba83671eb7356e8b775deb9718825,-1,-1,-1,462848,765952,733184,688128
bbbc5b7638b2b1052d68a6eb829028183bfcb8bdb0f5949a18de0e95254560d1,-1,-1,282624,659456,675840,540672,753664
40dcb22843a76455964ba82e76d2b39131903e2050be9b2445563ae4404c043c,-1,-1,303104,700416,729088,765952,753664
02a87b077f9bd5e5cd24a3cd9c06753337153fca3f95212c7189f08ed85e2ad9,-1,-1,-1,729088,765952,737280,737280
be841882083bcc16a38fb3dcfa3164a754b61131180facb84aa1861e78b11d47,-1,-1,-1,446464,-1,-1,643072
9c6d3f5ed9239e46e3aa6265440fff9fe81d8dc30040ad4a3054da6690d263e5,-1,-1,-1,-1,743936,-1,664576
949bb98c309b8108e3e3ac4d36a8a5d62497fe534b3e6a635b3b3e0eb815c3f4,-1,-1,-1,753664,753664,750592,698368
f198c939ec956317cf323611e03205e42f3d137f48189fee641a31929bb8b306,-1,-1,282112,503296,750080,703488,634880
1715b0ed51590aeebf3cdda3d92774d3db78c3cc68b45196e41eaa6f20add198,-1,-1,303104,733184,634880,765952,757760
5224a0f101f2995541ccb947225c5c54ada66b5f4a39d9048b42b660f2f6a3e0,-1,-1,-1,708608,753664,733184,765952
f7641e65fd8155e99cc111627766d070743509645896e366252603f8037198ec,208,-1,292864,749568,734720,740352,723456
4205b0d01954f585909ee50592df93ca12c21012bba4634b78e36902c82633bb,-1,-1,-1,735232,678912,750592,750592
3bc2895eed409e2c56a16f70ca4eed5215520e501574d07feefefa3989c9ad05,-1,-1,-1,745472,688128,749568,749568
d190d6de939af185ec1550b36892e2d222a57ea13e7b1412a665fa10cf61d28b,-1,-1,293312,750016,748992,750016,639936
4bf76808f71353ea62971cb5f73e5725d81a56a09ce4018f5483ee02b0d82af1,-1,-1,248832,702464,741888,750080,741888
b6f30ae60e45cbf57b3558d2b979847534fdc1e001f730fba4ae88bc7c105888,-1,-1,-1,761856,765952,688128,749568
a07f3f59de2ad94ac07b538c08898b0dae36fb50d0306090807f114e4234a47e,-1,-1,-1,757760,733184,-1,-1
0a59a1c562161a1473a652417a43902dbacf9bd609df66ec7893f4f0d8ff7c9c,-1,-1,288192,717760,720320,675264,667584
df3c0846ac862d61623e7266d0e24fd995587098b0a6a54069b10c2528c95bab,-1,-1,-1,647168,684032,745472,749568
a06ca8edbad717d1e5f1fe4b76095e40fb203993ea938499910a548c7e03c294,-1,-1,303104,761856,471040,737280,765952
e7f6e4f274065637c5dcba1231753bc761a3c8ebe315222dbcb4d78eaf68a08a,248,4096,103497,767049,767049,767049,746569
c84863b6413eea78599668a9563c2f0b0d06dde1baa16d80ab523922724b744c,-1,-1,-1,573440,757760,765952,761856
90ea29fa1e918a5958161a3db90d3279e64c49bc05834788326e4ac945795031,232,4096,237056,751104,630272,480256,1536
0c2d668e6d3c43518617a2fb88b5b435eeb159782e0c3865466d8fe01a2de377,-1,-1,292864,651264,678400,741376,749568
4b93b497231a0fe8b6d2e5630640f1b7e3b86a79bb72f37e6ebd13e98c177afb,-1,-1,-1,557568,448000,738816,557568
4e3b8452e3379707dda043ed568c4a78f73a87136025c6c984a391f5ad6fd730,-1,-1,303104,745472,593920,753664,708608
d05e91f0badae81c04390afba3136d1e57f988ad2f51cdae5e849d0b1a2666fa,-1,-1,293304,750008,745400,559032,633272
803f8a325d3b1bf5aa024f4768e6e01f882ebe6fb002a5ced09a4f592bd7c9f1,-1,-1,-1,694272,727552,-1,688640
1533bc34323216f89c599565585221ea95537e3596cf26b094845e133653d602,-1,-1,-1,650752,617984,-1,745472
8f0a620913afc8b1df1f9787d98dc2a4554d4061ee0bf918b21579cf67dd05ec,-1,-1,-1,-1,-1,-1,-1
ae05ef8033dad98d1000d1ec554653e5d8129a8229e742aa28274e87c7494be5,216,4096,219648,728064,743936,718848,723456
5dddd1931d9277ef6730aeefce00e82111aa1221b4705b14c8f7cea3bbd8dccc,-1,-1,-1,-1,753014,747382,726390
c176eb7fc0d166e51fb1276ca61058de0d6f2efdfd2700af0c799b4acbf67b5e,-1,-1,303104,729088,-1,741376,741376
d67cab7475d5a52379511d5d14a6736780d19d1054c863ab64ba9813e10ab1e9,-1,-1,303104,765952,471040,765952,741376
e7c0655439b0d6c719b002c6388ac043464be1bc58310e573f4907a4a351b43e,-1,-1,-1,596482,750594,-1,726018
4ca2b0054aba6260844d223e29312d0225c091e78143923579f88d3db61cfd4d,-1,-1,271872,710656,714240,701952,722432
59c36632b7e94cc4c1edd8c5500ead81538998e7e691ffc03fa3368820ea8c7e,128,4096,284160,456704,738304,664576,705024
8cc1ec2f5542999b5b5b2c1bc495c90669bd150e97e415fd9e8b53b2cd9604c2,-1,-1,293312,681408,631744,750016,746432
4b41631898ae5a0fb4e663f7e943c002a796e0001ce37864b64aced974a0874f,-1,-1,292864,750080,-1,750080,750080
0f47ff918bf1ccef49af69687d85ee2c8ddba5f23686dff3d53f0d4d3038b299,-1,-1,243712,715776,602624,749568,743424
529b4e1fc030a9507cebf9e836ac0a8063eb81129c17ab4e04ee239a12fe9102,-1,-1,-1,761856,720896,462848,761856
d9ab4237495dcbc73183c6e60fa26479b36bc3cf677243706cbdf443b6fe59a4,-1,-1,293312,720320,748992,649664,340928
bcbfa1577cf52229291182ce2610b7f00be67039c0df420f2ebba342714d05a2,-1,-1,292352,658432,728576,749568,723968
3fa353f2decce1522fe5d0d5903dab863977b39451c5056a30ba4687fd719638,-1,-1,289280,512512,724480,745984,737792
4d80f635af3b6f345cc63b082748226b1119c40762488d8e9884fceff03b018c,-1,-1,-1,716800,462848,671744,712704
9eeb4e30f7f8c2b3d724d54c9780c64f47f59df360654761d8a003050af30aab,-1,-1,292864,572416,637952,694272,710656
5e989f3fa997dc8e1ca3705ea43e6864a613fb7b45d8984e582513df220350a0,-1,-1,-1,757760,733184,708608,729088
aa341e9c27cdabbeb62cb8bf0b2ed241130a0733a385d73d65deabda08bd04ff,64,4096,288768,521216,646144,627712,721920
334ae9aa23c52f5a34054338a26e8b9d4d69292691a1389ee7c77741c2f37ee3,-1,-1,-1,572037,733317,425093,727685
74dfbe9364ecbaeae405dbc76ea062266d3ecd6d3e6f1845fbc60bf4d7f52503,-1,-1,-1,-1,-1,-1,-1
3d45ff0110e3ba188ae7992ec38eca10f6b650eb3958a50b2ca5452424690176,-1,-1,-1,741888,435712,461824,688128
d3eeef1b930274ba167acff92572d2f583471da035e099c880a203df319d6278,-1,-1,293312,744384,731584,724416,750016
c6f27c21bfc8cbadd1a1e5b65b149bd2a92b8a738cf4331be3cea961bfbd3043,128,-1,271872,577024,351232,754176,718848
97c7cdb86ddc8d0e6cbb92db0a8206170622930a409bb6c4027154f78f158dd2,-1,-1,-1,700416,667648,757760,733184
048babafb30fe1cd3c57e8d70007aa990126918e0cf8e0821db7d42495cfc895,-1,-1,187392,727040,750592,714752,666624
9c0a6a1ea0fc61e0e9b09560328548f34055b3e8ddd6641147842176255e112f,-1,-1,-1,749568,663552,704512,749568
3a783627436808d4e3aa6a4a3b71324405bcb37794e7914fada6104d9552ec62,-1,-1,-1,753102,753102,743374,687566
a8d2d83dff9c57d7b87d64696a79b02d42314dbb09980311a0f99463aab6f089,-1,-1,-1,610304,765952,765952,716800
1a96d32989ede61b69a73b6dae486f8d11d6e239ad23fd6fdd6e83dbf6df2620,-1,-1,-1,-1,-1,-1,-1
f6e6aef70bad630832a52a2bdfdd069b661e1a2b84efc5370043c2798b34fa58,-1,-1,252864,642496,746432,716736,688576
d29ec78436f4eccdec7a1fd8adc5e668f3800e3e4dbe82aaf695342de0da5d2a,-1,-1,292864,687104,742912,738304,720896
d2264c3b8bcbfe5045015ec3edae1a610feab5379220b79d46e9ce131774e135,-1,-1,-1,716800,438272,765952,688128
f3a66ca6c5fb3bb620a9038ace3b411f5a8aa88260ac3f461615670b47160684,-1,4096,289792,381952,723456,731648,745472
8fddf724f8b23189384fcbf8f841dbdd86253f6e15c036e1435baa4d476df185,-1,-1,288704,673216,744896,500672,750016
a6603cafd42811c0040c3398efaa11009d80acab4e734b3f70f59a5aa0ec0604,-1,-1,-1,732672,749568,724480,749568
9f5f46cfef6c799bceedf46bb88c5d2665f56a41b70569fdd887fa747d370087,-1,-1,303104,765952,720896,688128,655360
086772fa58d2d27ddd7e65fa000544953f235fa9534f9f256a8f5d9f4a0d05f1,-1,-1,-1,744069,749701,749701,728197
fd77fb402195c30a1afcef4f93f34904bec915dee6383fb2026f758da76b9d6a,248,4096,193024,750080,750080,750080,743424
09cbf9dccd6cee6c6a302df749c0025510cc319d08a476da365c18ace4e8dafa,-1,-1,252928,660992,743424,749056,697344
a27ef3234b40baf36820cfa3ec32fa8194cd80a7974e6cac491ea150000e9d48,232,4096,237056,558592,473600,734208,624128
b1b4a2c3f2076c581641a40eab78ce225b471d9d6f276c11a9f5a361aae81419,-1,-1,-1,-1,745472,-1,684032
daef2c82a525793b98114fedebeb6cafb67f4ced03184cead8e5a2221770e91f,-1,-1,-1,749568,753664,749568,688128
34673d26e8c12cca9ff438cb15e13fb30c15c127990e30fe9c794862395a50bc,-1,-1,287742,775166,697342,472062,734206
ddc9127ddc011c0b6901af9f3734ffaa73757d139ccc58414e67da0aa4b90753,-1,-1,292864,739328,749568,741888,749568
3b681bec41738ed5c6ab4280f8a11ed2ef0c907558fd019350ca7ab09dbb3518,-1,-1,292864,749568,749568,749568,685568
06e542b1bb1fe935e770d1b7c5fced606c1a15637cf565660f5e71f3c39738db,-1,-1,-1,604160,676352,663552,717312
507dd1a59e0a22b7d89dd7ccc68ed7e58a7812d72a95c3721483ea07da656183,-1,-1,-1,753664,606720,722432,753664
97c295dc0aff011ea61c817895ae03bba35cddfb6df264cf8a838e72ba63dd8e,-1,-1,-1,749568,714752,749568,662528
591d5b6491eff37f61f6d75e23069af6e5bc4ac2bcc67aa3993903ff71851212,-1,-1,-1,765952,765952,753664,761856
5ab6c71a1293f5d07e7ea56759a90257d35510412180e1579d332425d036a8e1,-1,-1,-1,757760,765952,679936,634880
9e0b82536d63e7ba3f971973172cde93963123458ac831c7086f757b131d1531,-1,-1,177664,715264,719872,749568,675840
94504535af16d46055250778b9cdf8ff9948a1e23f00b0d354b3c2bde7610f86,-1,-1,-1,634880,765952,757760,745472
243664002bf1c26cd9800f801badee26860337916a3df528d448300b2ca58c96,-1,-1,292997,749701,747141,-1,749701
f01bf751d9c2ae3bb36f5bf5a43184bbba72ca675c7eb8e3d93859ab4784c97b,240,4096,292864,750080,750080,750080,750080
9d899cd6dbaf1f43f94a2d50d7f45d64868ee7aae5c080f65a0709f2eaf9f673,-1,-1,295424,461824,751104,751616,747520
e6f0b09755311da7d2bc6b542bc5a385b0f3279167e001ed7ca8b062978de236,-1,-1,246784,749568,655872,556544,706048
cdbc049ad853be1d618e795469fb672ff954cc2f820d2e4274d2b7b47edf132b,-1,-1,-1,679936,610304,647168,757760
cda7e05aa469cadad1d79621b3c3e3ace1cda650b3ca034ed955256500410acd,-1,-1,292864,749568,684032,749568,712704
abeeed8d95546c2a811da3c173e57851e6569a9eb798543437c1dd725a0b747e,-1,-1,-1,753664,749568,462848,696320
ab1ba5d3cb3814ad9ba8b4d352ff96f35c362fd1aae0d80d5d2e92cb1d27003f,-1,-1,-1,-1,729088,-1,-1
ab09306379e076c30853ca2fb3800cfee6b77c2fa849066edb57a0f557147b7f,-1,-1,-1,577536,765952,757760,733184
c241a226c3ff82acd01fe7bf3c3ca48c381e3797d61468436417b8c71e7ee298,128,-1,299008,675840,765952,655360,700416
c0418b86ea56ff7f62b627743cdf66842eaed7c3c4eaadbe43b2d467e2f3b2c4,-1,-1,-1,688128,737280,745472,753664
09314cfa22031f48ece5a840de15149ced13cc596468f91c5cbb49f9e216b8aa,-1,-1,-1,720896,679936,720896,720896
cbcf5a85aedea7f8ce5efdefd4b9f92c2c7ad0d03c61e2f9d5f224fd555ed3d2,248,4096,16384,614400,765952,614400,765952
13635868077fed793dbebab6032ad1573e5d3231a929986293de7a2527569d69,-1,-1,292864,740864,703488,705024,749568
c3e1317cb855a0aa6c859ef652846ecc436520afe2a48cb0ba4d930748a17da8,-1,-1,281088,492544,571904,656896,648192
e34aa76f241369d64585ca5b0e765c2b0caa1942622172604a3ee88dfefc54e9,-1,-1,281088,605696,749568,735744,687104
6a6af0729bec1786085a327f13ca2346227b688ec00ec12745fc102f0210f158,-1,-1,292864,720896,651264,675840,-1
fc58662b03a33d6a6a69086c37b8e271c0fc8bedcc845b267a84c63a6ceb825e,-1,-1,-1,761856,581632,438272,532480
d4195c13f33da91c2b0c013c880ed527dc78384091ee93a030d5f2fb725fe137,-1,-1,-1,749568,-1,622592,629248
9a3a9999ea67587377a91a65739d329cfa81240d0e0ee976013bbb7e5cd8c736,-1,-1,-1,-1,-1,-1,-1
f6f6faba2393b38ff68e517ef4523ba50a6c1dde16d1e69c4acf78701a8025e3,-1,-1,291840,709632,643584,746496,749056
50561851546ac2f21e97b952e18ca1b276831d13ef30b48bb8a1e6f10f908473,224,4096,294912,753664,462848,761856,765952
dd90aea03cb41bc53519b8fd2c320f15ef65e9318c78bcd38e168b7ca5169198,-1,-1,-1,-1,-1,-1,-1
7cc85a68bd92b8661f31b59546059d5425046134b7fc6075652c8a64bebc8312,216,4096,99840,345088,744960,749056,749056
65c422442722c71211ad76297aeefa522b8e975f403b3197e5aa973d75012cde,-1,-1,-1,692224,765952,765952,753664
047d202be580cb2a2ccdb2f440dd1ea055acac30df35017a264094a07e54fa61,-1,-1,293308,750012,750012,750012,750012
a1a32f89c069eac94834c736e06dc089145f81862eccd18d38725029bc964900,-1,-1,292864,659456,749568,724992,749568
cfe1ae48f2dff6877a7e1f39103175fabc68fbf19030262ebd19267b68f3e66f,-1,-1,-1,720896,638976,638976,655360
2db72a75b87f766f3ca315fd705c6551bc07461eede1f30a33e46c43c1901df7,-1,-1,289280,749568,749568,687104,749568
dfd23f0e4e414a70ba50629e6a5eb82bfa18684e2fdbbf25b931e6ec15aa57cd,-1,-1,208896,659456,581632,716800,671744
832457f08c462c82d5cbeb0c7fce82f4617f1758452e60de2d9fe4c157181149,-1,-1,-1,713728,752128,752128,750080
c2318cfaf3c1f75b7bf94732249d34c2490b4328db7b3ff22f6b553cd75f36c2,-1,-1,-1,730112,730112,749568,749568
eddc42abe1adaeb4ade82bb816b78f4e70011c3956bdb71bf2696d7f073c13b0,-1,-1,-1,-1,765952,675840,761856
f3a3c202571602f8be657af07434afb6ff7ac36638543f98980588e350b99bc2,-1,-1,-1,681984,-1,709120,718336
5205eebd606b4521492cab530f3a0e5d8e4547c27917470b780f16a6f6cb7d9f,-1,-1,286208,753664,753664,753664,753664
0b2144415e84a6abeb94e8b6e8b6f4dbecf8fcb05e5d63331a26b69d9d3684ce,-1,-1,-1,655360,729088,745472,765952
8adb18ffaca50a7c71e90d344cd3e6cb9d4d293364946e6606598ba8862b6156,-1,-1,-1,-1,749568,750592,-1
02abb77254048cb138c0cc5b7f8ee93df9be9a4d6bc8ff69d595113e8c3b40d1,-1,-1,292864,688128,738304,749568,749568
f1eb6498031d68042cf041528574bcf71af247e1795732aa9b90ec7340ae885d,-1,-1,-1,-1,-1,-1,-1
907779bb25d230f6be6d368113e1086796e3359147228579f390e0468010dab2,-1,-1,-1,688128,765952,753664,-1
634cf3cebf33bd2fdd13658f3d944eceb044d3985dfe162aada77a1bf6f97c89,-1,4096,292864,715776,714752,431616,753664
434b46b87ed41aa8c6e934ac79c0d637c7bb2b3f66d58121a2c9fceea8e16ad1,-1,-1,-1,730624,749056,750080,745984
e82da0891c1bdfd861c26b4533ebab8be7dc6eb1590fee33eedc6790cf1e947d,-1,-1,290816,479232,757760,-1,765952
4fd958e96cfcc95e5136e554b2466b1b54ed27ea09e1b8e45a06cc0304add85c,-1,-1,-1,761856,-1,704512,696320
6e2131816521e6e7f88bd4ff5afff447a4c1355dd81b38b7b8edca83fe4a0520,-1,-1,291776,750016,695744,750016,750016
02de4bace3b2b27362464ba09b1a1a5e3e3077c941ddc783b31040dc1b01f519,-1,-1,-1,716800,743936,749568,-1
8f75d46512d587f0f944d3bfe9c7807b1542366ed2cf6c3837882974e9a1e9f7,-1,-1,-1,644096,749568,748544,749568
29000b63cd23da94c34902760bcde42bc5984b244395704d013debe118348f09,-1,-1,-1,753664,722432,753664,712704
8d8c26f72d7d69ce02b4fd68bf30a3a2a60f9e56b064ee0f1420638535096973,-1,-1,-1,663552,704512,663552,765952
bfeaf8d4c62bca102fc17049d8cc20e5f23eecf97394a7848ec5748db6a7c07e,-1,-1,292864,749568,730624,738304,669184
3b4f70fabb18e6355cbfe57763b10bbabe0e6e41766053e43ee809cef3153565,128,4096,193536,675328,639488,716800,722432
86546d8b2036cc0835a6493e57dcde04f25f727e40553c02b7b5595b95db6eeb,128,4096,161280,749568,726528,745984,747008
94009dbd2fcc62f1793fabc2ffaef51436ce11d843d9117c20bc07120b923a82,-1,-1,-1,-1,-1,-1,-1
a61172ec54abf0e9c88db38b1c8c7039882340c02c81ea154245b7e8497f0d3e,-1,-1,-1,491520,679936,741376,606208
aeed12f85b19d40d999967ef2cc4c42c30029ccd5d7be988c10838b98e3799e5,-1,-1,-1,-1,428032,751616,409600
1b9b39cf42421229620b4f87e3255aa60478d2e352996b3a1edcb123941a8c48,128,4096,167936,126976,193024,611840,126976
f8ed22db30929fc8e0ffb705a9c1259e7268011c458031bcdb23babbff28e01a,-1,-1,-1,765952,765952,765952,663552
288f90e00354f45d55525eba8caad86df134eeabf7eb4930840a959536b69fcb,-1,-1,303104,-1,757760,765952,757760
e88a7c08e75a63af1039a19dd1498a42f8f95d8032ceaa007f8eb874c9abbb06,-1,-1,-1,720896,716800,716800,-1
314ddfabe10440b39a6980640e4484bc1dbfc8a10b3f25872115cee1dac52a78,-1,-1,-1,-1,749006,744910,753102
6ba31f4ce71dce7b8ed6a19a25a96a8b6de73acc6d500440850112a846e3bd4f,-1,-1,292864,749568,684032,646656,714752
3fdcb990071fb585f3ee9dda01258b474ba939985be025b088068442fda234cd,-1,-1,292864,741376,747008,695808,716800
aeb5b7c192382c36c96f06bc43a53afdaef81456330d74c904626d493550e37d,-1,-1,-1,390656,753152,753664,460800
74e63473e623c4fb26b2a40702f3a39436c6d5d3c0ea45f4650c29f21f5ce8b0,-1,-1,257536,717824,749568,747520,749568
0a239bad89790d9198c4448a8c6e38700cd0175726d723bd62bddf83daef5ecc,-1,-1,278528,663552,704000,740864,744960
d6abb84e1d2682f5e8997fc3032d1e3068297afae7027c13ec4ead5bdcf2e61b,-1,-1,288256,724480,701952,340480,749056
1e8007b7d15abb2f22158a8c642ea0573f009439c882e1855525e6bee4fb10a3,-1,-1,277504,444416,689664,737792,737280
afb21f15bd7c2ac40b8e36cb9805e7b19493d34283c9cddc4dec66e31918190a,-1,-1,-1,-1,-1,-1,-1
268892af54726b3d180cf5b13bb0153195be1414eafe011a0cfbacdb9a24f215,-1,-1,292864,633344,703488,640000,732160
055fa5f50f07b1f6a97971886ed411e1fed3f10b3320ed24441c421b1fcce08f,-1,-1,290816,507904,-1,720896,671744
a9b20137784d30b54ed1a5e5a68603811ac2d4a3720e58ea0a4628e32e55fc2a,-1,-1,-1,425984,757760,749568,765952
801d8cc1d50c89a6e22353970da556d5d1537ac7e0e510e1c32527a1fe3a1f51,-1,-1,286656,750016,545728,750016,630208
fdc97fe08910106c5a5d013f5d72b73229b320b26486671dfcb11b0106066ca9,-1,-1,-1,-1,753102,753102,753102
7d5ecf6cbf2c732cc30647ba968a0ce6e95569bf63a2b23aa84101fa1e25d1ae,-1,-1,-1,765952,765952,704512,729088
58db15f117ceefcce7331e1bded2cfa8dcf8d740e1b384aac82359bac45586e7,-1,-1,293312,750016,750016,750016,737728
8d3497d970b6cf88180594168c03ead829b512d2d8682d504d69f44d422e8441,-1,-1,292864,749568,632832,749568,745472
e72b4f3b72cfc802f0a042835eeff2d4e82f23fb982066c2e401171e0d13c247,-1,-1,279484,634300,750012,750012,683452
392cab59776ba4e0fc757196a1e3e8fc8f77682c512fb7d01ec76aa43218ca65,-1,-1,-1,604534,-1,-1,746870
588e876a43a4738512f8545cf3b2289107e2219748fef7bca390ebdc7bcf6aac,-1,-1,-1,488960,713216,747008,750080
3af51c532b3f77bdfcaee05a25b60cf94f2c954668f49c66bef486a365422ba6,-1,-1,-1,-1,655872,749568,633344
fff45e7a2bde5a97f62333fb8071aab4c409da0c042782e9a478cbf0b0f82232,-1,-1,-1,-1,-1,588570,-1
1f6f4cbcf0ab68b80c8ccf26f4b3b0267ea999dc893db61043ea21fa6caecdf8,-1,-1,292864,708096,750080,744448,720896
2ac905907868168a534eb2df097eb163ce09019751e4cc50050b73b0c8b3362d,-1,-1,-1,737280,663552,765952,737280
556ba54a9ac9a871c9b78b9f5b450063c5707118dda7dbbec115b41127b1ecd4,-1,-1,293308,725436,750012,742332,642492
d9a32cb623ccc6302ca522c2c57635c792617a768f4e360ebd70f9e90a7e9bd6,-1,-1,-1,745472,512000,561152,729088
6d891222dfa3af8f2a57ed036185dd1a6776342cf641a4ec1b4782aade5dd3fd,-1,-1,299008,651264,671744,765952,344064
57a5e728d29e46a8241195f6f7fb970b525a705f5052170f98518cd7f82b0804,240,-1,303104,765952,765952,765952,765952
7d38b4d819826927d38e2595986da3135213e545b2a7f77911dad9982392b6a9,-1,-1,292864,714240,578048,623104,745472
ec8d5c0766d51e30882a3f66ff5d9d519929629a4c583c7b8757f7bab6d08ee3,-1,-1,189440,749568,702464,744960,744448
185b6988df139cbe718946a88f112225bede13c2d85e486709f208c879ce0539,-1,-1,303104,565248,647168,700416,765952
8f335bdb0280261abd0516c8ab73e280eedfdf5d16d30e6704f89dfc6c7cdf2a,-1,-1,299008,606208,634880,638976,753664
8587ba5abecaa5fbe60c6d98aa511f4abd45d43ecd97e34dbc34972ddc41d003,232,4096,-1,722432,742400,744960,719360
2ae9e8ec61f4b299982277aa72207412ba17ee2beeb3de1e0683260e910441fe,-1,-1,293312,693184,750016,750016,736704
35a5ba3c8beff6cce30709ee3004ef7b1190c7ea2c6d692195126b2cf6d957c4,-1,-1,-1,665088,669184,746496,744448
7f26cc757686e99aba7b5d828d47b455c2bfce51a67f8bfb5fe68da1a618d1b5,-1,-1,246784,652288,697344,747520,744960
cf8a7facaad1505414ddc7965fd1dbfe0baca2ad46a4209af280ff3ed2a901b1,-1,-1,228352,742400,754176,744960,754176
6b2a3af78908d9a144bbc2a62234f4c791e4c8c082ffe1b51b72c386f4935001,-1,-1,-1,650240,744960,669696,-1
01dfab7666a9ab3c3bef049265cdba2fe3346b0b52e6131fa8c7512d951fa71b,-1,-1,303104,729088,643072,765952,663552
7dde59d21582f0a83271594e9aeaaa82d64e7ebd51e1f60cecbcef603ad4effa,-1,-1,-1,704512,765952,618496,647168
2b9e1ec7dfc1e08bcc22a0d57a0abda956290fff48e43f242ef108d5ca19117f,-1,-1,292864,741376,-1,691712,-1
915821a46d69b9ba22433cb0672d7e0e8ca5ae101400a43224bfa9a43584def8,-1,-1,-1,765952,655360,593920,-1
39821950bfb8c91c96fb90868cdb793bb20436ff5bd646fe7cbe6bdfa0f3b4de,-1,-1,-1,-1,-1,-1,-1
c6c81c34f37e9f187de17735cf24abeb712ae8f91897593decffd863289fcd38,240,4096,266240,765952,741376,692224,643072
e621fcb24b570ea1aae4eb7906007738f430924ba40046e14a98ed14f150fe0b,-1,-1,-1,-1,700416,708608,733184
8df62af93b223fb09d137bac5388366f5d5586ddf77ee5527a9a007f9dcb9f38,-1,-1,-1,749568,658432,735744,737280
85496cae301ec00b6c7673a9586d511190e949e6b7517a75ecfce277ae94313d,-1,-1,303104,655360,692224,733184,765952
95a549df6815133f130c066b4d51e19c783340c7efc3a9f9c1d42ec4ffb1bd19,-1,-1,-1,750592,-1,750592,742400
d11afa4b39cd29503625919910182c81cb11b541bd36c873f657f6fdc97f3e42,-1,-1,-1,752128,752128,752128,752128
6917dd47829c3629de32964bdfb0dfce59296782a55698c495dbc2ffc0fd10da,-1,-1,292864,731136,738816,743424,731136
575c58835766eb4b364f3dc3980e1ce655744db4c11c39f04cfa1dc92f24ad44,-1,-1,-1,-1,-1,-1,-1
e97c04f75c6af80ab9ef2f54f71ac1e6b79fcc75df6173000e6a36e317588816,-1,-1,-1,-1,704000,750080,-1
79bda7dae22b23b2c6ca97b33e71a172118601781f8b0c020a1281f052aab873,-1,-1,287744,750592,750592,734208,750592
9cc2f9cc62340a18b8a6022ed282cf69d5f85b2f812440f51781247357aeab25,-1,-1,287232,680448,634368,639488,744960
fe9c6f8feb7a575c685839b9771337cc4a5d8b6df63f4714e08c5cbcc8ea6d40,-1,-1,293312,750016,750016,750016,750016
30425991cc12e852613f4acf81e8c228f7dfdaeabfa1d78bb0720b94fbf30d23,-1,-1,293312,635328,537536,672704,721344
b81a6ccd34f85de390b8d7d2deb208ed54f85af0e6e6dd13c9b1e3307be69d67,-1,-1,299008,684032,761856,753664,753664
92b9ca2a9497f4d90b25282f8a8363e3cb43812e45dd14a1d6786ea9d398809d,-1,-1,-1,-1,-1,669696,680448
046221dadb891f39379e6706e3ec077f8507f5ab98e3bab120d8703abf395d14,-1,-1,303104,614400,753664,655360,598016
b0192ab54a2d6781144197ac34da11d15e569cb4c953077808d759814d2db50d,-1,-1,-1,741376,765952,692224,757760
0890640d871db86ca84421ab33a407849642d59cff76d01f9d63399e0722716a,-1,-1,295424,634880,752128,744448,677376
e2928542c7663d86163069a097ad55b54fd8322b279af9cc12383828e066c5e7,128,4096,7168,577536,582656,746496,749056
e55789bcc26221e709860f38f0b40c7da495a3c840ff0505a94c0cd252eaafc2,128,-1,230400,687104,577024,555008,303104
3ce5a10a2b7fa37fc5720a583932f531795a657ff323c0a819971c6d434b1d96,-1,-1,-1,729088,700416,716800,622592
4bcfe22a2632df7d5c57ea3617d56a01d72c15faa22fa38e6431406fe36fbcf6,-1,-1,293312,713152,750016,750016,750016
97d4a3166d3d925d43800ae7164f533bce004072faff576af8e5595d20e0391f,-1,-1,287232,676352,616960,749568,456704
d1fcde832ca68549c1c176a0182f1c716ec394bb00738232455e1d7d097608e0,-1,-1,281536,697792,693184,746432,643520
3fac0f56b93d61fd77bcd103e6f2dd435c2faac99b4394c3a69dac7e86cb7b2f,-1,-1,-1,-1,-1,-1,-1
328e162bbc8dacda4771ee216b76fc8fe37d21bf060592d6fd61440f04e9d530,128,-1,17920,445952,567296,751616,754688
4a62cfae311a417c99700830b339cbfd630fbfa570d2e7482079139a6ec19d1b,240,4096,286341,572037,572037,739973,746117
36172e09e26c6fc51247168a8592f2d76f0ddbd95a5914318e24611c12ea60c5,-1,-1,-1,-1,741376,684032,757760
9e7767e50f32a73d8692c125dfa3f4e51cb2903faf4ad367b07d3a439c72026b,-1,-1,291328,701952,733184,749568,718336
d914c0ea41ea216093b3e9071e85d53856cc961ab65aa115264d4fb346ad8676,-1,-1,-1,679936,655360,684032,462848
cdd100f9fc8b0a56836fafc76101837405c6bb22b7b9c7d9c00837c360ad515b,-1,-1,303104,507904,-1,765952,573440
1e6ec47b95dd2e916742e03305398aec1959ba952b39d6989e6cd18d7d562dc5,-1,-1,303104,671744,602112,659456,753664
71edae90f0fc32aefba502be149b81a41d2caf570918653fa850d4706c05907e,-1,-1,271872,723968,668160,725504,562176
0298ec915b7b7935816dce9deacbea10c67396eb6d607cacec5711f401ee8b3b,280,4096,212992,765952,741376,765952,765952
998303eacf75bdde3f804f0a557c259e66eb299b01b3c423995180b61d277ac8,-1,-1,292864,741376,672768,-1,742912
51345d2afdca9aac992c2355fd0e5c56970a31daada29816a6cd7029a3061c59,-1,-1,-1,750080,739328,693760,750080
a52f1585d4907a9abc82c8beccc078f6d0b610431ebb6ac4d55be5ccd8b8b0d2,-1,-1,293312,750016,748992,750016,681408
a2e123cca6caa61afa1db0a71d6f1bef8227a158a970fcc95f874f10b6f3b3a2,-1,-1,-1,734341,430725,729221,709765
4083c12255f793a5558d7f38e6d441d9ed5f13c088166e271329f5ab43e06eb7,-1,-1,293308,690620,750012,675260,750012
c6ade12ee5060387d1f71d24db1103e77fd3d1e492bfbc7066591910a034f4b3,-1,-1,-1,-1,-1,-1,-1
7f0e53979e8bdbc1468217b4b4d61d0589c9a31327f36923e0f6a7e77820f131,-1,-1,-1,-1,-1,-1,-1
d81197a2cae349fb60f0e84616bb0e257db05d7e914be1fe009b4100a25cf97d,-1,-1,-1,753664,430080,684032,745472
6f35a1e784940f947914b66226135c9a2db96bf67306db361b7d095b4448133a,-1,-1,-1,-1,-1,-1,-1
28b3f4e30fe86e8d0b88591bafd223729ac00f7d081dd10704ff161ed9c2639c,-1,-1,-1,710656,718848,626688,709120
1b1cef4b9bd37057d0ffba066d4fe9e56c17032051a53c4d955f81c778a7b46b,-1,-1,-1,-1,-1,-1,-1
8573c005f67bd19aac59636ea63218e7d842c84ad73cf6063a05ddb2b0b77473,-1,-1,293312,588736,750016,750016,721344
5ca473cb902863f5f4bc0c31dc422ba2efff5fb91d6ea884a9871f6db63c5ebb,-1,-1,258048,736768,702976,736768,749568
309388052d499f91ec8a2b521ae65e365510312f6f8de5ba5320eb618ab0331d,-1,-1,-1,677326,753102,753102,-1
c2eb11414505fa9b3da3334b8e75a98511fce907dfeed2b86eecf9153e7b8e19,-1,-1,-1,462848,716800,749568,765952
e7cf222ab01521dd80f15d39f5d3fef35d823825fe65244bf3083a4a3ecf2edd,-1,-1,293308,717244,750012,750012,750012
4e0f04ba12a55ea723cc56148ea03b9d860644244c10a9d330f2575267fd27ae,-1,-1,252864,594880,750016,750016,686016
62633d534584ce34aad80ef75882d326dcf2386e5316279c0c9799723bf16f69,-1,-1,-1,737280,729088,-1,753664
1d180752ed76f5277ddb45a562fff964c57b415b5474b143ba0acec73690ca5b,-1,-1,287232,745472,650752,530432,679936
65e708f2063513707c02c3d99d151ef157b8a7089a687ee385b809f7534197a9,-1,-1,-1,742912,753664,581632,753664
fec07ce63fdaf3717125b9474f088e574e9103e859d144fdeedf93882015bc1d,-1,-1,187904,666112,749568,684032,749568
99179acb04198e84b42d68e35e2cced5d65a4e8806ac1175523dbda817bd7d08,-1,-1,-1,749568,765952,745472,704512
b997f4712693f9748391210a95cbab3409c52cd8cc146d260b3185364360367f,-1,-1,-1,565248,749568,737280,696320
6f77cc6483b70e94fc1900aa88d3108d1d5cfcfd7dab70ab46d31ecd2e549c0a,-1,-1,-1,720896,753664,724992,765952
3e0816f8d57a69c6d2107ebf7d9d84c751714702893b88ae23f3eaf431532bfb,-1,-1,-1,765952,614400,765952,741376
be0f5a015a8139eb184b4d532e81d86d6bf7a33e6b94e778f36dbdb5dba785c4,-1,-1,-1,765952,757760,765952,626688
96604e1786b09cedaa16ee2c3c882a73436fb98f5901757d5ad654cce86d5650,-1,-1,-1,680398,753102,720334,747470
efdd45f4bed2889d5b247e87844bb78d26356574a8db1754f1a3eff5931ef186,-1,-1,287232,622592,749568,577536,708608
1509131879e8350f3b1f5d515ea5b2f888752173b4acf846582169278f42ac23,256,4096,292864,752128,-1,716800,752128
aee955b2032817ba7a0e940a5a57c9413b159b5c60b6fee946c2dd571f971ae3,-1,-1,292864,612352,-1,-1,292864
cd3a1c21efd6bff12e2940ae14e16c902d92fe42d0c0f4592d197d7f31b0d191,-1,-1,-1,651264,761856,-1,581632
9e398f5c3f204220513d94db122a74f2a7626418546e977385f465ffdd021296,-1,-1,282624,713728,713728,754176,748544
95bfacd9013e041818cacb926823297f864a107f6ee7ebcc20ad3edd089e14ca,-1,-1,-1,-1,-1,-1,-1
61ffd18cae1c0f70a1e248d5754c2159b01ac5e8e621f201ecdf6bf088986871,-1,-1,243200,666624,562176,556544,749568
bbbe2cbb35c1ab541aa144d179f098b9b180ad8d1a3698f96d82c40f02159bd1,-1,4096,293888,671744,413184,460800,688128
3f0d501031252e594b20c725136bcb28b09b42f5e644ed8bf2557951d469f2d4,-1,-1,-1,496640,707072,750592,750592
750dbeccc9d61f36936c32fac81b1763dcd3f1e73f88493da1d9371a91d24b82,-1,-1,281600,750080,632832,425472,722432
63118511437e2fc518a551e57b8ea98415d87e3f63463766e238aaf31b114d15,-1,-1,-1,581632,692224,-1,737280
29c57c0e1c2063114f341817465fbe9566104a156440df1e8bc980845f15a664,248,-1,5632,745472,750592,750080,737280
22c6e0e68262dc622e87d61e021077c8dd54d0e7aab51fe83399ad2d7767eeef,-1,-1,-1,704512,652800,753664,258048
d4ba67622059d80ceaa94673661b5efb746ef40db681a89bc875e29e8a3fe4c3,-1,-1,-1,-1,-1,726528,747008
e9dce2c2f762f274deece77066c194e6067e71f5e8e2dcd26572eba7f71554e7,-1,-1,265728,750080,750080,667136,729600
d838ffc0c7d98e26dba966552048a2b522529fede3213bc003bfbfb372b709c7,-1,-1,299008,630784,462848,655360,749568
40c84fc6cd63fef46032400ec23350cdbadd52325643ce1d1eaa4234c1b39346,-1,-1,-1,655360,716800,-1,692224
17edf6309e3a221697043c94cb4e1827cf9f977cf5f22ef1bc2cdde239e77cab,-1,-1,285696,729088,-1,-1,727040
b28c66e4f5713192c68a24d08fbe3d7caca0ae5cfd7f4c5697b652a0f4d3dca7,-1,-1,-1,-1,696320,-1,-1
6e46db1e16e418c9fd86b39d7a47db0546f4c245cd93dc9875756775a8211275,-1,-1,-1,-1,-1,-1,-1
1870c429fda984dece0eb4f07666659eda286e92d721d5d87d7eef3dc24e0548,-1,-1,-1,741376,722432,743424,735232
f78f50dbacd7d05e3ca26bafc5c4723b6e5cf57f6e13e57237e53564abeb1114,-1,-1,288192,688576,750016,750016,681920
d5e602c3baecd34b8f6ae70d12c5a16022ab63d34911eb4c61716b4f104329bc,-1,-1,303104,663552,765952,679936,430080
c8dae3e47c1a03f2b7e84b7705d483d025681064b728b5a9fbf329d1a76b1745,-1,-1,187392,750592,641536,738304,750592
0e665e16e123671ebf7051cc05e33d50650817a4149830e548662ec0120110ac,-1,-1,-1,-1,-1,-1,-1
d76c13f5a51535d78074affe8c17bfcbd16694aef0e74de86f3da6fb67f27370,-1,-1,-1,741376,753664,765952,765952
562b8baefc7b423d59cd9c27d01c717f5f3e704c4c4da45c267a750ff3f476e7,-1,-1,286208,754688,734720,733184,745472
3cb31bfa3e36b594bb356b9d2e62ea1481350d853b3d10c837bdb478180e2040,-1,-1,-1,749568,666624,749568,677888
4622a9fe3ab2e861806c020f799cb90d1deddee57757652c5a0961f2caa558c1,-1,-1,-1,573440,544768,700416,684032
a6d6f1b1c645e3f80391000a5b4d1b1e301cc3d9cb4983107ed620d252d310b3,-1,-1,-1,765952,745472,765952,647168
3bd2092daa8d0cefc3f0a1e1eade11eb3fea5e8b632857e839f78e8ead79ed0e,-1,-1,270336,765952,684032,741376,438272
9425a7b961ab7798a43e93e5115e8f54be814b26f9d052d442a13e4882219d17,-1,-1,-1,749568,749568,665600,749568
0013a6e0213e662880fd84f2b0b41d496c085a694c2e8c6878682fa08b6e2054,128,-1,46080,747520,749568,705536,0
bdb8a52285fd83c12a892cc67a01e515336711c77f3ff93a64477646324acc02,-1,-1,257024,749568,705024,749568,749568
6d883149b591a78bd3125bd23baaf809607df2a3a7bde35fb915b78c0dab3f24,-1,-1,-1,-1,757760,-1,712704
4dd9a8251b642558f75232ef13cff83b0a30a93b80c72933ef88b496e5cc0d8e,-1,-1,292792,618424,614328,442808,656824
f74b43b16f4ab99191abcdb1e618c3e4372ac711ae56659b4e1254a8bd6bbb00,-1,-1,-1,562176,749568,684544,738304
c6536bb096bfcfaf123b9e65ead7a410dfda394eb7eced57fd8f0d45d982a494,-1,-1,-1,741888,752128,-1,658432
9e97c374ad8d4a14110e2f7e1fdca2f15f516afdbd840c7b3bb1c2848e9fad89,-1,-1,290752,718272,512960,750016,746432
f9657ccae6649b5b39d9dd1ee383830eae5157955f8e5960bdeef235a6bed7c3,-1,-1,-1,717262,-1,-1,724430
45ce8adac022cf0222fc4bf4307f90534f72d3db238a08f862ac2884ccff746c,-1,-1,292864,-1,692224,-1,-1
d62efcb5ec96e9087fab912cb252528bbd36d06155f387d4022504aae53d1cd3,-1,-1,-1,729088,765952,-1,745472
c278095ec59bf0df142fcf16cb601d3fac4a1e8b74161685f910f68d5062ece5,-1,-1,-1,577536,564736,694272,667136
cc6a8e731e3a87e4476e2e788fdbcdfe5c2839a8109aaeab369fae9731f0df90,128,4096,163328,753152,579072,754176,754176
6adc42d19e7f2a7a43d70e3bf00b3fcfc40e1fe160f6a0dff217439aa6aaf31e,-1,-1,-1,734720,734720,749568,713728
8b4edfd2e58c8913302563cd5ba8ab085772e6c61391197e152fc5942f840e6c,-1,4096,254976,754688,704000,603136,714240
34f181d7392522fd3fdd0ce5f1b9a6d806d98b593db3b465668a98e08effe5ea,-1,-1,-1,-1,462848,747008,-1
fa1bf606221c18e4572327b7769ffcf5bf96213d905cc3ac996afe5e1fa7afbd,-1,-1,-1,737280,479232,749568,462848
0204d1a9b955e3f7a6d1341c7c071047fce97723541cd2fd87c82cf1ae77fd90,-1,-1,-1,720896,675840,-1,-1
026b0cf554687192a3491ea6f39dacce50d51db23107089cb5c6951c65395571,-1,-1,-1,710146,738818,685570,711170
4fcb134bb69534547a44e4170de308c3ff37da58472e92edcb64423adc59fc77,-1,-1,293308,632252,750012,630716,750012
2bb38a15acefaf624a2d5a2f36530af6e255f80c9d70580ff692946205bab8e1,-1,-1,-1,589824,757760,675840,712704
ba0bd6241f8da8080f5d468efa205f5f0b3a74ffffd5da8dee7ad623de9ab18e,-1,-1,-1,753664,720896,430080,581632
59679a3284f5445ca200cfc48d0cfe138b603edaec9e5cb297fcfb34970293ac,128,4096,61440,749568,749568,741376,749568
46231913e92a576de9cd3a8eba006f69e3ea94f510e76eb2015acf5c81f126c4,-1,-1,-1,729088,708608,765952,-1
8ec51041f5d6856fe8e1dbe48d910c4c04031dafcdf3f67b7441498359c524b2,-1,-1,-1,719493,614533,616581,749701
52610ae77aec1111fb4e938cfb6fb21dc406b18dbd196443bbf1ed4bcdef62cc,-1,-1,-1,431616,650240,698368,671744
e41852937c9ee701d68de566da9775204bb3cf49fbdef946778b874d8554fe6e,-1,-1,287232,747008,743424,749568,747008
d1e36ec8213435d57fb22a39a22bd0c17878bdd6e3ae840f8cc4a09309dd02f1,-1,-1,293308,629692,750012,692668,750012
a872262e57a2f21f0bac81d249ebe3871ee7b3afbcb1e528e457234acb4b14ee,-1,-1,-1,-1,761856,634880,667648
30672b54b41c6cfc31a84697937e92ff8727cea67f882d4e750b3f91e5f28b96,-1,-1,292864,749568,748544,720384,739840
56bf0db1d48e8d6a830a26daae839d01fc3662924026456a81a7cf41b512463e,-1,-1,-1,-1,753102,749006,753102
12ba5092db99b72da022868efb6084437234a9d86b0ced17ffd907965487a553,224,-1,-1,730624,431616,715264,726528
79604218c99a51156fdc5fca20363d5b19df65aaed3078791937744e5b3ffdea,-1,-1,294912,654336,742400,654336,-1
06216af46046aa44249f1372cf2398195177d18796a650ca205e11ca15c793a3,-1,4096,183296,462336,734208,715776,747008
f834ce08c2f9043403c4ecb51eeca431a9811ec7265c8c7185154b14b33bed83,-1,-1,270336,671744,565248,741376,397312
68cf353874975d9c8cfb27fddae3e1432467a0269a689d6cb9df06fca509f26d,-1,-1,231424,748032,622080,728064,560640
4b669823dc6e0aac95d09ec48cc4c304421dbb852818c5bcde045d8788041576,-1,-1,295424,658432,567296,675328,752640
2ac02e59e41f9cbac7d8c960d83bf86dd3bc16d805fd893125a3569c7b2b8a9c,-1,-1,292352,626688,751104,730624,753664
903124627d5ea7f4e3e5732dc7f66d31017cb286299975d19935a02fe8254682,-1,-1,-1,-1,-1,-1,-1
1e5fd084b50867b69017cb298ea184e75003579873033e3c69fa5b15a6999980,-1,-1,-1,765952,692224,765952,-1
60ebbb5b63e320810cceb3cbd651a8005ede47b9b41ac5ab259eb26de17dd5a8,-1,-1,-1,653312,749568,558080,749568
2e39547fa7c098e2a5a16e7bbecd304d49495835459a0e31fd58a1abce98ed93,-1,-1,292864,653312,744960,708608,691200
3f617c733381c0d11c9cb539a218edb729bd63535733ae6ef8c0ee4219b6769a,-1,-1,299008,733184,479232,716800,753664
f3919fb8affb5f631aa9f61d13ad4bb621559477c4ba774d49e351d353af4080,128,-1,249344,495616,699904,577024,749056
11c7b6be05383104ecf239c48ffc8f77f270d93da9d328a283de803da66c3ee6,-1,-1,293312,750016,750016,750016,750016
e0f748623d11323c573ff7c4ee0dec3997b077ddef197f6e404e59cc869a0360,-1,-1,-1,750080,717312,-1,708608
ebeca96b2b8a8049969af5e4f2b8f78768d2d2d7b95c446ba5698baec05722d9,-1,-1,-1,751104,750080,615936,751104
232847628c59b7fd140c4f86b515ae9546970b6b78c416447774a8dbe3fe4604,-1,-1,-1,748032,604160,736256,692224
61f53ccfe18af444cfaf4ea1d4fa5a50c5b172eb217e2b0875d97284803abe65,-1,-1,-1,749568,685568,717824,708608
93b5a88b8ec02306fb5b83999542501a0afeba081b5100dab89af5230de23ee1,-1,-1,251904,754688,710656,752640,694272
df28b29a648b23710b4c144e02183a2b51e6f3f19c16822d4a03f07430c14471,-1,-1,-1,-1,688128,700416,765952
cee90e0564cb5ffe847659b98b23d7479fc9993f9987b2dd06013cfbd672235d,-1,-1,287680,750016,703936,721344,750016
c19d503afdb58d953229517b6d18164ff862f304c9005190f9eb82280f319ced,-1,-1,-1,724992,700416,688128,757760
22a062dc9ff0140ff987b31bddb75d4675b9b67f7e4a006890b8791a24d6b30c,-1,-1,-1,-1,-1,-1,-1
5895f76a14e2c8840c693006305fbea4ca691982c6c66b13c508295a111c44e8,-1,-1,274432,765952,761856,565248,765952
810c6268992d10802b8aeeb7795d19d76ec94cbe3b507b808eed28e063d3695b,128,-1,160256,470528,679936,735744,754688
fd74e6bf46a3e604adb0f99cdb73c3425c66970b822cd2a89aba9d69cb6b83d2,-1,-1,-1,-1,-1,-1,-1
b8907adf6d1a756ef3ec38257c5c02c1a8dd39aced0cca86b6c3e4db6a3952d6,-1,-1,-1,747008,725504,683520,726016
a50cbd91716ad0f83297eebe848fbf6174d2c2d33bb38b8787a570d807b7667c,-1,-1,-1,747008,597504,695296,740864
9e43d0d55e6036b8f6fa02f18da9a502491d41aee926d2e3c2764aba89c37bb8,-1,-1,293312,750016,725952,713664,715200
30f931f9e9b5e001dceb0fb1270be13d47cd1822112a7f081d5ee3ec1853b9e7,-1,-1,-1,509440,741376,724480,617984
47ff9f624c007e26a55eb3fbfc2d89ee18a73b434b10be0789fa7f065609fff4,-1,-1,-1,-1,-1,-1,-1
4eaaa20d0c96d43e27c9fa496239637634cd217198285b91135f44cac405f924,-1,-1,293312,672192,704960,750016,750016
c5749533f9a5d41e4b0e163277f9ea9f23b51088fc473d35b2637c5d745b96e5,128,-1,292864,745472,741376,749568,663552
39dbf2fc3df410554d3653d117fd51746ad5469d7d11a9b9582a61a4b7446820,-1,-1,-1,618496,647168,737280,-1
07a4cec682dbbf484f359c4e4afa86e89f2615e993ca23d909df5b5690a81fcb,-1,-1,292352,749568,-1,749568,749568
2e07ecec8b979e17f9d9253d103b2817ed3d1fb0038276f40424b798c0187fe6,-1,-1,275968,726016,742912,750080,750080
585ac206e01bbd8d4a8c7f8e2bb863fa779e0729f0c6f0cf84c45dfbbacdf84e,-1,-1,-1,-1,-1,-1,-1
5181fda2e4eac0e4834fc60d4c065ef225e50e5254aa3f5aa769dd5b3be29d63,-1,-1,-1,374784,739840,747520,749568
8dd504006b062d67903e4cc82a7ad8f1d3c2fe07d8bb5ec011bc447ce30b772c,-1,-1,-1,-1,-1,-1,-1
2f30856e263ce70008fd1010a7229c6673bbaa3418e09052786101f453e2777f,-1,-1,-1,-1,-1,-1,-1
db062765bb454057b29a1ab5d9e6bbc9c2cab863644daf30c0d59c27d9878d2d,-1,-1,-1,-1,728064,-1,718336
2ddb3a45a952140e97e951914f596d6eaf2b8d46435e78cc9c4893590e276ec7,-1,-1,-1,747008,660480,739840,-1
aec16b226a314824eb9d2cc2b633baca33a9793c598fed7c56ba750572e83ed5,-1,-1,294912,667648,757760,716800,716800
e68b99aa72d859c90df226562e91feb0a4795d627a80fdd74fa1405ad758f867,-1,-1,-1,716800,692224,692224,757760
d2e53c6c214514620170c1fca3bfb64d3bd294a760c0846874e2d2f5b9b75dd1,-1,-1,292864,642560,677888,633344,749568
3e7f1323365ebdae96d0fb80ec7eb7a1632b9ea144512f518153f1630b7afda4,-1,-1,299008,659456,462848,757760,761856
3d51de1270209f83951e1cced61a356335bff705eabe8c499ca0857f4e9ba6a0,-1,-1,303104,479232,655360,675840,757760
e92bb29322dc8b71dc8904b81546f1767edea7d6cc28c6dc81391a361ac48952,-1,-1,-1,-1,715776,750080,719360
52a577f4b5a6da2dd5d7e53482e1a214338b92a6e22ccac30dcb316e913afabe,-1,-1,286720,751616,742400,721920,738816
54a7110a0bdb3aca21fd09225c88db4247805b9c74e3d7dd5bc926c778e5e85c,-1,-1,-1,446976,732672,749568,749568
efb51d598923a15b0d6f91428f1457ccb88e77440486b79b1d274f10a3b738b8,-1,-1,-1,-1,-1,-1,-1
d7e8be284cda2a5f0d379019e5c8c41a5c2d2c1f67e60d8b2a8b4d3b0caa75b9,-1,-1,293312,750016,716224,734144,711616
661dcf294a56aadd4292235230fc8ce29d0e1ac4b7fec7f77ed0455b5aaee13f,-1,-1,-1,-1,-1,739328,744448
4318b46accc926f5bfbc169ee495c4b86306626d1264474c410d1d513c7b4404,-1,-1,-1,-1,-1,-1,-1
f7ddcbabc2a9598d93f867ac378e92d7e0bd3856631859dbb5253c97587ba433,-1,-1,-1,679936,737280,-1,749568
224c8652cdb59d3ebf4644985489a080a2461d1b3ce8aab3d3f55c66d08ef502,128,-1,280064,685568,671232,714240,711680
4fc66d4fae7f68dddc07b4fecdfd6b918f569c29ec1362b6daa39b0f30673791,-1,-1,-1,-1,-1,-1,-1
31678212377d2df3cfe2552e83425f395ce1ec84b8bba712554e944502b7ad30,-1,-1,246784,424960,734720,749056,737792
f18f4025c5c32e908d6faee3380ff6dd1f34c3ffa06a25ded0367648119c48d1,240,4096,145920,375808,0,253952,115200
d0c4912e778e42b3e67f5a413a1c587da492a72530549e3fe6a1be4da314e181,-1,-1,295424,581120,738304,683008,754688
6b7af2eedaa47e995c816d2bb840499259cf2f5c77c681b5a674470110bd0e0c,128,-1,283136,345600,430080,754688,752128
b0d008cae121e5f0ab4e365ed4f88227290aa350f6ee46940801bb24607cf247,-1,-1,-1,716800,718336,746496,749568
695813a093652645ead834c7398837a3ae36160e13e52b9477f41a2886b3ab09,-1,-1,290816,737280,733184,749568,761856
a4e7773e49b3723b7e57955f0117659b4d9aa3a6bfe26639f4a9022d7183d75e,-1,-1,-1,703488,481280,502784,253952
1a7e9beb5e689b7b500d87f4aab70e6f1715dbbe2c29a3fa3bde7d5174a66990,-1,-1,-1,-1,693760,732160,742400
b91724bccbda561855a01a30f011ffa5a19bfa49aefc18bef387da9849c5540b,-1,-1,-1,544768,716800,700416,647168
b40527e5976de824705c46b584b5ae70787d2f4ba743f7530685c8c5e96c5ef9,240,-1,292864,618496,703488,749568,695296
091d4aefa672e5c12b6ff19b2388c24fa8c4ef12ff3533463c0e07cf58de21a6,-1,-1,-1,589824,765952,565248,-1
1f954678b1f5e54e18dd614dcd28b9d5d323d797a2062ed6b703e2fc591d6b91,-1,-1,-1,681472,-1,-1,749568
7ec18012d38c0aded1eaef899c1860b587bdabd6cb32ab67669e38d959463911,-1,-1,293312,750016,750016,750016,750016
e9795ab0606e7e91ea0792ecbbce5bb4cfe7e2f014297a54a11eb877831b4ca8,-1,-1,-1,-1,-1,-1,-1
273c942111375cf75e70dc67d8bfcecd1d87253f57eadedb2b0d4d01bbd1794b,-1,-1,273408,674816,668672,748544,424960
8726e9ce1cf07536b61146a0646b312222c5c0ac1d8b7a7ae91e9a4664ca9d2c,-1,-1,-1,704000,557056,340992,720384
3450785f88eadf4caf633883550060b1772879998d2d24c45968a62abff19db8,-1,-1,292864,717824,749568,745472,737280
97751c27f3944261a2926b99d39731d29e187e01436e49171949d145360e5b93,-1,-1,-1,636416,696832,750080,632320
7d085db826b6356f612d05f157713423c3908d5745ce9023b273b828831ece53,-1,-1,292864,675840,694272,602624,749568
52617c3367015f6c9cc1431966d23ce340888cb949cbc8d1a0714bf88a9dcd3f,128,4096,292864,56320,340992,6144,440832
4de350ce3f0caabbdeac89178474f0de21b927c807ddca1ae73d16d414d8d0f9,-1,-1,292864,716800,734720,-1,733696
a857beb52bd3747fc45de06f79b8a7d3b47ac5007eb559cf60f6dfef92d598be,-1,-1,303104,765952,757760,757760,675840
ff16221157d6d3ddae795b34af8313d1eae1ec636b18babe7d97d05f75aadb16,-1,-1,292864,623616,748544,731648,682496
a1703c736b3a69d8b59eed2719217d4e38beed6ca6b66c00298bb317c4780b39,-1,-1,-1,-1,677376,752128,740864
3d45c304fa6c492e8e7424067c3ae139146534932cb480ca83e15dd45015bced,-1,-1,-1,-1,-1,-1,-1
c1d0e1c5c2c8ef8de5c1f9e2a2ad143056f215b15f6aca6925a997017c4490ca,-1,-1,252416,345088,517632,715776,639488
3301f42f0b06d08f794979cebc868802376bb688e10bfb24a7ef57c5370326b9,-1,-1,-1,-1,-1,-1,-1
52ca471843c0f45ae532314b708c5b301552554b2a6190e0a29b2a5ac64fc194,-1,-1,-1,708608,679936,696320,-1
69956da10137f25ef9c4f874620c28a8f47a4f77f96775f39fa3ec7640135e18,-1,-1,293312,741824,750016,750016,741824
1e5750693069f88eafa970bc23bf1c7e219a4eb39d7d85ed66be8565f35ff7b6,-1,-1,-1,614400,704512,761856,675840
19d0e92c70864154b8ea5b0c0f5c970216fdfc66e6bd2219a3b2740f38d16702,240,4096,-1,-1,-1,635392,600576
8ae07633c9a3e69a298063813926e9ddc5c9030d27c69286a51c24ff02eb0245,256,-1,292864,595968,608256,-1,-1
da3a9fabeee5db3784575e8df5063debabec99d2bf5b9f87d2b9ddabacbeec4d,600,4096,282624,588160,424960,386944,340736
2336457a790cf6978f9078bb7537b1b2108264306d301d64365e85cc6e71fbfd,-1,-1,292864,630784,687104,724992,666112
7fa7c7ddcc03d4e6f3d1192e3b5d8e73c20eaffe18a2a57e7412bacc913e0585,-1,-1,-1,573440,659456,487424,-1
b6a2ab569ab3344c098106ee9ce3ef5830215f2f24c5e9c80ebe2bf235c93c81,-1,-1,200704,708608,737280,700416,724992
fe4c0a61307f08d82e5c441c7cab9d1132db02f4530957435a81e2d380a85f3a,-1,-1,177664,749568,726528,673792,749568
d898f2ba7cbd49597056757360461773f570958af761d33bd878706c694f78c0,-1,-1,211904,672192,750016,556992,750016
007d82263a3894beaaa8104a305af76d5ebe434d58f09b863f2ce1d8908562a6,-1,-1,-1,-1,-1,-1,-1
e2a8eb8f7b6455352fd936c07e5c7a660ee42e6148b059eefa53f5d7c4a209d0,-1,-1,-1,710144,745472,457728,753664
68c4e91ad733cc9bcb8568ec8581ba1aaa93b9bb61f3f805cd5dbbc919a83114,-1,-1,303104,499712,765952,684032,737280
31dfce4b14c62925290016ec7ddeb95c0526a1e3d58e2aed8ada1d22b73b9603,-1,-1,287744,732672,734208,748544,742400
4cff24a57e3a8b8aae8216a20c68acd9f62ad8a824f399e96825fb1531f6b82a,-1,-1,-1,-1,-1,-1,-1
ebfb3bce343003c5cb93e57d2cf891ed61dd1e777bfa3587a00e2d60f7686ae8,216,4096,277504,750080,654848,657920,746496
29405ca82b2162e90b4204710678b2899c9c4be324e9e72ab79eac4302ba8658,-1,-1,-1,-1,-1,-1,-1
f80ac03c527fa7a8a743110c57f2479b48140d3e2ae1a61008faef3f926545da,-1,-1,-1,761856,512000,761856,765952
c65b12cda52b8f2d235d347125ef3ee417c367383a6545185bf8d3fde1bf00ad,-1,-1,-1,598016,734720,745472,497152
56da1546c3312cb41c841eafd3eea956c6a20b1726f604bfaa86c7d4864db9b5,-1,-1,289212,750012,655804,750012,733628
2e2763f99c3c39bbe3843175992fb533bbe487883c23be76e64994e62ab93e5e,-1,-1,287680,748480,635840,708544,659904
1250198cabd42e0949e10b3aa2c26adf674861282b90265be32e9ab48394a840,-1,-1,283072,431040,680384,750016,738240
24a6efb4bb94dbbbda65e1c63e4243c80b595646d35717545bdc5162c41b65be,-1,-1,-1,741376,544768,761856,741376
91158a5f8bcbdfc8b5c3846c60edb31458100e5c3ab52d17104a9602c733912d,-1,-1,292864,714752,731648,557056,750080
fd5ab71db045fbf2763b82d2cdb17218851b7f0cf7fdcefb524e70cbcfd7f54a,128,4096,-1,757760,438272,765952,753664
88003f2482a9333e4ab5f74e48e8e6df8cbb77609fd94146ec4ff95949a79238,-1,-1,-1,487424,761856,643072,606208
14b3c9839bf6fa8a824b69a88786f42d413df2059d7ca5bbaed64007d38784f8,-1,-1,290816,487424,745472,696320,745472
b7cd1ccf67780e9f6e715e60db0103abffea757ae612067e89e98a2328acfb8f,-1,-1,278528,610304,704512,765952,466944
bd85287cb9b9a832a47e4060532be90b652e769aa3674046a231d3dbe16b05dc,-1,-1,-1,-1,659456,-1,745984
73f87180ab9eea6bb7463d0717e9a80bf12f8d764616cbc8e5e0ec390c7d66a5,-1,-1,286720,724992,765952,753664,663552
a47b2cbf63ad7c55a41ac4037328dcf47569463a2691274bd7127c22b09d93f9,-1,-1,293312,732096,676800,750016,635840
d6f8840532208474627cef095e87f341828b3191fff1065fdfb4b77ef8de977f,-1,-1,-1,741376,741376,671744,753664
a9a3a056d4688c4f23aa1145cc88e78b554dc12e6e2eb91df53a3bcdaae19dc5,-1,-1,303104,430080,761856,663552,765952
936c2e1835e53b6fa72433225387819ccec04f8e938fc4af253dcacc4aeaedce,-1,-1,-1,-1,-1,-1,-1
346d62082fc1527ecf0f8c0ccaf561a5fde4e74137d7a93de2e20376d0b38527,-1,-1,230400,740352,742912,445440,621568
28d956fc186857273580f1b073efdb5fa17925b92d2c6340d26357a3d6bc6180,-1,-1,-1,765952,634880,757760,765952
20a6f4147e9446489ab4eb7f47fec24b563c4f1251a925921f485da524354c78,-1,-1,-1,-1,749568,720896,749568
075f6f930f18ba8296dde80a8851eb13a6f3217184e14651a2e0351d23c5f89c,-1,-1,290816,483328,765952,765952,753664
d715bbdd45920981eaf241237fe5e4f8768878cabf8ca76aba3b2446271a6429,-1,-1,-1,748406,612726,735606,745334
ff5d203a64a20f164744c89351bac2f4bd102163e25f3546994d3bcd000313b2,-1,-1,299008,765952,614400,737280,765952
833c6ce998137ad22ec1bb8050c936843d4a7c3afb9a5c718f289789551a304b,184,4096,140288,696832,719872,749568,626176
bced3767f41e2c5b09a993db1531c55d93194ff4da30f196cf1e41d9799309dc,-1,-1,292864,-1,749568,704000,749568
f0337da35612890ff69cead7414375f66c581a05546f47dfaa77e8e59c9431bd,-1,-1,-1,717312,746496,735232,747008
a6c150637d4a0d97b433f33d794e62766d3464504b6d4605fb38e4dbeefc8ea7,-1,-1,-1,-1,-1,717312,-1
a68429887de6c53ad2190634e3024b3d03fc0d264dd5a430d1a962ab3c28152a,-1,-1,288768,741888,456704,623616,745984
fbe2eb1d9bcabd77928c338b5a27a57cd0045e0d3f135faa4d21387751d5d1a3,-1,-1,-1,643072,712704,737280,667648
50fcca63e3fcaa9e7e66f69d4f0c8604d843dd4731878efc099091c3727353a5,232,4096,-1,303616,1024,1024,1024
3130f44d41935fbfbb55ddaa26ac4223e788611e233e5c06c4273882be88f751,-1,-1,-1,689664,753664,753664,751104
11e39965e83445d3e5145c22e8929756e1b900f19e294a6b99c6f5be41759401,128,-1,294912,684544,754688,623104,703488
77bf32443b9c145e31b95dcd4166a928034011084160db1fb91d6f97d6f45225,-1,-1,287232,747008,749568,738816,686080
e054cc4098c775e557bb7b0298f0e73b84f6458f8b67f70ce7039bc414828f2e,224,-1,-1,747010,750594,750594,723970
6114bc86f3499dce91b7d0a8f135eabc122308b1184d4e71bafa3a64fe0a3b29,-1,-1,292864,694272,749568,749568,749568
40af8466ee5ed787d6fb1e8ddfe584ee2c53b661865446a2138be957fce41f21,-1,-1,-1,744960,749568,635392,671744
fc6a698cf73ee8009104d1713b7809b439e83b6286b79e613a0d1a2ce2508a39,-1,-1,-1,734720,750592,750592,750592
98934608dd2e597ec456dcbc4ae373135a9804dd36c55fc6c6a126cfc590f9dd,-1,-1,-1,548864,757760,573440,765952
6c313e2275c05dcef7ceefa4acbd6bee06f0127c1dde67d96f6b79a237acbc8c,-1,-1,-1,574976,753664,753664,753664
ddf6a5cb585b9eca6fd4eb15adbcffce64a6535e66029c671feda8c16f3ea9a6,-1,-1,-1,692224,765952,-1,765952
f9e7b344bc0188a5d8706dc3dd070501a1e76bfb2e14c7e61050c9bf5ae89c5a,-1,-1,-1,721920,571904,749568,749568
d7c599a76dba99329fae4b354533cef16dbaee4090affafc49fa229a35b59de9,-1,-1,-1,753664,765952,765952,753664
5099039dc0c5f4b60d929b6f82869c5468af1151163260d63a7a2a2009e21f09,-1,-1,-1,614400,753664,761856,745472
5e61e8c5a31c74345fac6498542fe1361d1f6eaaf2b0ba02e821a260f2a6ec42,-1,-1,-1,448000,753664,753664,753664
cd712daa48d80a239cf5aab6c6ef2ba739eb485c45e1ac19ccdfc39a3b9100f7,-1,-1,-1,753102,678350,718286,753102
93fd4f636edc0a3e8e36d5dd28205f72cdd4abd82e0bd5aec190e416e7109ec9,-1,-1,290816,560128,654336,754688,743424
94d69a37dd243aca65fe59381d6dc77a65bde6b2b51f819a072173dba2da1103,128,4096,285184,722944,546816,745984,722944
2c0a9cf4d6725e09277085a2a4f9a70666afc218c365a69a6d254da0b5c909bf,232,4096,281600,749568,684544,748544,735744
4fcbecadc2e6f0a968ef3a8e5decb2b89723ace5b19d4481881e9f483d49c83b,-1,-1,-1,-1,-1,733184,-1
d9111dd1d99b7c6c70b44cbc3b589dc3a1c5b47d248241eaa748a31c10e900ed,-1,-1,-1,617984,617984,684032,655872
af852653d88e101927e48e4c4b965e39c03afe3dc826a8acb72036570557a6d7,-1,-1,-1,749568,-1,749568,744448
04759cfc4dbf140dfce857b9ad23dad696ffcb722b1876a37f3bcffcce45fc47,-1,-1,-1,-1,-1,-1,749568
0fdd5e26e7a60a3578498a4d35bed0fe038bccfe35574042b74b80a7ab85c014,-1,-1,-1,765952,733184,692224,716800
74d52e4e27fc90f86ea4a6e1c5047525c6b51fddbc49bcaaa9758ffe33aaccc0,-1,-1,-1,624640,749568,717824,693760
b487bc680200a1da38c76f61c2a54583dbe68ed2fdee735704fb6e57645cb4aa,-1,-1,303104,630784,733184,729088,765952
7afdcef664c2dc18dd5eccfa0836cf54add451f5d51516e4aa34c6ef7053272d,256,4096,287232,752128,627200,752128,743424
c0a0017451ceb45502396a726c8cd03855df741dbfb3a507ebce7c299cd18092,-1,-1,-1,737280,716800,761856,671744
d712cc983c41a8d6257f48ad3872655e04c83afffcb1e6198cf53c0f34902456,-1,-1,-1,655360,757760,757760,667648
e1e52e71ba20f5fa8d53ad2979826e2bce0cd834b2add54b291e949de57f91f7,-1,-1,-1,692224,765952,729088,708608
5e6a292e6d6996365623ffe497ab0bc98f5ec6056f4e5aa14cd04233ffdc926c,-1,-1,252864,746944,746432,750016,633792
2e54fa57a65b35b53a7fbe85b092ecae8f3ede9431913d4543a6df299cf006b7,-1,-1,299008,659456,765952,765952,729088
ee7931107c8a4120ed831f6e531f7fe7dc0896e40c42eb6eb85f210f69ff8c17,-1,-1,293312,750016,750016,692672,603072
71646b9735943752e7b210bc2051c57a1e73aa861e99dca666d0b58aec7bb540,-1,-1,292864,727040,750080,750080,683520
e955d4a412d993492fc8932ed4d0efd157eb77f54e9a443dd56dfeb2ac6ee834,-1,-1,-1,-1,650240,-1,534016
bc0f0f9da963a3ae2d90bde524b25106efc9718ea707d26836022296c5271548,-1,-1,193024,719360,633856,740352,750080
8b69220505aa9c8de5ee2b6ac52421f44ac77be4e96e0688cc1db6679ece4400,-1,-1,-1,491008,747520,740352,650240
3623b0b99b0d350b30bc9b35bff086894c28f2485f1dd47ef00fef7f1b18b33e,-1,-1,292288,709568,725952,720832,673728
6f89ed1cbf8a558f6083f19c51a5d9ccf40309717572f08a51e1423a2792184d,-1,-1,293312,750016,750016,750016,750016
76c4d97a03c31bdc7e86f9a6a5f1140bdcc5efa897074a1b714f4149ae60118b,-1,-1,-1,718336,753664,753664,753664
2300c741d1366bdf1973c7aa6d5c37af1c805ce05ac4097baaf240656af5028f,-1,-1,-1,614912,727552,630272,419840
f7a8cec7952338833c2f6a8c413a98a659744cf6888e3b0e9da50d38123e22b2,-1,-1,-1,-1,-1,-1,-1
f540e967f652d07508d3a6ed739e072630da13c69bdb7b70a99fb2d1e528cac8,-1,-1,-1,747008,718336,746496,749568
0a1ee898d80d864ee43817e1ecf047a7494f090cd14a7a0578241c7510888d47,-1,-1,-1,623616,-1,623104,746496
28e27080c4ab0f4363b5b0d178f83028c31e21e89ca355e8ed67ec8ccca13dd6,-1,-1,-1,723968,-1,743424,643584
547352aa7685a539c06d20ebd8e85c4dabb63f37f73ee0b3a1b2dfa1efb87562,-1,-1,292864,-1,749568,749568,743936
ad10f4d6ca0685677a02bce06df87425658c6a9331256bec8f59d81e8ecfdc97,232,4096,292864,593408,710144,742912,696832
318d905fd10b6034bab4e2f8abaca724027ab4dd0b6675080b1aa5ce8a266615,-1,-1,-1,650752,634880,727552,695296
947e48686b3d46eae7ff6ec9c5bfbbea898018bc9dfd0ca3e8f4c964d7792c6e,-1,-1,292864,749568,664576,456704,742400
165f4dd6a8c45e923c680b162507ad23a306b857b9a40265da55e10a5ce776d6,-1,-1,271872,734720,736768,735744,670720
64eeaeb7d275b2cbde24402db37519f1b589d7d26ee5827dea56a732a66d8fce,-1,-1,292792,747448,614328,750008,750008
549d9b72d4140c8e99e0da1fa5983bd3239d76d8fea5bfb30058bc51401b472b,-1,-1,-1,-1,-1,-1,-1
d119c531823fd931dd5234e856cd0609d3aef6d127602232e75c93e3a4fc7943,-1,-1,137216,750080,496128,703488,707072
efc6d46f8e7d0f2930231a500f8895e19cdfec69ed53f03108e4039b7ce92c95,-1,-1,293312,656320,713664,750016,738240
ba5a793b2faf0f010b527714f8cd3827df3c9c9756b368d29b68e8a37599772b,-1,-1,292864,700416,749568,662528,749568
814f57d2827ad457780b50b17d91c9f99fd32e08473170debf3b43bd478ab561,-1,-1,304644,697860,718340,718340,734724
7b6fecf392f21da4018b7a3ad5993a615f07433c3ca287868ddde45c541cb768,-1,-1,291776,635328,750016,720320,750016
9ef2e6682de654a555c96f279be3c1963dc94d346328739a0ef4c5d92603e1bb,-1,-1,276992,749056,732672,577024,745472
a9cd9f5342638ee9ae939c6fc1bfaacbe1e4368167d97056cbc76573eccdfdd9,-1,-1,293312,750016,750016,750016,750016
a28775a7ab3c39cc6cd726f618102418ac7c5cb1399970c7b6132105a69c2f66,-1,-1,-1,-1,745984,728064,658432
7003206a14513d3e7e4db65a4bcfba7e3ba6a96f5ef527e00d5bf63adbb36d08,-1,-1,-1,-1,-1,-1,-1
9c9ccabd087c703f91847f1ceb0480ecad93231df9270e6991797c4c37f27e01,-1,-1,-1,548864,753664,647168,720896
79372fe4a393a8c8501dca5fb94de4396db4f71165ac9fb2c6c8232ba48dcdfd,-1,-1,-1,-1,-1,-1,-1
3ff83b43ce3510de20d9af1db1f9a9ba2dcb87eba7dfdce8a814494ccedad1e9,-1,-1,-1,660992,749568,749568,-1
3ece19902044afffdcac017e9ccc4b513f3bc496e4e15314f2473f6dc7076ee2,-1,-1,-1,752128,752128,752128,724992
aa7bba3abdd062b9e6afe048c1ba5b3e913099fd83cf6ca172b09fa7c77d9415,-1,-1,-1,667136,700416,733184,609792
a60d33f7d63ffd142de2adbcb1baf1150dbef329a8cd89498746636e998bbf6f,-1,-1,293312,634816,750016,742336,750016
82dcb20f35b4bcb029c236a812379f2ac0aa648035a05541d6c5d18843845d21,-1,-1,156672,693760,556544,724480,619008
1cfe1d737be950a683ecca5e1a1bb3cedad4043bc4e9eb25baee847702484735,-1,-1,-1,656896,708096,750080,719872
5dd8320ec546fbf7a8c1cbe959720553a44179549570c20a829d622febbd8638,-1,-1,303104,700416,675840,724992,745472
763b1b3b86b9ba91fe5d1560ea574ef9b0cc8895fba62d7ab6796b49cd0e8e17,-1,-1,-1,614400,765952,-1,-1
7b60b643ae8ddb0c37343e081d249b687bb309c80db42a7059fe37955835ee6a,-1,-1,293308,659388,750012,750012,750012
fab2c07165f3ef4623c5425ddb511e87a87d7e9d840bd3bf92a44dd4ce0ff7b9,-1,-1,-1,-1,-1,-1,-1
708a969fef6ed5a2f6a41bb2958eddab7935c105f9ad64d804bb932e3e34f261,-1,-1,293308,750012,750012,733628,737724
3f51e003dde55af180d737bf09cefa8b3a111cb4233eeb547cd5e18cb2291207,-1,-1,-1,-1,722432,749568,749568
5e8b4b0a31da1305b6e25f3649e24dc4f52317fceb10f66b307a33076831d645,-1,-1,294513,732785,593521,704113,691825
92501cffa01455afb3a2678f31c3c7a7b9ce74f94d538b0656ef4fcb23068f9a,-1,-1,293308,750012,750012,750012,629180
5d479e51b790afc80ce07c5c0b33325aa8cbb5e099a2bcee941df181593d147e,-1,-1,293312,720832,655296,718272,681920
d16375a32df5c3a4242ff9043eb1d9651e0ccdf2deda338890f1ac55dd1f29b4,-1,-1,292864,749568,714240,749568,749568
142c47fe590732d509e50318f4bc0f6cba929df5423be864d049b2d308f6fb4f,-1,-1,-1,660101,727173,747653,749701
f3ed1e1ea1aecbd897c083524cd38ce51d5e324577d5351a30190e6d00b255d0,-1,4096,177664,741888,751104,558080,627200
77d7acfe52762a7605a9ce21306e80d9bb19002b54cc6742f930bbeee0bcd17f,-1,-1,-1,749568,722432,749568,749568
c0ccd62d48bb0a58f45c3e29ec832d7d21f81307f8585aec591c8dc9907432ef,-1,-1,-1,-1,752128,732160,752128
a32dc18ea2192da7d1f1ddf3b310d5e6aa1f49c45a5f43f4ba5a3179451f0aae,-1,-1,-1,622592,702976,738816,-1
0ad38c732a1c16087720ba3e2922a9cb36f25cb59283c8d09a33025f3400f98b,-1,-1,292864,723968,735744,456704,746496
7b4054c92c96ecb8932d92db769bcf5521178640a74da82015bae3d447b82216,-1,-1,292864,750592,661504,-1,750592
4f373cff028d4ab5061fdd7f16022c4bafdffc5b0c58ff8eeab83ded1f19eb23,-1,-1,-1,-1,-1,-1,-1
856f05d060f7a0af4dab3b7f5f8581feb335f6b10065b479e0b624857650acba,-1,-1,292864,706048,744448,685056,748544
142da27b021d6a7801ca398ea47ba2552a93ded254c16f68ab84487b88e2fbaa,-1,-1,-1,587776,751104,497152,731136
59721194dc0467ddff03246975e8ed314402a2618f9d63bfe8f15e4c2e5aaaca,-1,-1,187392,747008,709120,618496,622592
10ad0e302c9b20cd51125fae73efc0215e0459a40fe94dd0d4656b690a980398,-1,-1,287680,703936,750016,709568,701376
a2ec381bc793346d076d4e13b8b468ee985343e984935317e1344104925be9cc,-1,-1,293308,745916,721340,750012,670140
0a59ec3c9443bbba1071a269e034b7a34948c8f5488e2d412438985d5731148c,-1,-1,258560,749056,749568,749568,749568
a56dcd2a77ceffa5be3549c9f29896866f314b3c796539da8ab6324dfca5061e,128,-1,239104,687616,703488,345600,754688
0f8c497cb4d08aed9de006e187778b95dbadb732262de652903938ca7a8468b6,-1,-1,-1,-1,-1,749568,-1
c321c8259b043c2ec57ffab693e1637dd96cdcdcfdc9c959dbd2b81dc7b52bbc,-1,-1,292864,721408,-1,738304,690176
f9a2478285bf71dbfe783756d249f1ceeab8e22a7d3fcfa278a41750c3297e1c,128,-1,8192,654848,577024,561664,577024
b1ccf22c241947c635fb63e7116229c26cece75dc32a584e299768dc7bbf305e,-1,-1,-1,603648,693760,-1,749568
9c50994075d5819205c4c179c48cb128745a9bab125b2758b0a9e45276c229a4,-1,-1,303104,638976,765952,696320,729088
477c10379fee0fd9d948955b1cbfec78460e845423c4f1ec4c2bc730025ba03b,-1,-1,287232,515584,747008,737280,743936
5dc09f903327308cb2d2c206189c0656acae6d2cd8eb49137f21db07ce0b34ca,-1,-1,-1,-1,-1,765952,757760
0f538a54aee9afe87f1955970f97c2d64b5a25b9ddf73af2abda3c0211391fb3,-1,-1,-1,-1,-1,-1,761856
840011fa811c8efc25ec561aceb51848cafd6bc25019c70814f4e24e54251b15,-1,-1,303104,757760,765952,696320,729088
f47bc17b9bd9d47ff77eb1ccf2c0a99f48bf909fdff605617bacd221a940df0f,-1,-1,-1,589824,720896,761856,765952
96296f8cc527e8cfd788920921013d90dfa8afa39b6d5647c13c2870875a0ca1,-1,-1,-1,660992,527872,738816,747008
530553169013e4fd68228a129661d66a57341df4a429af7e2bf82358f733ddc7,-1,-1,282112,749568,730112,738304,718848
07ad5c2d0711120ae253296c04f89e3d69f0ce413b51a1b844a8d840d9470a3f,-1,-1,-1,561664,253952,749568,715776
41045207aabe5c95b190004e007c4ea6cbdfb77b58e510f7c1a71a0356f38e8f,216,4096,46080,703488,738304,740864,189440
fd4201d7e0f900b9b2035193517115eafe33a5bcc4937e06d8a7d68ac1d1368a,-1,-1,-1,710144,625664,668672,749568
071096db3cdeaace5302c22555bf0451a6d7b340b1790312e9d4fcdffa11a5c2,128,-1,17920,669184,694272,691200,740864
72990156dc05920391a8ebf0f662e1d6f477223cb8fc3fb03c6566d67fcfda40,-1,-1,293312,746432,750016,750016,747456
7433d1066b40187e53112061306ab625ca8e986683fc752300c0f16e6ccaa8c8,-1,-1,-1,753664,475136,753664,364032
e48f77f6c3df5160fcc089300fb725ca2ac49c14fff3542846d1af0f1dd5a1d9,-1,-1,274880,672192,340928,746432,750016
4ffc92c4338e6f6c7227530e72339a2775b850061f945dd513d5bbeb605fe76f,-1,-1,-1,-1,688128,730624,734720
695a030738f9df2874e7af46e808fec556990df03cf3e5f164c605f265d6a991,-1,-1,293308,750012,741820,750012,750012
5422da6e09cdcdb8b533d5d63fb5ae8fe3129bf168d75cd2fd5911c2848f22aa,-1,-1,-1,-1,-1,749568,-1
db1050ca6f91742a4714a5cba1ffa32c441d2752d7a4dc6be2b770431f6b32c6,-1,-1,292864,693760,749568,749568,729088
c98b774f296241713bb8772c0c065f00fe04db2e5338d58c8b0235a85afd2e0c,-1,-1,-1,679936,718336,720896,749568
9882ca477d54991ed25ecfd32c5b1d85d0ce3146cd9f3ce84f2355bad91ee059,-1,-1,293304,726456,748984,659384,738744
ab9efcfc8cfdd2266320306a787f307803d0e943a3d85b3e09b5409070921197,-1,-1,-1,698880,749568,749568,749568
f4988ab4b8c5a2ca03499591b48af67286628fa3db78d75384bfa975f1ab0245,-1,-1,-1,-1,753102,753102,753102
938bf2b021f6006efb1205868c4b6974c3bae94d9c8990c6a5242803741535d9,-1,-1,-1,753664,753664,738816,753664
2b24550abd2e88bcb898a45425584fc9c51ac52e2e33b410396586cdf3fc00a9,-1,-1,293312,500672,750016,750016,730048
da00eddb31b928d525543b40863bbe9ccf415f5ce00a1d2b1fd1dfb058283632,-1,-1,-1,700416,733184,765952,765952
e2c7735199832f13d97b0ee292e9b234a5badb2f8020268ca43483f9a7162379,-1,-1,292864,673280,695296,-1,747008
34fb4a4ef9bc64db3888ed85e0206d53229f7b8e70c14ead1fdd745934d2bad0,-1,-1,-1,-1,-1,-1,-1
4ecdb07982b93aab840bd66503f90ef1920ccfceeba482569636d57cbb4ad4b1,-1,-1,-1,-1,-1,-1,-1
d98a9e360a5ff0aef0aeeda28cb140febbf188258bd260399fa132ece544a251,-1,-1,-1,-1,-1,-1,-1
4b3d3991f27fcd1dd8a016035d6ed6c9016aa5944236cdcac0d2e6e2a1ae93cd,-1,-1,-1,614400,520192,733184,757760
43c827d67c37781ec359a9d6366deab0a2233251ecbfa753f0add4570f138b3b,-1,-1,286720,720896,733184,696320,753664
08a365c7b8e16345771940796a16d312b4c5f381e2845aea1b79690c772d1b2d,-1,-1,-1,-1,749568,749568,737280
fa8c9ea4391f6105cec059d58d2695eb5481a6db7f88e683393362ba9fa89f1d,-1,-1,-1,753664,628224,714240,753664
b21c884517c74988dc10d402433c8e24487a4ff5787cc502e7af51b73c84ec67,240,-1,-1,720896,724992,757760,638976
010692ab929f0e7b7df522708f67590cd84506b59d1cbd7cfc7120252d233413,-1,-1,46080,613888,658432,747008,747520
cc0548db95f4da51f05f456dde49d2a4e9da15fb9e389a1982fd2b331805bdcb,-1,-1,-1,716800,602112,581632,765952
eb319a2aa71f3e80f16d354e9dd94b2239858ac4b8df210100531d03ddab44d9,128,4096,299008,765952,729088,753664,741376
816a21584e8945c0ff098892f646a078848b52cd76d1f9bacae6e3f3359f48cb,-1,-1,304933,669477,735013,759589,763685
cac36762e6c2aab975b1095ff296c4058dca18bcdd923ac0b3736ffccee59b89,-1,-1,-1,614400,569344,684032,765952
75a5a4132b6333170a7e7c135377717f2afa909dd7b964b02d1ee69af5eaa2bc,-1,-1,282624,729088,598016,704512,716800
0e0869a3f6a90a41c6a955c5e40c0e2fdb17c1b01295e6db2630e6a7d6566889,-1,-1,292864,-1,-1,633856,-1
d29340582dca0d2d4569c4b759b41b6be282d187b8f5727fac0cb5cec737ff2b,-1,-1,-1,-1,-1,-1,-1
529de8043079c452d3dcef5d1b6078307ae8e21d4d4b3645c51ca5607d62063d,-1,-1,-1,-1,733184,-1,704512
3484ffcab3326419282f1ceefce6a617f3207733875daa3522d72b3452f8f442,-1,-1,292864,749568,749568,748544,677376
6c76312558513dba3f9f01fd496a5d844349cbdd67b3b7900c2661c73b53e305,-1,-1,285632,750016,718272,750016,713664
39cf5ea18a5b4a073b4453c67c5ce591e1edb2c0366208d67dfd8c3d4d4d53af,-1,-1,-1,753417,703753,753417,752905
aaa8105afbab263005164fea7fe329de56a38f88fa0a8d6f49ee490f8fad66f3,-1,-1,292864,749568,733184,709120,720384
60ce20a2c884166e0b9185349a081a94457f5bf749008e2b5800e944acd3b576,-1,-1,-1,393216,765952,614400,741376
f3e06a71cc8723b491e423d7d865ef4248b1021c5d2ee5534b217d17ebadc7a3,-1,-1,299008,471040,-1,733184,700416
725103b9409a0d2d4fd5ec59547a86a1f615ac48763d50c8ef64194feef861ba,-1,-1,-1,-1,-1,733184,765952
79fc337ef7d6c56bf33e16cbab33c7549ca66aea3389372bef5db1f9f49ed2e2,-1,-1,-1,638976,765952,745472,761856
ddcd5ffa9f5b2e2bd0b93607633bd1a0f4324869b131520b24b4f30c9a7dce28,-1,-1,-1,-1,-1,-1,-1
3bd274400bc8dfd0ae065ad5b1c379d2a76d11561ecf5ce0528bedaa923ad593,-1,-1,-1,577536,757760,446464,761856
34ff3ed9fefe579c3989f65d3405ad5ca13d876c77452ab48a8628e9a961e915,-1,-1,-1,-1,-1,-1,-1
9e51b81ecdb3425f6769cf7f06974f89e60ed3f5be7468543ea3c75764d50d96,-1,-1,-1,761856,737280,753664,757760
26657e088b53bbdd020663660f4c003bf4baac22e2ca1a2e4c9cbe508ff54b4d,-1,-1,281600,731648,676352,743936,731136
3ad3da49e2ab172f149dd1fa26275c63945b05a3e8e54d2012015d7ca8f3ed4f,-1,-1,293312,750016,703936,738240,734144
065532b5884d67aa02372cd3167e5a0e68b2713f82bee9d9c9186b5d2b13b1f0,-1,-1,-1,671744,719872,750080,750080
eef94543999ab030c4b4cb77e1b2ab563a98e0964abde3cf4c4f374d7f1aaa82,-1,-1,-1,675840,724992,765952,741376
db8334d590b3145c9a0e48b45b69eca1f4cf4d9d35da06a3b139617e1fc89795,-1,-1,283648,735232,749568,750080,741888
643586f8b15b5f2a075e31356e50f712581248b05d2677afb78d086de98603f4,-1,-1,-1,753664,726528,751104,751104
1b66d4dd26d30704de9576d3a9f8ea3183dbf82406f2967bf089be7f76a4d607,-1,-1,-1,614400,-1,733184,757760
eab00cc8d994b4cb62dd482781d1b740a50fadec25cd519022ba4491360c6fd5,-1,-1,-1,667136,746496,713216,685056
0696a4de657bbac43bc9a4b6d7e36328cf45cdb3cdf4032c93942b455ef0edb4,-1,-1,-1,-1,585728,765952,765952
f258e75d1bd1304129dc9b84f3c768e5832750407b6c64613712702119ddafa2,-1,-1,-1,737280,512000,757760,581632
066b0fb504df8bc085c59e42bcad39050c869da56df328c6783d62b13b77a0ca,-1,-1,303104,663552,733184,421888,757760
c1bb765bc6073cb058ecc842f8113f9defe42d3ed4120862cd047747a38fea7d,-1,-1,-1,-1,-1,-1,-1
69d09366c10d375fc6a0e24d5e9854b8608d1d1fefee72b4b2b2fe09a4437773,-1,-1,268800,471040,683008,676352,743936
5d7589bb13f0e85380c0c93b8ccae981700afbfe5777a28fe313300e41d7fe11,-1,-1,-1,749568,-1,749568,-1
24771292c9b58c7fb53cf0c3e90b0d574195d8fd0690f85dc8c693ce0c9d6af7,-1,-1,-1,-1,-1,-1,-1
afb1b2b80e6b8657928594a74b4feacb8207aaa47080e7a87ab24a10519179e7,-1,-1,187392,734208,750592,677888,750592
713cd9d1a90f32287bb811f64da9c398ae9c3b1127d370afa9337ffe1830582c,-1,-1,303104,757760,655360,675840,565248
b37a3594e33d9a135c786295325ec3f895f734fdf78c5bdc7809856957f63192,-1,-1,-1,602112,761856,761856,737280
349ffe84302f8c464a7b34c899f5b20b521cefa89385c1c622b183c95e08eba9,-1,-1,-1,736901,456837,747653,555653
e4f9106e8239ed25274cc3be40d95dd936e3c7a50ccae3eb5bd23bcfa03636d2,-1,-1,-1,706934,751990,-1,-1
efc162d9e3dcfd554dca1bae2fd87dbd44a886de2748035982916230cdba2b5b,-1,-1,252928,623616,748032,650240,707072
5fedc6985f7a1031fd72e45fbb45d0620f064eaea53b73150677b87ff77bb581,128,-1,108032,679424,637440,696832,736256
cca30e9a5772beec7cd796ca9089be5a7a7174bc9ef2d163ed057779d6c1d53e,-1,-1,-1,674304,665088,709120,704000
f45eaecf9bf3a6e40ca8bbd34b35cef06b345b2f95fb3f6550c145d699899150,-1,-1,-1,765952,729088,761856,462848
5649eb43db036b0ca94601f3e65a1c685a2715a60816bcb8cc7ce835d006e038,-1,-1,262656,631296,386560,726528,708608
57da13e88d0953ae55822b13f13fc9c18ef1c9d12cf0cf61bb9e0aeba22cbeda,-1,-1,293312,750016,614848,425408,688576
4e338ad8339fcad0cc06614bf1cd2279051ee3a21102aa5f7f7339e443b90069,-1,-1,-1,692224,765952,712704,765952
8324cf3189197483a43a22176c9e886d71ffaca0aceee65839d05bbb73baeba5,240,4096,-1,716800,741376,442368,765952
1dd75c99886bdb833696497e640401ff71f159b5086dfc22f49846a57979ec75,-1,-1,-1,750592,-1,-1,750592
48ce2e16fef2d7096765a8787a011ef2e3a5fee1c4eb399b943ad320b2034aa3,-1,-1,-1,700416,716800,700416,765952
1de6bce1f0a7aea3033ded8a37659404c11cf299389481f09b657a82a382db9d,-1,-1,303104,733184,708608,765952,462848
2140e749ff535fd8d433aff812202083e5d75cb7d92d3c68308ea2c69570c113,-1,-1,-1,733184,-1,753664,-1
7d9156307604ddd0bb257ecbe78cc6cfc739970f713de06235c53ad7b23e9645,256,4096,277504,451072,644608,742400,738304
13c9f5b8741ea55baa99ef64eac9852717f7de5b2b3b226b93e0290631250663,224,4096,303104,708608,688128,716800,765952
f6ce4df71d69aeb0e4311441ef9663f52da61ecb2c72ab079b802cbfd858a586,-1,-1,-1,730998,657270,722294,753014
cbe0115b39d9bc748d80750184a045e4c4e502b3a682d470ca5f4775e173e15b,-1,-1,-1,-1,737280,672768,737280
95e9ffd9bf6f30042e23207f986419fbb2ddfbcfdd0f5c9e0bb189873a9e578a,-1,-1,290816,636416,743424,748544,745984
144da868a0ca2790257bee92376c9c20747b72c5ceca2bff2b1649837bcb73ef,296,-1,292864,744960,688640,752128,750592
b752393e9086c46b4eacd3c880b8de4c417e5fc45c3b9a12305b082740ba9d0b,-1,-1,-1,-1,-1,-1,-1
9f3d746cecf6ffd8237534ce859cf1e2b2d2d558b72900971b836c5ade869a1f,-1,-1,-1,430080,-1,430080,-1
047806b7669d8d0b1e14af23343d9961e0c61890e7addc8908dd731d2900960e,-1,-1,-1,753664,753664,753664,753664
d344e38df981d7b9c4b46dfd9dc7c0d31fb34601116bfef0e0cc04e0006d6128,-1,-1,-1,708608,679936,724992,704512
db4f5974ff94ceff42eb994c54eb2900ef37e91502db9ff558bfc51e07b6cd70,-1,-1,-1,616960,714752,675328,627200
69b9a4231c832fe380b5714f8810ace0817442ee594dee2a4e38a355300c4f19,-1,-1,-1,-1,-1,-1,710144
b0519abc3cb54e75ee53725a5cf876495ac802c547a380e9a88ddaa38f16d63f,-1,-1,303104,466944,565248,741376,684032
f98356fc750615fbe970111c4b1861db4f30b13bbe67554066d9ed6de68eabfb,-1,-1,-1,692224,737280,724992,765952
e07e3093bae0fc024fe9e679896d7848d657583a9f9c9aab143145605ef1a03f,-1,-1,-1,-1,-1,-1,-1
2d796161e70b39c9ad4b15be9042b2c428cde0a8b54a154570956095f04f412c,128,-1,249344,529920,600576,690176,461824
2ca0039c0075263ac83ada422b3574dfd7ec1e30be6f4c830bd43f4724a9151a,-1,-1,288192,568768,632256,703936,728512
df72d16922bbbd4e3f94a072955f2096f6e6e349b3706684232ef58afe794d10,-1,-1,278528,479232,638976,745472,724992
7c19f23416df7b2b82f79674e5d5d690d483d1ddf9b1364a67b8815ce30acde3,-1,-1,-1,709120,675840,678912,-1
0f6ce0d0a5fecb750d59f28595f4e4259d37d6bc2473ab49ec6ef6549791433f,-1,-1,-1,656770,-1,738690,-1
a307bd485f2deb9900fd4c86b3a472c6ff7231c8521c9364a618047dcf766ab8,-1,-1,292864,739840,664064,749568,699904
5b65d7bc83a944a6da95a124eff586b14ea604839caf632dd87e7646d01ec1bf,-1,-1,281600,753664,753664,753664,693760
1fd1e18fc0cf54691ce62599718558ff602240361abf5d4169fc4a7e0f05cfe0,-1,-1,-1,-1,-1,-1,741376
b2c523e311076a3865bdabb4343c093b02c918897a4ea369934fe937e35a8e69,-1,-1,-1,737280,757760,716800,-1
3a562582decb157f483781c8f18efe94d4f28470ade85495a4f10a8e274c52ba,264,4096,303104,454656,684032,741376,462848
c11f7834faaf8a5ae2dd7e588a3690d8dd27c891ca08b018b9b9428b0d3b1e48,-1,-1,274432,765952,733184,761856,462848
c6692f955b150ebe071ef594547be1f19cc805a65819fbe1b5fb2670cd82966e,-1,-1,293312,621504,623040,750016,675776
ea8ed962d7a0ace3218e31349f58a3fcbb00c2b45c484511e6adc5ea0cbb15a8,-1,-1,288768,606720,753664,753664,741376
3b04064e17e7949924ca6d56fcd94ac26264c3d20618ba1e29ffed23e0bfbf11,-1,-1,-1,-1,742912,702976,713728
1b5acaff54931d02df82663ddd8f8032ee53934e007a76c2df97475cd450c06c,-1,-1,-1,-1,-1,-1,-1
09942c780f465d9a0eb3459b35eb6e18471812511591a2c51469bc9ac8be275e,-1,-1,-1,632320,749568,749568,720896
46331c301a2e174787a444d7078da3cf6b87934ab07ae14fb20c3f0895c41228,-1,-1,-1,458752,438272,-1,704512
cdd6d127eaae2090917e10301e3f0de8ee32cec7360d73f61153788a3aff024b,-1,-1,290816,745472,385024,720896,684032
e153b52fc3b12c562811d4db61759946eb6554e0e4d405fa83180cbd46731b39,-1,-1,-1,-1,-1,-1,-1
2cdfadc5ec3d419d97116f125f948e928d84cdfa26fb1e4d7958e4d59139dc3a,-1,-1,-1,747520,-1,-1,434176
5c7dd0956241ffc813e7851ee334d5aa46817ea18d22ef4044805ed29258cbe7,-1,-1,286208,633856,635904,687104,710656
f5e739cb28a081547d97999ec43a0ac7d9f5572b3fe2c81ed299b9f6886c2b29,-1,-1,246784,750592,670720,658432,713216
1efb1aa398c7f43db476fdce8869bfa179475e571b1b240a2681ae5a674f8630,-1,-1,289728,631232,685504,717760,654784
14a9f3fe18677549a263a27f079d014349808c0b7722dd91d0f6aab30fb34a70,-1,-1,-1,602112,765952,757760,749568
c65aee3301842c5d8dd04625fa317b201f98d19f00589e0b1bfa625f02eb7781,-1,-1,-1,738816,753664,712704,747008
b53d2804055bfc92999208450af1a69e6700e6675ef3bfd7622e10d3128afb8c,-1,-1,292864,695808,747008,624640,717312
9abc66f6f4707e08134d8a2acb7f89c03d11baa735fa348a66ef7ae0220c5c50,-1,-1,295424,658432,723968,743424,724992
2b0726e10244449af98f78387daf47f0be00daa0d11c0fedc3960f873c2ef4d2,-1,-1,293312,750016,745920,750016,738752
56aefc54d0d7eacf824cd7e87d9f26ab8ff4d62990bf633b89ccd0665f0803a8,-1,-1,294912,716800,765952,761856,745472
a7fd4580fd047630dd5c7c3f729b4b4b38b7384d359c431b3a26c1476632a781,-1,-1,-1,717957,648837,440453,624773
a89c7c0224055a9678b9998c3b959e764cfd2d8644a658aef2b20437f1d4306f,-1,-1,-1,714752,-1,-1,716288
6a98e423cd206ca80e6d6bb3664f40ec63db027c62cb1afbf756004272990f74,-1,-1,-1,-1,-1,-1,765952
814e2e7fd5f0d0c79205b5cf44d416ecc7ef95153557cf7a3f998d66fab7c3f4,-1,-1,-1,479744,445952,486400,634368
bfa49659724526d0633856ef959f2199147f62364e26a7e58c5c3c95eaccf523,-1,-1,292864,745472,730112,749568,749568
cef010e832f5a73a0ccf115e41eaffade111693e65a0418b3b2dbb2e74a7407e,-1,-1,303104,749568,753664,757760,765952
ef4435d9d7c4b3929c20d1376c8dc4a7027eabf1a390c73d5ba697c90ea16044,-1,-1,-1,729600,749568,700416,675328
a8ab4254e77aad8be02a250e82de074e04c086b8fe341159ff88a44ad267b224,-1,-1,-1,617984,572416,619008,634368
c721be89041f89b6f041d89b0b586cc30557e59d1ea54bf3175eb4c0c8d5d613,-1,-1,-1,753664,742912,729088,753664
03fb748a4bd37a5fe456651b4aded8038a4ba467209526a30f2e96bbb3267dc2,-1,-1,-1,-1,-1,-1,-1
a1acd4131707d96527bc5ce7f26aa9c7bdd641bd2c991f6ca12e9999eda16aef,-1,-1,299008,749568,761856,733184,724992
a90c92d87e1551ea964f4c7f438310fb25bb833e8ee3aaadac3dc5cdf903fde6,-1,-1,-1,-1,738304,492032,750592
74a301b3de0b9deb6380506e2085c51aa2315a884a4c0c954e42add0964aff83,-1,-1,292864,658944,734720,708096,749568
7eeca24cea76efb0751d52932ba3886d926afef80acdaf58f70e494ed38dbfbd,-1,-1,-1,680910,677326,699342,745934
4321d120921552c63f836c23673b62b573e566fc760761d62cdcd533317b043f,-1,-1,292864,745984,749568,741376,669184
d6d9f0edfbde17fb1d6c331d38e13761b4e89d15e30be05e8c64c64fc3b36d8e,-1,-1,-1,487424,585728,700416,741376
2450b1d45fa7def1cb3524afa56ab820f761daa47df9a51cac192da303a65bb6,-1,-1,277504,740864,545792,743424,713728
ae3e83f00b1e2e4abdfb5e0deab318250d05ecec1f4e29c8d8ebe663e6faf02c,128,-1,108032,639488,743936,673792,662528
f47e769b80697b88581e56f1ccdd75a9e450e69022576e3a91904638a3dbadc5,-1,-1,-1,643072,630784,761856,741376
4a1418bc8c4b9005f98c594e4933524b711327bc5909dad24b7e7d947b0ce849,-1,-1,292997,734341,724101,713861,718469
d36d14267c3f3ad5db549b5ba505079918b9daf4bf33c42de193b528b1117ab9,-1,-1,293312,721344,750016,709568,744384
9667141aeb52b96981fc5a019c63e60fe9607fb008080bb7f99a1d6bdcc97909,-1,-1,-1,382464,644096,706560,749568
ed8905d6fc4cc784830d06699b4b680163d6f7400cd15e2059500eb261ed8663,-1,-1,293312,750016,750016,742336,750016
14f0846aa6606b53369e7fcd8e0a93024648aa7493070eb1ad1ee3573bf86a08,128,4096,294912,749056,708096,299008,749056
d281eff814fa184eed1dca56e9efad305022c617a93f41c3cd6ae1fbd1caa321,-1,-1,281528,618424,739768,728504,713656
debf1fb36cda26117a86c95d60c1df2c5e443c722fc78bfcdadc34dbc22aa467,-1,-1,-1,-1,648654,654798,728014
d591bfd4557c36b1ffbced518eb016c0948005ab87ee72fbefbfe62da97ae28a,-1,-1,-1,698880,722944,674816,750080
de411a8c64e5a9590875eda8a0c6b51c3e31adc42f1cc72a9f793fca0907c93c,-1,-1,292864,749568,749568,749568,734720
222f09ba6c40eed16ee9940863702b71751461a512de25e590385315e3a10497,-1,-1,-1,-1,-1,-1,-1
f3fe6ce32fb102611b42c10cc0f1b7a88f23155e2ed14dc158689347dab6fa18,-1,-1,292864,709632,736768,736768,749568
b5e0f39976b8179cdee25a52628968fe05a858aedbf97816ddfbb767577d2dbd,-1,-1,-1,753664,753664,344576,753664
fc270655d0cbe4c5c687c9274a0e6934e9203005a7a63ff3647853f3eeafbb4e,-1,-1,-1,750080,747008,744448,748544
f88740ffbef56c8b3a6bffc067a8ee0bb77b2e4afcfe6efc094d59145ed21b8e,-1,-1,-1,709120,723456,687616,749568
8ee8d1466c0ada783607f3d3f23bd8193721a7a687538cc0ad96661aee204440,-1,-1,-1,-1,-1,749568,739840
cb0eab0765a14f46f11a94ead37548e262adcd23abd1be341f6cda078263dbdf,-1,-1,282624,518656,-1,-1,750080
dee0e805e465d2ce5c8bbc1bead90ad717b2ece8ba4e5ff68870a76cf435dda4,-1,-1,-1,696320,737280,679936,733184
760bd754212d747a7f6e0c1c9465b55aa025a97570bc65c1eb3ce6597affb98d,-1,-1,256000,596480,557056,729600,673792
b946ee112711e637d7f5db1aefa6419f38b23b789af8ea7f9285161dd24a6469,240,4096,249856,487424,749568,733184,462848
da2dc1055bf3bc68a220d22b81a1c5b450a1b9a02defe54f92beedfd7a704082,-1,-1,-1,695296,750080,748032,690688
b15ed40c3179b5e0031fc48b8423b01a2bf1dce5eaef96277a4bd85dacc2ae7d,-1,-1,293312,687040,750016,750016,725952
dd141896857bf1adf533f30ea6506858e966462040d9f978b6d1c4c3a7c63e14,-1,-1,271360,717824,630784,744448,703488
50c9521c5e02b101a3dd3d765723f04998cad8fa0397ed6fa23ca08ceabab6ff,-1,-1,292864,705536,624128,663040,627712
456d440cf69140b15b8701a8a556324a1bb57f3caa070756baad1aeeff862fad,-1,-1,-1,753664,765952,765952,483328
bc820c0dbf321c3f98c2c2c32956008035088aac7a458d878845ca4680fcceb3,-1,-1,-1,651264,565248,565248,737280
6e50bdef5939ea23ee07a7ed80609de35c209d47eeb055cafc24bb9a6708f16d,-1,-1,-1,-1,-1,-1,-1
4e4d42d9fddac75c159e0a966d05c488e3329f75872e54c45c2a276de711c9c1,-1,-1,242176,556544,716288,722432,739840
43d475ec726d72fbf1354e8d087c2b89d1134efeaa678a7097f0199764518ab5,-1,-1,-1,752128,752128,-1,735744
c2325a735406a1b5f871606be3e9f415a1f1414c58f375706b91f51e2ed83c2c,-1,-1,-1,479232,716800,745472,-1
1597f95cd40ef62927a277f6cffb4a0b5d262fcba8f9a784b125dd35eb9c1892,-1,-1,303104,626688,643072,765952,749568
736cf276f1490926aa4ec68d002835e2513559a7d26e08ca1dbdf32ac20eb316,-1,-1,-1,581632,761856,-1,761856
7c0b4921d806b06853620203f44bef56fe3dedfb030d6df64abf20fe91b90f86,-1,-1,146944,749568,748032,736768,657408
687b49f1a418c55d00fb4fb62bd56dd54cd07fe5fd40e27c45fa99d395a245e1,-1,-1,-1,741376,581632,765952,692224
d17637b2d1ff5ba714a1b07e1ff72838669355d118603397f42e9e4241e348e1,-1,-1,295424,670208,715776,753664,750080
d94494a9bdb56975845337d7bedc48ca217358250be3883a9d0cf9c41c779c55,-1,-1,289728,750016,363456,744896,703936
ee58335cc826d9f58599499a25fe0c0bd6d138a49a9fc3454f99a3b4f7937d3d,-1,-1,-1,733184,749568,-1,749568
2f7f2426368d41a8a072b322951a54521dfeb79410b6a8081131c690153f7bb5,-1,-1,-1,-1,-1,749568,731648
59d09b9e6124138fc903bc93cfb4345c4a2f78cc19bfe6029dc604e3e83a31bc,-1,-1,-1,606720,341504,753664,730624
1e4552a4c043fc0a37c97532c1c426b2f94506acea48627c4188792c72f66872,-1,-1,292864,718336,749568,747008,715776
65bd73e2f1e7c51017944e7b6a7404fc008122f1766cf670f1925e606b2b071c,-1,-1,303104,753664,700416,729088,765952
cfc85f8c86e555dd6de4de2dc35eec300ff7cb1c08ec884c359bc88d0c1044db,-1,-1,272384,553984,754176,739840,627200
05ba6322f8dcbed7acde9e5c2fb84ba11596b5e3d03805df1328b5846c8e1873,-1,-1,-1,502784,653824,713216,749568
eb303563b6b3e5d57ad8eaabb1b64bcbb02c4ef99588cf5af2c9ef2e6e28a466,296,4096,291328,672768,623616,49664,412672
96bd5d5d12b86dbb19d2afe41915bc1d0571b60cb8b574304dc4653db356d7ca,-1,-1,-1,-1,694272,701952,741888
22dec6ef76b2c2c556987d40c9c42057fdf5dac8be74cd917758b204ee59b705,-1,-1,292864,750080,750080,739328,750080
79d2a551f04e0d1e8611a1c7940ada4f7e5ea7c04975e685c4647ef0ba26dd0f,-1,-1,-1,761856,737280,634880,-1
9a2be2e87d82e65b072c45ba42e18fa03be88c97a052161e3a178512aed75d3a,-1,-1,-1,753664,753664,753664,753664
e1ca95eba4e605098ac439fb9c319491408b859fb423840f87daec212cdad21e,-1,-1,-1,765952,-1,-1,765952
5de138e74f470ff016b0da41b04b3aedd155353c1b80c8cf0dd84e83edd2794d,-1,-1,-1,753664,753664,753664,753664
eae1ef1308d01042cb6b4a3f1b9c517e7d06494ea24db72f234d75e49a134253,-1,-1,-1,749568,749568,749568,736256
4694f3f24fac80f80ea32d3db2b49c0cd19f5afe799e714b1eba4e8b50c3f003,-1,-1,279040,687104,749568,679936,749568
dd37841d3648c62683745aa02414651ee563fdebec6b41da4e245ba457ee1536,-1,-1,-1,-1,-1,-1,-1
bd6c610fd03a1b53b0d57648799c8f307fe4f6ef9f08dcdfd64ff67767c4fab9,-1,-1,193024,599552,749056,750080,750080
e36858b546518e866e89dc6b02e21ddec1d30b58bdd64e903ac483b086f250ed,-1,-1,303104,614400,765952,671744,765952
6ba392d7b461657bfd7a92e44daa38f277de3a37f950317c169b5f8d8a49277f,-1,-1,-1,-1,-1,-1,-1
fd78bf8a7171fd527f41184258f5bedc54e29ace16bf82dd3d835a53b2532107,-1,-1,177664,698368,745984,741376,740864
4c98b7f4f4d1cdb6d6af1eceb7b7d44b68252c2bcb1020248166348350896006,-1,-1,-1,-1,-1,-1,-1
8ad489ec2bda9e1dbfdfcc375028fc31f7604ff9ca5d904bbe18a0aac836a4aa,-1,-1,-1,753664,745472,753664,753664
0448b1a8cdce30b10fbac12bafd99468d516feca101ed99b717dfbb6787523e2,-1,-1,-1,475136,712704,344064,765952
20f079bd181dc0391f5e75e582c3961bd44ea6dc939d83eae56c079188a56d90,-1,-1,-1,-1,-1,-1,-1
4b21fee245f12b1b8d4cd1dc927aa19b3e5f30f5052c76de6ef313f68e97e880,-1,-1,-1,-1,-1,-1,-1
ccaeb98134bab06708524803a19358d98e83a6ce0c211690e69fe86aca0f2b24,-1,-1,-1,684544,748032,750080,646656
e503af18cf036e49e841658ddca7af312b135e0881a4e2ab7e7920d13e69805f,-1,-1,-1,716800,757760,729088,753664
ca3a862b9facb016a9c31c9dfb6efcee0ceca31caf571ff8dd19cfb4bbdb60c1,-1,-1,257024,560640,684032,632320,429056
f77330283bff4719b598fb60f0bc900930bb61280e3e9350a85fb78b2a6ab11b,-1,-1,293312,750016,746432,750016,750016
eb69ef06d4ca6c935ede67be42e9b56d186cb6e800b9e891c47b47c039037981,-1,-1,-1,704512,651776,530432,745984
041b674a502cc291541bbb2eef69045f6ce30e97a7e5cb0dda8ff4eebd6ee774,-1,-1,-1,700416,462848,765952,741376
42924cdd9fb54f15cd9e84c26d5ce629c7f2d646ec58c92b4343462a798197a7,-1,-1,-1,709120,-1,743424,649216
ebe884fb1c456eb3b292dda57240f40a05e757213c158c137a384f7718c8b780,-1,-1,177664,683520,749568,663040,747520
f9e641842c9949d1cf01228e12f6da285243eb8aaf9803ce2a86b0cace76c01f,-1,-1,266240,446464,696320,704512,765952
de2fe308112b80289bec6ceeb2673dfdbf11b8d06bd6440dd6717f3cde9be444,-1,-1,303104,704512,737280,765952,741376
5663288d8e9523af102101ce89be66148ce0617bba7027324555967be1afced4,-1,-1,303104,761856,765952,757760,430080
70e792b8dd17236be082c1d174709e91769cde7907cfdd2603fada03e413c0bc,-1,-1,-1,765952,745472,634880,724992
e1946616a6d567695e4de49f93b08fbe41c4166a7f83d2096c4d012e1755eaec,-1,-1,292864,466944,689664,707072,499200
bb05d9299ed601eb90559a43c5218389cf6e93b05a43034d6e01f5626e087d3c,-1,-1,266176,750016,340928,744384,709568
c5152ff00e70f6731c7702b86bde8a54320506a1e1afca3cbb243ab161f92728,-1,-1,-1,750336,722176,470784,730880
534fdd6c4f7123fc53ecfe8bdb984c506f9c1c1bcc65ca5de07d4eea653db7a2,-1,-1,257472,737216,745920,692672,750016
66334704f9dd74620d29287fa9783856a2c468b062f232ade6c59d170157343b,-1,-1,-1,749056,726528,749568,749568
6c013fef3a5eb617ebe52cfde5d353b4930cd3d441ce1a8e6c940d07a81c6697,-1,-1,270336,671744,712704,589824,737280
4dcbeee8cfda31c8b4c6199970db6e324fbc7cc5bc144d4ae1baef88a878e1d2,-1,-1,292864,699904,749056,685056,542720
f53048f2189f4e3e453e475e6f85506b173c5f639af37f598bd08915031849cb,-1,-1,292864,464896,730624,704512,749568
47d71a817c6450f8c682e22b9bd138e32e52b757d8cd6b707324c02ed97668d7,-1,-1,278016,703488,742912,753664,706048
8178cef9cc0ad71bbda3c93fc15547fe77f7423118f3be1ba70cd092fbca3c30,-1,-1,303293,700605,766141,766141,766141
b7ba14efd18f7c6fbe78c3220bddba20ec9e0ef04b6db477de6f3d63f2e98bce,-1,-1,293308,635836,750012,675772,750012
a0184d36824b1ec7f85d3619a7f03ba699729ec7657de4561281628cb0c0228b,128,-1,8192,470528,693760,687616,662528
b57c873fd465cf8a11e96801d8130b39d2f85ff40190064b17ecd2ce296df884,-1,-1,-1,737280,765952,-1,-1
7633f993d281a51f72d905deccbffd177346560338db1ed924fca2ff307adabc,-1,-1,-1,737280,757760,-1,757760
e6c7e5a94a146f4f6af81dabf55dbfd63a7a817ad90c0ef5f911967e02a5b068,-1,-1,292864,-1,614400,688640,694784
535367fb27a4a7b8922a0d232040d8f1bd4596ae3a5f6f1fbb82ff24a7da99a7,-1,-1,-1,732672,704000,631296,740864
a74134cb645e8cb50c6e53c24c6c315482847da7d83d0f1c086b040639c70471,-1,-1,303104,716800,368640,741376,745472
d79fddd2460be823efa798d8239f3d8d93129f58d71fcb139278e0f0903621f2,-1,-1,-1,749568,741888,749568,749568
ec315482607183d46d0f7005e12e08c95d3af60edd674554edee4fbe074e24b3,-1,-1,281088,559104,695808,-1,740352
96ad328d162efc6b4013c15d9cf89c11ecbd4eca339307935c178f961409b9ed,-1,-1,292864,621568,432128,704000,750080
38204be2fa81733501248600bcb3a5b501a8788256c2b8e3b91e6f544147c1ea,-1,-1,-1,583168,749568,686080,749568
923db81b447d865526d7bc8a81abd69a8a69fdf28f9ff2592b68058133a8979b,-1,-1,-1,716800,724992,675840,-1
a1c7d540a2a6e2c33740af11056093e3e15a7dac6c2301c1e40e013771c99e3e,-1,-1,-1,696320,532480,765952,765952
f947a7e5fc61b9c1a292c6a2751a7beb6c0e2ed25626d51ec6cf21c5ec7adc63,-1,-1,287232,646144,750080,701440,723968
09f5ac7b7ef96871bc22c2a16be267774e0c25573f07f0d344f304fb7f0929bd,-1,-1,-1,688640,605696,736768,687104
a53c4fda48504436ae6da13ef27004fd9009750362d5124b7497cdbb94937098,-1,-1,-1,663552,462848,753664,765952
a14b31a8bab821f0368d6314437f5dbef64328875c91bda195311f2435ad403c,256,4096,8192,94208,0,634880,0
80fe67bcf7d9beaf9d000a36cf6f7f54b945fe29fa8aa9ef0c4e9169ea7835b1,-1,-1,279040,667648,749568,689664,749568
c09d14d79860b2a7cbf0ffaf412e39eb783e55d513c7be177a36aea504453828,-1,-1,-1,761856,557056,663552,757760
1dbe7a881762ce757def3e3f9a512a5f900e6b1c6f2032d52e7f29db5e9a40e3,-1,4096,-1,-1,-1,-1,-1
632e149043a5bf0cea2fdcf617e72a863ed416453e6f3974405186532ecd8d0d,-1,-1,293312,750016,618432,750016,678848
d73c7269f0839d7243c1e32146d134551afa32159e7f260c20978d1f976d10aa,-1,-1,293312,750016,746432,718272,736192
cac78f043fcbe4fdc2486c100605c2f680376b4c1b39e1e7dc7b42506174e1d9,240,4096,285184,202752,256000,2048,2048
fd70274dc999f0882cd0caada61ae044562effcf72232727135cd27b2234a592,-1,-1,262144,471040,651264,765952,765952
2e08e36c9b1a053d46c28517120a997ec59f2d9e012589093c36383724ad07e5,-1,-1,266176,716224,750016,725440,746944
7f5e44e41f7084ebd6de762ef9a56ae45a4d0341540e7161f09aaff7163ed80b,-1,-1,303104,765952,741376,757760,757760
fce4d8e44264d5cc2131887b3fcd36432bbe82707c368496ee077bafc7a02506,-1,-1,-1,747520,676352,673792,721408
892084ae8954ac016a30c42dbbdfe528e269d5b4a6ab8dfd91b27b297635c682,-1,-1,-1,-1,685056,655872,749568
bafa9df50d8cd572b473e60eae34948bd5cb308057af9c7c9e5a2a656c613dcc,-1,-1,293308,750012,750012,729532,750012
943b42f83aea0623170415a3f0d06adb2662165af9a3687f96ebe9523320c884,-1,-1,-1,450048,625152,753664,753664
c6971d620632ba3943f5869a48b2aa5682403e3939cbfc3537c7cb22fab01671,232,-1,-1,765952,692224,-1,761856
c1f657841eff0689e339d3ecc0f1695967ce2c8514540ce9feef167299c4c400,-1,-1,293308,750012,745916,750012,737724
8c0638d145a6d72458713d79856083ef3635cd49e554df717703ada97807931a,-1,-1,-1,-1,741376,-1,704512
ed0193b2d7933e9e5d269d88932e1d0a09c26e49c2e10d00d60f2162d1bc8b00,-1,-1,-1,678533,739973,747141,657029
c198167bac52be2fcce8aa521d7c73449807122201e1af1715a7fa6903866f66,-1,-1,200704,704512,438272,761856,663552
8c24893c71bb0b0287b9dd7e23d1240fb3c47ee149b2cb635ca30fe52e04a33c,-1,-1,290752,750016,744384,703936,750016
96ee328670107f6f75e5f6207dfc5323fd9e32064fd1ced59a022798a944d902,-1,-1,-1,-1,745472,-1,-1
baeba5f49fb21681bf0f2bc9d0e3a24b07fa35ca29e141ff184e910a4c1f0b41,-1,-1,299008,479232,581632,581632,667648
038059c8e8a5c029b2e2e5e5082df755f33d32819b1ab03d6aa6384bd05e9e62,-1,-1,-1,753664,746496,718336,753664
2f465e89b75b19c0354b5e6c69076d89e11af43d716ad82de9248545da42ed17,-1,-1,-1,598528,720896,-1,749568
36db4eac6ee9f1382c88d552abbef0a50387680761740599c3582468650707d8,-1,-1,295424,754688,607744,749568,685568
26c2129a7efa6ad390d5e4852bd05b74ad6362c40907c9ed29c3b216aaebcd57,128,4096,6144,51200,5120,5120,5120
565a852adadd75cc048818b6ee67b012f55b4d5ce823db7fe38c33efb2ee1aa5,-1,-1,-1,765952,630784,704512,765952
5a3b4fa46fdb2c1b621f28719146f07cf1ff7d50fad44f4fd770c5abdc5115a1,-1,-1,303104,647168,761856,720896,749568
30a2bf70d0633faa13ccef8366315840e7b36b393a4bddb5e970ce2f23de049b,-1,-1,-1,695808,745472,720896,745472
ef7e449ed5016ced91b685b8decf3add35ee7f36f7b8287d7aba783bc0f6d12a,-1,-1,294912,487424,438272,565248,765952
fbfad99f082c04fab4721610b8f095e7c6ad109771c44aa73d0b0021cde0b5e9,-1,-1,-1,750592,750592,750592,711168
03ee966b529e065badffb5f52a85592a12f049ac66e8e9dd8bcec274d15a3302,-1,-1,-1,517120,414720,-1,340480
671504dd17812bd5f392f6a44e36a56a51f9eb2009387dbad916bb4352282442,-1,-1,161280,480768,728064,496640,721408
78c4d8f6a8bc5a5e8cbeb2eb4f15184cbd543d295d1f71796a76939b6430de2a,600,-1,292224,456704,671616,333696,572416
e654a660cdb44959fd53a8071f3a9eaeb6203b0409f4a173e6b128122ee7d43b,-1,-1,-1,708608,-1,724992,716800
5479b762022f06db270926eb9e532fe9ebbf625b7318454fb5427c24f275cf4a,-1,-1,250880,737280,656896,749568,674816
19c72fc6c8084d6f4d545a0e96fef8c0064c813180b976fcee4c401a1f5820b4,-1,-1,-1,752502,685942,745846,753014
647ee5c6c69dc3a95765da6bc738ba03769c85f7be7feb5e9fa46dfa100be153,-1,-1,-1,-1,694784,727040,739840
4f3488a2a72709c2e8dcb67907eebf95cb42e304338d812aee721d1f6063ece3,-1,-1,-1,708608,749568,716800,-1
3b1ed48fc686f7f23d527056fb738f8108f6e4ad664bde163aa8481ae81ab8cd,-1,-1,-1,-1,765952,733184,581632
fe90f1f4086e0a2697e229f70475eb10e3aa1f38795a1bd8a58bfe0040bd8cc7,-1,-1,285184,613888,719872,708096,734720
5057549623b2a1b925fede6093d147040cc43aa2e979dbc9fcef2d8c5fb643e7,-1,-1,-1,734720,749568,748032,747520
e50d55daaa42b87ddd536728364c2b0c2977975b9efa60ad15df41e6ae11349a,-1,-1,293308,750012,676284,750012,750012
f8438539339a92be82ec2daba1602c90b3465d31ae7b55f48646404698f0237f,-1,-1,292864,745472,624640,-1,-1
22bc6d3cf4dcd80ce4fc1deb96310fdf05c0ee906370edccace7bd67f86f4aad,-1,-1,281536,693184,750016,730048,748480
7699b0959f0bed5b21e5e27fc542d221f7015900a3eb528b626bc5622ea61df6,232,4096,261120,386560,717824,741888,748544
6de850ae986cf6eb617e1c696e055eee4f48647a4e97fedb9d0e72d9e244f0ca,-1,-1,-1,528384,765952,724992,655360
1976239c080b1184a5ecc125ab6c6ab15157e932645e6473d207039dca6bf205,-1,-1,288768,692224,702464,749568,749568
f2553cf902a036e4bc07d6ab21c425985a0cc9c749bc5a7ad4d85f857171df7e,-1,-1,-1,743424,642048,746496,736256
dc77e8950f4eb24b98381c7b8df8c00cbcda42f4b8af805fd2c3743f87af1993,-1,-1,237568,622592,742912,717312,749568
90ec5e53162aa94eed3c717a590ab86789fb8e666c935ba560e59a907a1f41ff,-1,-1,-1,682496,704000,697856,694784
1ae75b308a4e3d7266b99e0e8e8a24dc750f6161a822ddfd8bc807f84f7ffc8b,-1,-1,-1,503296,747008,704000,744448
0fbaae583a0d9d9322b31f7f3000397972fbf2a2443c75b8a6bb11ead829ca50,-1,-1,-1,643072,630784,638976,729088
5539b2b24745358fab38500b4229e0b0c0c3b2bbbf1a0fdb0a13fadf43e9d2ff,-1,-1,-1,668160,749568,747520,737280
976c0a38d3a4256e5cd695d3068f729c8056848f0fe80d6c249c77ae4dddd46c,-1,-1,292864,749568,-1,724992,749568
5d8b8639a4da1daf783fbacd447f00bd0fce52c3aeed024e959414400891a55a,-1,-1,-1,-1,-1,-1,-1
f00bff99f0fbf4d92eed525731904b753413f73e07208ba8ce4ab4abc72b0053,-1,-1,292864,720384,665088,750080,624128
0d718115a9730a7f664605c3f4da5d0314f0ed0415962a116269c6eef5e6735e,-1,-1,-1,749568,-1,749568,670208
377ff951d8b71f9f89d515e6d55a16df2f5016af7b373533f5db6c232a5c94d1,-1,-1,-1,462848,765952,753664,700416
22bbf72f286238192a2ac1c655c34deb074bf0175d0d9ba1308d4a1b9706780d,-1,-1,-1,711680,749568,-1,748032
c4bbcaab322f11d0cd239a2cea92ffdf3fcc995794f09f60e67eae2d187a45f6,248,-1,292864,685568,635904,738816,750592
34ed8679ca26b95b1bff474ead4369e687d7f9f1509c6ae9fd210f1e633ed9be,-1,-1,-1,627200,703488,745472,701440
b85643ebf7f9e5ef28e9f6f6af89a716feed35260f18061e2ed6f324b27a339d,-1,-1,287680,590784,750016,709568,650688
58b08bd171a176ddbcefc1aea42015f4085fa702873d2112e5ee34baaba2c57d,128,-1,-1,753664,708608,679936,741376
6a4c1a992a12125bc2ce8327a3435e68c0ea3471e05ada5dcd67a8adb2cc1620,-1,-1,273408,722432,675328,750592,750592
5e3a388c6880cd689df52a61fdb3f29ca68f32fa8c49a1329c2abf1fef2beecb,-1,-1,277504,749568,340480,462336,623616
3a1236861db4e1642a8f4db27f502d583974d215ddb954971eda1cb8b8f32b3c,-1,-1,-1,748165,739973,730245,-1
6e52f27f6d0ef0e56cd421815dd5d5673125dd0d35dd2ab4b510e911529405e6,-1,-1,-1,732672,749568,720384,656896
f9a1e11bd40970f3b6df1ee18d2ad88dd80ffbd2a678c4da4c3e079bb6c396f9,-1,-1,-1,471040,724992,565248,765952
73bbc9f4c62d9a45f26ac6cf22334a6585c16a39b4d996fe993315723f68b38f,-1,-1,-1,547840,751104,149504,741888
91dd22a73c73609401d16b0eec383fa22877cf72747a12151b9af8639bb7ee14,-1,-1,293312,750016,744896,675264,750016
995cc7e976dcbc7e5208fa13f940dbf63e275bbc60cfaf4382dd3b6a92cdb904,-1,-1,293312,748992,750016,603072,650688
4cf0f192e9c234e1830e3495843e100b4a2a5cf86cb963d610e5192e5037a75f,-1,-1,-1,-1,643072,-1,761856
bb215ddafeabb42b3dee97b0a64c18c60fcdbfdb4bc3dfb2e6341dd9fcbbb4ba,-1,-1,-1,459264,637440,670720,714752
556633be80d3d9387e2fc857c539cc73bc4db71526c45b5714bd30f29df71672,-1,-1,303104,487424,708608,724992,765952
017224def918d322f34a1a04c01b076daf2fb7ed85dd467d75dc7ad6fa8aa9e8,-1,-1,292864,749568,690688,710656,626688
03dbc773e36df654a9097e12a8072dd5b5ca69b012234b1de4e1b0eb6c20a7ac,256,4096,292864,748032,704512,670208,741376
e4d351284d3df383e7458f1c4a7ecc88582ce0789b8a671693382bcbc8cb73b6,-1,-1,-1,-1,-1,-1,-1
30fcaf4fac766099ea59640a79043abb16144addedeb7153adccee8f66135395,-1,-1,-1,761856,581632,462848,565248
d73c85348c0d27e161fc6e794f43d979fbadf69a6d51a1c4a83bf9f97b4bb135,-1,-1,258048,712704,761856,765952,765952
d2af0492085048c0ac845f6bafe112ae5fbcc03b170ffe7a28df1197f7be7757,128,-1,8192,650752,754688,754688,728576
459d93f27812354e909e45424a6661b0309bc05c93912a427882bcfc6c4fe86c,-1,-1,-1,613376,671744,749568,-1
de1a8e43f492919acfb74b0e8302ba40e609ce4135f04d56f72f0d7a3adc9d7e,-1,-1,270336,688128,765952,733184,663552
737f03b29530554f74968ea23a02feaabc215691fb5daa302feb0664c678acf9,-1,-1,-1,-1,-1,-1,-1
4a47eeea6f52cf172a4cfa83f995f676e7ecd566ee83238d7ce8f8fcbc732fa9,-1,-1,303104,765952,-1,667648,765952
4374654d810a4479a9cdea6f7e4d6367c736606797cdb9543ce1673858cf6459,-1,-1,-1,614400,757760,-1,688128
e486b6a7af077c750d159970e4722fac4ea02e0b9e21c60280622e228fabbb17,-1,-1,-1,724992,745472,765952,729088
eb9e3e12dd8aa19efd0a945d4966f148f3900c4c482c22789c94d4d09b064793,-1,-1,-1,-1,-1,-1,-1
3a733a0a5b3d1357267186308322fc15f69a8da6ed9416dcac91ef958c5ccd56,-1,-1,-1,634880,748032,750080,-1
b3b2d153daf0f21fa5a5bd05d1d2e094bf8782fb261d3750f593e6122c77b740,-1,-1,246784,713728,749568,749568,427520
f3b154755028ef9af577c7964675352c40af61228548df125b5944153f5b5df7,-1,-1,-1,749568,749568,749568,749568
6651cf5db00179e8c5ef731fc2b130eb21db3aa04ffea2b47b0b04df3945f9bf,-1,-1,-1,618496,707584,722944,736768
ca659075f2f924f3fc771f3daf6b424ab68c255cb404dbfa6a65a31dc6a6ce53,-1,-1,278528,438272,675840,462848,765952
97e1f945c89ac1abe92ec6d3ed9c7a4c29a8dd5c5ed36db2538597b623d3d0c8,128,4096,191488,749568,749568,644096,666112
bf1ee42b0f2f7c295c985d45c3ba3e7d834032948c153d067bdf33b3718f5ae9,-1,-1,-1,466944,-1,-1,-1
f4ae105f1c2c4d43327f3b1b1be8dafc6d1fd149b026a54b121ac13f57664f9f,-1,-1,-1,-1,-1,-1,-1
e65d97e91bccc25c9db79107e44fefe2e8e525c630eebf8a8a56beccc7bb2aea,608,-1,292224,383104,680576,385536,202880
ded17484831a748ba784c18f60a455a2ecc1fd07ce2e576c70f4886f50d2a0f3,256,4096,292864,559104,740864,559104,750080
2473618277c65266ff7fa5ee18f168c3f0c05d5c2573b9516e29b5a5c2af9421,-1,-1,-1,733184,-1,749568,-1
3ae6a9c1327824930aa50e3eeae28e34474ad2360afd510709a2503bc93070ee,-1,-1,-1,722432,653312,734720,749568
ce83caa4f119a244590091547cd7e9787ec0d51d59e1153d862450002caa74af,-1,-1,-1,679424,630272,718336,749568
659e4a491a907d9d987a62d1bfab76751c349e4c07f7adb20fa820662a692d0d,-1,-1,-1,655360,712704,-1,765952
0cc47e73645df4412f5494298c4955342e9a06b94790f8c9a7ed785627280c4e,-1,-1,292864,735744,749568,732672,625152
b6b558f2b23a016ab29e3ef565e856f3bc4bc7695848bab7e475485ea6283fa5,-1,-1,293308,750012,750012,750012,709052
f031eb94316fc484702bd816b58649730eeaae443e3816d697aa0f3d70a2393f,216,4096,245760,478720,751616,705536,737792
be18391e3e0bda3f654e7bde57dd6a32e4e2e65b99573b4e4f0c70e43d2d5155,-1,-1,270336,741376,765952,618496,757760
c5248849345b2c7756aa1888eed4a217a1507be4b58f427a77161f933a8ddb68,-1,-1,-1,-1,-1,-1,-1
62e9c2ef782cf26dbab2b5e467c514df8c1013a05971abc5017716e972277d64,-1,-1,-1,749568,749568,749568,749568
9452d827fc7ba3390551bfeb1e28049542fd7223648e84001240438dd0134ff8,-1,-1,292864,749568,749568,651776,721920
bc0f88218d28ee9754f3f9f06cf0e07ba15fd54ca7356e1b67a6e14624d5ac49,-1,-1,292864,742400,750080,746496,749056
cb9403caf67545ed9049790088f16c08a6e3ef8e6385b7bb40c96fc5a4fa1331,-1,-1,299008,749568,675840,761856,688128
2f89db8a65dc517ab7ae8413dd1292bccee57aaabe280eeaacf413cb732b51bd,-1,-1,-1,750080,750080,750080,750080
5bbeed1b913a1d6be8f2eabb46e283e6848089e7ee45b54ac62a320cbabf4e88,-1,-1,292864,708096,697344,739328,747008
6beeb5885d4d8fe9d444a96980b43ffe5b7abc43074606058170f5093f27ddbd,-1,-1,292352,693248,711168,627712,430080
a25262899ff67d81c05b0c1d28141022255a8dbc9610826d8b69efe4505ee62c,232,4096,177664,537088,634368,708096,743936
e3c5cccc4691bc12891c1d7642f03f6098779679e53cfa9db21f1701c9386b1c,-1,-1,303104,757760,749568,749568,765952
1efdf1fd7407a7264fbea872832882454602a359e1891d984255d16b637cb839,-1,4096,209408,450048,751616,577024,567296
bc3f5fe0f057a31c7d078a2e228c10be462f162fb037e0a72961d9dad2338f3e,-1,-1,-1,589824,765952,540672,581632
1e1dacdd91292d8da4d72c9677d2bfc3ec47afacd6a10f848ade1f7991718ce8,-1,-1,-1,761856,626688,716800,741376
e067c4e4567e308f0359d908477116bf0c0c3ce7edaec161a2c619717fddd663,-1,-1,-1,744448,691200,715264,741888
ec79c497ec5d2ecb132080b106d9127c82026760b9de74e2d1efa8f9365e1871,-1,-1,-1,712704,430080,692224,696320
b199bd4257f38d3758fd81f7746df0b4e4a89f090b0070c6c365df96093115bf,-1,-1,-1,-1,-1,-1,-1
8cee94b5176de091a81ce81ade114514a3f562fb4baaeb599f26f65b268b455a,-1,-1,-1,-1,-1,-1,-1
faecb40f876ce18bf06bc76902e5aa266255013d0aef706be8c91147ec1a5532,-1,-1,-1,756224,-1,-1,-1
1d7308f554156ce98b89d49b2a1aba6b4f8f787fe127470801b4c271a38c49e7,-1,-1,289792,635904,752128,742912,754688
9cfac20577ca7b5d5481ee621c0aa2fa09b33138e14a464406e6ae76e4053464,-1,-1,-1,614400,765952,753664,671744
d613cefd3b806fb24a753ff62c8d5063ac53aa23282963ec245961597079284f,-1,-1,-1,721408,749056,737280,722432
748b8db0ef2efab87b438262bbf3bab871f263526251cd7b6f2d4d7ad123ed16,-1,-1,-1,-1,-1,-1,-1
b5bab7044b233689fd57fa348046f4e69841ed0b66d16cb9c963a667d0ae9787,-1,-1,303104,589824,671744,765952,757760
161b699d4a140ebf4092aab7409a77dad112f26cfe2ef7eb37e78a53a63fffa1,216,-1,-1,430080,462848,653312,663040
aeceb733380a32911301b0caddea38acb99437a0dd612674beaf32e1e844062b,-1,-1,-1,748032,740352,708096,653824
3d8acb2b3b110c80b374fe6a59d041bfba3c71ff81b72b638d8b0bd8f065ce35,-1,-1,-1,577536,688128,733184,573440
b9be0a15d34c37ec24e52fc622a40b62433a807294ea439711f9e22c436dca09,-1,-1,-1,-1,-1,-1,-1
79af7c0f77e87c7bd0ae539800099125b7b74c9d4eaaa3f992dad0b87abe1d41,-1,-1,-1,476160,618496,737792,750080
e777aec3a05e13b11a96496aafd641e09b0964ede899e50e8bdd22c91d1b79df,-1,-1,303104,716800,737280,765952,610304
9179e6f7a7075c507b17ef7db5a315f16c20a814ec0aa2b0c03c128bdde2b718,-1,-1,-1,581120,649728,576512,738304
34e0b577960c46f4faf02769e528cf1ebc4b6ea12e20a937ff8a7aa6d344c4bd,-1,-1,303104,765952,696320,765952,749568
1badfd70d902b74b994ffe022d153608866e56461b0cc48d96cb12a53cd1215f,-1,-1,-1,-1,-1,-1,-1
831631576211675c1c63130567a7cc300e99ca907d8784b25dd39850396bda1c,-1,-1,193024,747008,737280,747008,738304
3098b1b47ba3a694e321fada1dbe8ede0b9e5753f90b4cd77f4040c0872c8261,-1,-1,208896,757760,688128,745472,765952
1ecd52cdf74349bf91cfc447a27b66c5fb8c3440dbe8e7405f1f0e208180d7a7,-1,-1,-1,676864,714240,-1,-1
02fc45df7d52bc7142750a0b08d78a6fba2d711d668122246ec8513b397a7351,-1,-1,-1,718336,753664,753664,753664
1ecb8e79134d4dce3108d9281cfbdd74f0bca47e67cfb230c11ddc59fb96ae66,-1,-1,-1,741376,679936,753664,765952
8b9ec67a479d54b9eb914e6d2072acd6d545ee7fe8e5378b62154ef440004b22,-1,-1,-1,-1,-1,749568,689152
53045a81f5fbe9267ba06c2250595a0d249a50c1787f45d3ff6c17758e5bf7de,-1,-1,-1,610304,741376,614400,647168
7a8a2a21d57980e66cd9fcc922efee9601a5c7890fecbb529796d0bc844b298b,240,4096,196125,773661,781853,445981,753181
a26ee35705afe255a710d0092f12deee8070249a359814a086cad180481edefd,-1,-1,-1,-1,-1,-1,-1
5224249dee46f5deb7a11035d849c13f22f35db5a852a7f82d899ffe0683d5ce,-1,-1,246784,740864,695296,529408,716800
4e7ec649ad88a1d9de7f7cd59c53f0a9e5b9586602eda1ab3098a9dec1c9f572,-1,-1,280064,567296,616960,749568,688128
2b42da7ec6d0cc887165cb2a45fccc7173bfa4c8ef81c2f205346fb85dc20013,-1,-1,278016,657408,749568,748032,664576
09d7c62ed7f2c69abe74b4df56f7f069c31d25b86eaf3a1c77b957d62842c3f1,-1,-1,-1,757760,573440,512000,745472
63d2059a4bc41623974bbf266df26e494e8775d0580c7169d8260f9ee7c5e9a8,-1,-1,-1,430080,700416,630784,765952
2c8df2e161cc754fc66a54e4136541146c9e2e4dcfee6161d3a6b070731fd3b9,-1,-1,-1,692224,729088,753664,749568
9c0515d9e7bd9f69aff91d1d1d7f1fd95409a139a35606609d00622d05cf2a56,-1,-1,292864,749568,749568,618496,749568
71a666c0567900c649e2430208edb37efa92352f8395b7e6f2d610486d8e0f71,-1,-1,-1,-1,-1,-1,-1
2eb9b4a06c75806a4a3b63e6bfb33cf73789732e549647d005501c7d2ab09c21,-1,-1,-1,-1,-1,-1,-1
d9c5ce9b4ec14ecfa8af689474ef45912be3c6e85bf0d21f23aa630b5b1a3055,-1,-1,275456,715776,726528,684544,741888
2ae0f9ad2278783863fc4c9950958c10535269ea1a66efaec51d94d7135d926c,-1,-1,292864,749568,749568,676864,749568
377140b51eb23affddc94f0b6e683e03ec5980742058ba7e65ef358bb3578464,-1,-1,278528,716800,679936,716800,761856
5174c8544d0bc3f44cd056d951fe356faa366575d1f4136443d520db7f1c10d3,-1,-1,-1,765952,765952,741376,-1
30edacd0cd9086de2439fcb96a0d98f8b676a66c8c83c32340c752922d45aaae,-1,-1,-1,581632,733184,684032,761856
8b7d2baa0143f327fa3fc9554bd8edffbd10463970d762c8b301f4988099d1f8,-1,-1,286720,733184,765952,765952,761856
5b3b8157c02d33152b261912076e4d0e9dbd01da1ff2b50e43899fa192ca85cf,-1,-1,-1,-1,733184,667648,745472
0cd7cf47045c611fa39f22710b0711eda520c6d6202e7a7bcf959a3c307ab70b,-1,-1,-1,483328,741376,696320,761856
8018138503b903751d639c76d5e3310d97c428fa848e5386e25effdb1be511f8,-1,-1,-1,750080,750080,704000,744448
98002a429d83d55a4b86cce46db5e144f25ccae06ca355d8bf7714a3dea3524d,-1,-1,-1,720384,617984,663040,737280
edd7a99cfeb58261d6c86d8d1fde7b7bd2f5ee5e261d5973f83c9d38c863a035,-1,-1,290304,656896,390656,753664,753664
6ba0b950e94d0d6d57b5bee0e285dc1b0a0235792a4cb5cef90fd16d639e08d9,-1,-1,-1,665600,631296,741376,738816
bc5a94729d6327f79db0404cfa37be803f29ab4d22b945b11aa06f074e205e89,-1,-1,-1,438272,741376,-1,704512
75d10fd7c4032e6990b704db3e05478d165c437922dab84ecb0a01935fc6811a,-1,-1,-1,630222,749006,736718,753102
926a2c840ed09ef47bc8ca22003e240fd6c8b3714e3887c1daec532db96147c8,-1,-1,292864,658944,736768,685568,731136
97803008c35d65a6d10fb5955ed4870239f029546ec8d6127083a92d8d88c31a,-1,-1,280064,583680,749056,601600,651264
3f210223f3025dfb41a82d5768fc216f01b1072f5a64d8f93178d2aeb64c8c14,-1,-1,282624,725504,677888,456704,729088
0e77be464aa0cd0607ab73f577b8ac2ad8446d11dc9fadf2c301a05c1d67a6be,-1,-1,-1,712704,765952,741376,753664
2354b2122cfcc42c3a20856a82e2ae4f066e3280de16fbdcca582476472b70ed,-1,-1,281024,750016,750016,748480,750016
25d788ea2c38a35afb6a8ffd6a7d8c45a095ee1209e2992930fb00a4deb56701,-1,-1,303104,675840,733184,757760,565248
6d225a413e1bbeb608092b49c9212ab111b86063af6dbdd0a08bdb40b7b8fa3f,-1,-1,-1,572037,-1,572037,746629
708bea08fe3b1e559d65ff680ebd7df0cf084b26c1b54c21eeb359c97a9b90bf,-1,-1,290816,487424,765952,638976,733184
4f18af30eb141f498dacf220ec3b7ff4342c89d24995912e0ce6f8106920dba3,-1,-1,-1,675840,692224,733184,-1
a622d501f2c926242b1d21600ca48b5fc52a798a3befd0b616157eb0700bec85,-1,-1,-1,-1,-1,749568,708608
08624ec0193f00d32af53e3a7f915c9c75b17a560e3afd2d3931423825d98d8d,-1,-1,292864,749568,749568,749568,749568
d73eec7f0517d32c943ab20de788a73f9bc3bad7e24e6942300f941622693b02,-1,-1,-1,-1,-1,-1,-1
f90b5d914283d5de54c7c56f257dee640695d394f84841ed56fb2abe60e38fc6,-1,-1,243712,633344,346112,456704,424960
42941029c716cc264edccf6f029eb158eb86be4d364ab0cd698727f2106371eb,240,4096,303104,643072,741376,303104,262144
b6bb3e7fd3203f1f10d10f90a2aa34647e364ba61cd2aec26d880c3e4b6f9f42,-1,-1,292864,750592,710144,743936,750592
1c6c916ebe7d809610378a83f218c17ed625178160b3dcab397858f362ec7f03,-1,-1,292352,753664,753664,460800,753664
db4088755a244dd8b278b6e07290df766a8375310ee98b1bb5c74ed633c295c8,-1,-1,293308,630204,750012,750012,750012
7672338ac87c56d840c9aa16b35e3ecf83e98e9fa256f9af8ab4b7de400e299e,-1,-1,-1,589824,765952,729088,745472
3a9473e92ec0c2df983502205614e0223b63c5eff2c7591cff03d7a899931f4d,-1,-1,-1,618496,724992,462848,630784
66ca64188a6df9560a4608425c0d9a3e82ca2ed90fe58eaad460dd1775d6b701,-1,-1,282624,753664,765952,737280,729088
2f0074ba5ebabfd74ffec12654336dd6e880f585b8ace7cfd1521d899e3b447d,-1,-1,-1,-1,-1,-1,-1
3379be4d660ac6ab2f0ae75927e1e7a90dc240981866ed09a18e885372ead3d7,-1,-1,292864,741888,572928,749568,749568
d63cd6228b66c84674d964bdaaa8dd1fe802b5bf0be652d26b4a69f89575e167,-1,-1,-1,765952,716800,745472,462848
7a9d1d3c996b350fc6822f834c4c254d681dfc76a0234835f7d9b7901d84cb1a,-1,-1,-1,-1,-1,-1,-1
b70d1d7811dda5e69dc3e17c66b1e3d3ae7a47cd536d1c947279c8588e095d3d,256,4096,292864,550912,559104,620544,252416
64591ca22922c7dae2797a3656a93e26a8e4a2853ab1f502292d1e4c18f8e3e2,-1,-1,292864,557056,-1,634880,748544
9189d7468bd08d9510686598a88053ff7cdbf209ae7e051e697aa4acd97ef621,-1,-1,267776,524800,634368,690176,744960
be356ec53e86f156477a1001df24e245e06c3db032e4036402dd83c16ed5fcf1,-1,-1,292864,-1,752128,752128,752128
0f04105336b88e4eecd8c3e6d68dabb99abccbd5def4dee14e1e14261fa085a3,-1,-1,-1,749568,581632,765952,761856
7d5835bb8648fb7a9c319aa86a813f8510f0f8d5d2d50d98c8646891afdc6588,-1,-1,-1,765952,757760,765952,737280
e502f5e87c2cdd3f3b998187658479015f2007604b0ad8dcbe5d30fa9d744578,-1,-1,-1,741376,749568,748544,738304
a69a5ecc652d8304aeea5f42da92675cb2b0094933f925dc32104e4ac617243c,-1,-1,-1,479232,753664,430080,749568
476b3ca01d9923cbb2ae17830e6ff1b2326b1c9f41d52b8adf435f9a85c43630,-1,-1,-1,753664,733184,753664,753664
70a4aee5dc2aa136ef68f2aec3e22b33214d7090795c94d31e30507f5283694d,-1,-1,280064,459264,752128,-1,-1
28c61916a8c82251afd93182786636ea99f90e543fe678d85eb81da0a0031c56,-1,-1,-1,-1,-1,-1,-1
1a88a783b641d5922ac793ee5a251b7b8ea4dee001b9f2d90301e83c5e2545fd,-1,-1,-1,704000,704000,693248,747520
628e9449171f0e33dfb2f03dd6396493a33014f19dd9fbe7838b0bcaf8271aba,-1,-1,-1,724992,757760,753664,765952
638c924fbeaa0178371a6972097a8356d4c3a9ff6617a6f13e1567ac381e4e7f,-1,-1,287232,748032,655360,714752,706048
39c174fc86653c8fb49db19b1ee95772bfcc484a675bc2fa2ff3562b25e52e8a,128,4096,137728,754688,738304,636928,754688
a09312951d7c5e88899679be12e1a6bb4cf59f1b36bfa835342923532c0b8934,216,4096,110080,750080,680448,749568,750080
66e39525136efe783d55faf2a477d7c4bb65b20c5604acb7b2ec605ced2f2abc,-1,-1,-1,747010,718338,747522,-1
3d8a1b124778542fa4e300b2e2db2a6ff322ab45e713732516d4ace25cc999d2,-1,-1,-1,749568,706560,737280,679936
6b9d8702d640fa744a341a4a85475ded00d3404ef793a08a1e8cc386dd4a2743,-1,-1,286720,651264,765952,745472,729088
94a6ae6c7613f7b5c1e94708aae5f3fd7464763ff1c49a3558d59ffc8b294fc5,-1,-1,274432,684032,520192,675840,765952
69d0da0717f4035574de03da214c8fe626ea4d95db8a3cff8196d90f82b3cce3,-1,-1,-1,750080,-1,704512,-1
9f383d4d6d1d5d81214ce0547974d8710572069b5511a852efa3c58384cc4f78,-1,-1,-1,372736,614400,704512,671744
698f4aa350f09f11db0cd102488b7a2ceb851273db9930188402ba35bdb868fb,232,-1,292864,462336,683520,431616,731648
2a886696b38df3858f0ca19484f24ab0d3ed066726e68837ca17cbe26f0a1a1c,128,4096,195584,739328,509952,750592,747520
130a86a3ad38fd8971eef012571552baefd255d5995f109dd907f1e58f297372,-1,-1,-1,-1,-1,-1,-1
5269cb694482608b3dcce893b98029463b7e8cf021537088819d86b809511091,-1,-1,292864,745984,715776,747520,702464
af61ec5ca24137b568868284a82278fad190676cabe7a30e1d74f0eab051e690,-1,-1,285184,721408,749568,749568,749568
2d0222462ee07c44cd58d27df1f5c06096c01728956bfeeb2fdd193406d8cad9,-1,-1,-1,741888,748544,750592,750592
8925ae626450298b8db66bf7e7318dbce56e9286189fb8cc94eb91c609a33968,128,4096,201216,689664,567296,665600,739840
06ec8ca17ee3ec6de27e6645a07f54091d131e18b572ae8b96ea97816548306e,-1,-1,293308,750012,750012,750012,745916
c14d558e530116072a7fbb3a11a258d0125a8ccc14f8439e48c39300b916050f,-1,-1,-1,-1,704512,757760,765952
a81fce58079d141d90ccbd718a208275bd042be1e27e89a1c3857072afd0cce7,-1,-1,-1,-1,-1,-1,-1
97a6e7fede951c6d5675843b747eb4333c991ffcdb8d2fe7be9af9b2f0f5e0b0,-1,-1,-1,688128,720896,749568,765952
d95ccd2112c62688f1d16ca8e6bd2306c65230b1746b380885bd9e9eaf6061cd,-1,-1,-1,682870,706934,-1,-1
beae8e9169d43f961dda632afe849676dd60bc9d887c425b5fa625d734c61222,-1,-1,294912,589824,745472,675840,659456
e5820e229cc14a89eb92c3bb7d0d3b5b473d1d5c8f5b4adb9a2ddcb43ab71c10,-1,-1,-1,613888,728064,719360,711168
cabac2781a4e382265b535a8a8df850ee332414c943ffde105c10bfe9c2ee85f,-1,-1,-1,634880,569344,598016,671744
4f64e70d666b431ebd15fb0638445d6fc72a366975c15a5569dc75dc26256fca,-1,-1,241152,719872,736768,750080,740864
ae34737d365a500cf864b43903d1577c07a83ca98d36ac42a93c5f89ec6d9193,-1,-1,-1,724992,733184,-1,-1
7c949b4c20b95deb9f0e960d661f52a8199dfc4143f8a0960fcbaaa229a57200,-1,-1,-1,712704,-1,675840,765952
659eccf66cdd0d23e7745eef3a0061a91ee6280263282f05d936268f6f61f116,-1,-1,-1,635904,746496,-1,-1
744244beaa9e9a0bf733e78468186c9214bde1dbf85d7041cdd3303280e634f9,-1,-1,293308,750012,750012,750012,745916
f5f8595b52c65d47a621d47a7fca543e6cb157a8e6a83a89df359979fa1fcb2e,-1,-1,-1,654848,749568,661504,750592
76c4f8e4151de6e509d8d5126f724b701e07b395875a6a2f09331d6355ef3667,-1,4096,108032,733184,752128,753152,577024
e35dbf654ccc1258734ea0358a58361e6783613ce74847e0b9081b209a8ea041,-1,-1,299008,716800,765952,761856,253952
b6d51f1c80f959042103ad961c7b390014028cd998e50ad2943fd63a884818e5,-1,-1,-1,753664,742912,751104,753664
2ac674d527ce6638a88b2a15865d0a6a8311aa43b36ee113ad418b3ce96545eb,-1,-1,-1,740864,719360,-1,-1
3c61205b7bc28d7a54d62a8fde902b7bc47999cd9361167d63255fef5f44c039,-1,-1,-1,-1,753102,753102,753102
6745e75cd814511f3f802dbea4c02f03ce4bbd6cc76b461210f7c7f9b610b50f,-1,-1,-1,624640,710656,721920,701440
205a63799148b6a3f1306e3506ff81c5c13dc0b074a16a290cf7d0aab2105885,-1,-1,292864,703488,743936,604672,743424
924b4a52b836799d87a59dfe6da36fb352d80ba8b4f528a4705cb07a93a9fb7a,248,4096,-1,622592,729088,737280,765952
a47718d05eb8cdda870a0ab275a5567c34d5ec52653e0f9898adf63c6c5d43d5,-1,-1,303104,450560,765952,684032,696320
97e6746159b2f36c5fcf4342ec5892e2fcdffd2e2e06f5ad7b3f3051e2c53f16,-1,-1,-1,750592,750592,679424,490496
3ec5dff135e2fd7fe59854512a6e18716b77995a9fa76e62e93f77aeb7ad9528,-1,-1,303104,765952,765952,737280,761856
9235898d6b0718a96d83f1939ccb9c7dd976c6c31034eed6e7d80ccb0569497f,-1,-1,-1,765952,-1,757760,733184
6e55bb40cf5db71233ae02124fd4721192f8422e628ba818dfa6a09ce593df59,-1,-1,-1,512000,724992,741376,557056
4c647d716bb3dd33efedf25034976be7301eec775ece4043d3abd84cbc3f8d85,-1,-1,-1,-1,-1,765952,741376
d366c207cfcc10ad5305f683c80b82ab54f1a7b42f443d6a6a4898dda9942c52,-1,-1,-1,704512,667648,712704,745472
8d4009b2d9f33e8ef6def68cfa80cf128103be02b5c710b18a7b098c81fd887b,-1,-1,-1,-1,757760,-1,-1
d60209ba272c36dcf327546dc6eb556875dd905e24028742ff173e2ea76d9f4a,-1,-1,292864,749568,726528,693760,749568
3685c3882fb7e2e0d330696ef84dc888fc438d1b3289c1f46415decbf6bef3f6,-1,-1,-1,750592,539648,726528,665088
887932e733a5b3ca48f7f4b7051de638e5c566b265c908f3b954d739fd743733,-1,-1,-1,753664,727040,753664,753664
b6e2f145421938d79a1a328081506b27790461ce826559bb0d081b8912388b2f,-1,-1,-1,649728,683008,701952,714240
8397c0b0860425644b699c9a975049d30e35837df0e15a86f39b0d7d6ba8fc8c,-1,-1,-1,576282,707354,482074,-1
3d0c9551ffc1b629b85831b265ec585b87dbd06f40c4d84d90777730a9509b76,-1,-1,291840,750080,741376,750080,750080
2ab4228d11274b21965ffa91b47d9f608abf93444100ec4c028b4fa15b54d6c1,-1,-1,294912,765952,765952,765952,765952
fe11704fa4d1de1c2d3dc41b54e997b4c2c31db090aa5baf889136436b9214dd,-1,-1,-1,565248,667648,573440,765952
c50208b49b0c5cfbe76c095efef6055193c9d7899551b53a692563011b258822,-1,-1,-1,-1,-1,-1,-1
a3b249902ead7aee8a83de6d9302e7e1d939f07ababbbea806b42acdaeb96e79,-1,-1,291776,572352,750016,696768,748992
993bcc0195b68d766919cae7bbd6af6d9ff350c5192a9b8c3e3347c2226b67b9,-1,-1,292864,622080,697344,743936,676864
65fe77f81ef19cd1631310018df07650490e3e5e1e1a01d3fc4dbc911cdce47b,128,-1,292352,582656,691712,577024,748544
dd2ee59d8f477e96e43061d266641cf906dc2fe5f9fb8117bfcef23d4617b6da,-1,-1,293312,669120,732608,724416,622016
38c32a0398630c58bffaffbacf41a4251ed324d4796a897ec812634d0af1a584,-1,-1,-1,663552,745472,757760,712704
c1c2e3e50bb115d43f8f14b62b286233ffdb8e7f831a204c3a4664281b5574b3,-1,-1,299008,716800,684032,765952,679936
cfe52f9cdc58b63e983ce90d5222d5a0392237952671d454a286b9be9dbfaec9,-1,-1,-1,684034,672770,712194,750594
fda76c03f54a6f51bfea8fe0297743cf391e80f97ecb69551d6dcc5e61e94a29,-1,-1,279552,669696,572416,750080,711680
9e747a21d105da42b1d197c709bd7949e4940552777ee4e2910c034106ae15a5,-1,-1,-1,561152,737280,729088,585728
80e3c40d83b0e20572685d1d91534949cae4ab1ae94312a2b8d102186fd3a3fd,-1,-1,289792,653824,752128,733696,743424
48862a48d85fc70e634537935ed3f4a126a1fe51d65b3222538028cbcb699741,-1,-1,293312,713152,693184,712128,603072
f9ed12ddf204d01cd9c4c3dd3a83149a152a2188d987934912266007f9ae5cac,-1,-1,-1,379904,-1,678400,751616
91c7147565eb4ee1d4047002f3dc95e79ada64e818f397405d42dcf6440c7c9a,128,4096,120832,632832,749056,717312,738816
997d416989fc0eaa45888abeb44d5638ef7621785174ff22aced22012dbf31b8,-1,-1,289728,746432,750016,750016,731584
e60971658f3b8b0192e5ea22900df2e7f048c9dab8313c409b635fd86f284a87,-1,-1,-1,749568,738816,749568,749568
7958a28506de37811ccf9a8d974b2a7437176e4d4bc828ff5de9ed7d14efd527,-1,-1,293312,709568,750016,745408,750016
107242d919af748ca5f38b9d97878e99dafcb56709260042d54e604d5b598abf,-1,-1,270336,656384,730624,741888,754688
42f68960e09a5f0824e7bb615805102c8d38d5adf3de4f48d366e37aa690ef7f,-1,-1,218112,714240,577024,560640,577024
99e909c088ca77899d1a3524d3dea435d86fdf28a6655bda9c9dd02967595f58,-1,-1,-1,749568,749568,749568,749568
a85c0d384895a3ee98bfff1ad26ffb626f0b8749aa007e041bb4a6dd08b898d6,-1,-1,-1,-1,757760,-1,675840
8a8b0159ee352426048387be13684bc6289c0a10a51c6ad8f2664ff950feb7dc,-1,-1,-1,749568,749568,678912,638976
c85a79b04615e2682d88bc44dae441b5ae2005ff7a4a3f589517dfe7bd5c7b6e,-1,-1,286720,741376,466944,765952,765952
d12cd998d218171c0c36e1677340669f6ba851bf0245646781572687d92710f5,280,-1,293376,747520,593920,752640,752640
74849c9b166e05c4b788d09aee5d5a9e0783f0acbeea38c6f92d29ae1e2e3a80,-1,-1,-1,495616,430080,765952,720896
dd674ab9ea083372290d23242f983f0db145b4cc6c50e6a872602b45c9c73f26,-1,-1,293312,724416,748480,734144,750016
00e04cb0d718394c927270b00ef859953940d5d3f98e03feb03435eb37dd7ef9,-1,-1,-1,761856,-1,688128,-1
aaf9b1fea08fb75ee1e9589a9cb07cd516f010aabf6418234fda64835bd8c206,-1,-1,-1,749568,749568,-1,695296
225313fef676fc56a93af61f992f50042b7a7a9005a1f59eef4183fea36bea20,-1,-1,164864,691200,691200,750080,750080
6c613f8f851ba4eea1e3c8ff7f9aabb65322289b845cdb0152959935f7e8b760,192,4096,102400,733184,765952,565248,761856
be05905c6b76a464b39d0bbd0921bcdc2b2ddb0027a6c38713eb8816574089cc,-1,-1,284160,709632,716800,714240,673792
5e15da8f8b3b78837af7f09ec27a8bff7b1a6263eb77d20e332df851a33a4816,-1,-1,-1,-1,-1,-1,-1
c6f464955f50bd62940d5ea0167150a18820f621e23fffc7eec8f8e9243ede36,-1,-1,-1,-1,678862,-1,648142
60d1409b2ab4bd61b165afe599dacf92e0bbd28ceecaca411882807c9b31cc3a,-1,-1,-1,632320,750592,-1,686080
f5c0600d75ab6c030595a0ca9b8d98d56e34acc785daab8e79c48adbc9816d27,-1,-1,250368,744960,736256,747520,750080
0640a43aef951229b43eea1d7e5c90c1fe4a073307443996a8a4d58dad6aad1b,-1,-1,-1,743936,746496,-1,749568
b7465eab69dd9bd51e4d2e52bf3dfba84f6f09d7b946ecc1b2845a923edcbdb7,-1,-1,292864,701440,749568,749568,749568
86fe59b32353085c2f0eb2272e09256a77bf335859b3dfaeb60d0abc91cdd3ef,-1,-1,-1,-1,-1,-1,-1
5f50765440ded52303d2dcc1d01bf4d9618ae1ad0e55e34ee9183fa085489801,-1,-1,292864,627712,749568,717824,749568
0c6ce0f2186c71f27566be21203f6649e51406bb9530086a33b941ec3e8fbd1c,-1,-1,-1,684032,741376,544768,667648
1b2bccfd3f9056c98f95242aff0ef4430f17f02bb05ee05b94107d33eeb8adc8,-1,-1,246784,737792,740864,709632,694784
1b93abbe655715b730e659d79ce0fbfe0035040c4f594b59394e265975b7a1cd,-1,-1,-1,-1,749568,757760,737280
9d5b8044bb44475191081ad16e7ace116811cd51d213be9d0368ed640c5fe883,-1,-1,248320,577536,748544,749568,652800
baf59192eddffc6fa474dc23c80e336be8d1058eb47af170f2d697a47433207b,-1,-1,-1,765952,-1,765952,-1
4f58653938025f7a07b8bcdf6e2e08c0714a4a6e785eaac77839911be27dd507,-1,-1,-1,591872,752128,752128,752128
553ef04cd5408aac0fba0c6a816c272902917aa4e593ee0ef7950701b4d624fb,-1,-1,292864,745984,424960,747008,736256
749ed4bd0656dbd9161f06702760bd1d199975a63b07158b1fb705bae90316cf,-1,-1,287680,624576,750016,705472,745408
6f9e8a017811d111d1c725063bbf0b8aa628b2c774ea61d7997c49bfd89c4130,-1,-1,303104,716800,712704,479232,765952
a1050cff3b63af5fa3dcea6cbec3d35d3ac3a9732c0ea08624e7356970236dbb,-1,-1,303104,765952,647168,724992,765952
676fd8d15e90b1802c59dd3569b5783947d3dca47fb8b8eb49a507ee00f5bccd,-1,-1,-1,744960,746496,749568,738816
e0e506e910ab7c77e5e46a68c8dd3a516cf47241c167fb430edf6487a0eb6d14,-1,-1,-1,-1,753102,753102,-1
e1bf382a922322440f972bb880e875e1919885d456febeb7ad1f88a6dbc2c456,-1,-1,-1,628736,753664,745472,751104
9004f81481978a634430b51ceda3bc482d196dd091e27db15d4fc6b911f1a41d,-1,-1,287232,719872,678400,533504,718336
48b723310b94281e17978b3a7837aee5747880d3e370860a8e6fc81e7512c42a,-1,-1,-1,745472,765952,-1,741376
bb3575c3b7231b1207054a6215617c96293d8d884dd26e6ff814d889346a986c,-1,4096,292864,551424,743936,628736,749056
a82b1eca2f85307b11cc7ff4ee1f6c329e769054fba00b54e6c04c6609a3b41e,-1,-1,290816,638976,765952,704512,741376
09c525b23f96d1627ec1db089de5f4babc193c51f393632c5d9adca33cec6fc3,-1,-1,303104,-1,655360,716800,462848
a91aa3d19d663ec2e4fca649db68e680859b56edebc0643f0fd8ea6d807d47f4,-1,-1,187392,750080,729600,750080,750080
d260aeaa9ebf4593fa01c3d85acc33f11d856036b560339ff5720ea0e5eaea61,-1,-1,303104,741376,724992,-1,733184
a57761a6ac33b320410be9c2553b56917243c15b580b8e7a229f9212ef162f1f,-1,-1,-1,752128,752128,749568,752128
97a539608912a48b0a4f51ef6d14bd8c45921f081b81369e68a7f5209c8ea135,-1,-1,-1,-1,-1,757760,741376
321dbe110f7af15fd3e6ef63c619953f8adfbd956c9355508536e30607d18e8c,-1,-1,-1,-1,-1,-1,-1
2306921ff26db3507ece0360f4ca10dcb6e4421df736ed3ac2887d85fcf54a90,-1,-1,-1,641024,750592,750592,750592
c51856adbad44821f05989b9cb1d0b2599d9896a48dc8f76c29ee1ea2ee26246,-1,-1,-1,741376,458752,610304,671744
a994a97af389f8541c5fd6ca47c9222870b22dfa0738e50a6ca08c975c0c98da,-1,-1,-1,-1,-1,638976,-1
71427b77285316d4c8f0c038c3a80a9a690d94adf7ae511e9a19e44a683c3926,-1,-1,-1,-1,-1,-1,-1
e83892b9b60f37ca80990f28c324029065303ee6da5bf328b7c618bca3c3c864,-1,-1,303104,679936,462848,643072,765952
abd3ebd9e99225c8f59b952d61e5674e70e023bf54b7a0c5dbd72e5a3ca82030,-1,-1,293312,595392,703936,750016,738240
e5a64b884307cae3b0d16da5091e5ff108223d6ca00b2f54fa16b5d2794e646a,-1,-1,292864,749056,706048,749568,749568
f2ff732910ef8a25fd25cd3799c12d6ed40fb332abb927630343e1f437e38f41,-1,-1,-1,710656,752128,745984,-1
8975bf3c0e7aa4c0e32f114ab0b0ea568593d6477089f025566b9c6afc1aa277,256,4096,-1,683520,693760,623616,699904
a5f9aa2aa85e88b5b2c8b0807ae01db9ad31be7158457fc66ae0fc2889fb3169,-1,-1,-1,614400,569344,692224,765952
1d4f57d31460969e3a576a116552cc4014a61359e7b0231061144cbdd9896b38,-1,-1,288192,603072,750016,725952,748480
7fe01c7fa118be7e164aa9ac42cd51a2eccec2fef8199f512457f28d6f44b726,-1,-1,-1,749568,-1,-1,749568
b87f1c77cb39d0e0a2ef1b2e39576bebb3710382225373d851b663aef5840cbd,-1,-1,-1,-1,-1,-1,-1
747458ea9f1baf5c5a65aa03862245f7b810202c21ed9eb6d719ee66d9d527e0,-1,-1,-1,-1,716800,-1,745472
d9874236d1dba1983e888d6effec3488dd6bd4303a717c4ebf2481d4cb61c5b9,-1,-1,104960,688640,667648,672768,712192
53e8d936fba3d1860365be8181d6831de5c1c6a9f4456bdf9a5e7dbd57e205b0,-1,-1,303104,630784,737280,765952,630784
6b1e7fc8179aaa6f532e0a7271d8efdea255503f7a0de84d52f514954a7050ef,-1,-1,292864,737280,684544,651776,696320
9726f0cab61777951acf5846a339f6e3f20059a7d474a66e7326d933cab8641b,-1,-1,270848,731136,682496,749568,749568
bd9d9b85fd3436535fe0ec55eb0a3cc269cc9959eef8489deaf8b0b9566d6f0f,-1,-1,281536,748992,709568,738240,703936
f65d7e094b4758cea57d2b68803c50bf992a341804461adc31a8a50351dd92ec,-1,-1,292864,690688,749568,749568,749568
ac36c77cc2697c217aca7b7745b2cec5acf49d47d098d6daf3e37bd3f8063375,-1,-1,-1,636416,-1,-1,-1
388e208366d189a9a0a7cdcc1011a4a9df111266bddb90170cb4eda768363a85,-1,-1,292864,719360,749568,749568,745472
ef3b0b4c63c8724909e4db63f05cd66404fffd070f57bd8b7ce277d90b9233c4,128,4096,288256,436736,712192,653312,715264
283c6ae71a5a8a58c07a4bece7fabbf02c9fa7d2ea56726e5fc74f11afcc016c,-1,-1,278528,598016,765952,708608,430080
cc2723654a2d51a407d6a1e92feb32bb58a59d814b414a45e72c8416381f3709,-1,-1,279552,662528,734720,495616,749568
3d94e879dd2f9030e3ce9a9c0761f06a0e733ea6f54e07fe0847cdf531634d87,-1,-1,293308,750012,725436,687548,750012
33fa82ae1bc848883dc26a05006a8fbfa5cc3fc74561526016f2cb6580cd8487,-1,-1,-1,-1,-1,-1,-1
99a198d1ab3c7079f53a3ddb745b11296ea9ef0bd170c74d18e5c3b16592e783,-1,-1,290816,487424,733184,581632,684032
3d4df18861d57de9bc7d623157b44e4fce39731793d02d4107360b753c6020c7,-1,-1,-1,724992,749568,723968,621568
4ff19f0a3fa33061537486ef815bd3f44c84fb052566d3ece46a68523b460d82,-1,-1,-1,-1,-1,-1,-1
b9ee43bf90916e41de1bc1e192d925f48aa65d2f4135ace2a0593cda21b23ac4,-1,-1,290816,383488,572416,743936,736256
82c8fcb7db9f22b841921ce3042d2c3207fa4a42b77d32ee9a79ca0032fd9ddf,-1,-1,-1,749568,-1,703488,742400
828009b0cca5fe747b20bcfdc7cf5caaf1b91567676eb03153edc0c36b349582,-1,-1,277504,709120,734208,749568,749568
4bc5994ff02d5f8bf603471f272fb6a014d6180a0c3f7ba34625718bba6401a0,128,-1,17920,656384,728064,538624,639488
149e380af094bbc6ffbd9c091b9fb821710a2e4767c545ebc019a711067d8969,-1,-1,299008,663552,712704,765952,765952
89915b1c66aa1d42afbb62c96d60793f88ec20f40d5ecc4750d73e0c4854ce5f,-1,-1,-1,658944,740352,-1,-1
3a4dbc5f082e5a604ff216bb139006d2789aeb53c5cd1bf03dad1bf1d4c511b5,-1,-1,-1,720896,-1,462848,753664
31dafca8a8652bc65ee3f6d769d37d48d613c79262097dad42169ec39ec3ebd9,-1,-1,-1,-1,753102,606158,-1
07374e17a7b54a927c51d286114c110b51a1d6e92f7a0be53f2bb5c8a2bf9f22,-1,-1,288184,732600,674744,603064,741304
14300e9d71ad6fa7cafbf5b3eaa8f4765600cb9ad546158e49f9a87699141ef3,-1,-1,-1,662016,652800,704512,749568
f12b3813cc4c655b69a70087a28798805b59662d8193970dbd465c9c3f8484fe,-1,-1,-1,503808,698880,748032,652288
09ec9db80fec9fd27700c94ef621a1ed86764223ad607ef2e79f740ff3c6f794,-1,-1,-1,705998,720846,753102,727502
3f85c7ef432af2e56cb47f12703e6e83bbeaf87d354031223c51f4cc629b7744,-1,-1,-1,649728,622080,741888,666624
8d63528aa2ccf5f362cc0b07227c1156a5ba8eeeba5864431e033cee123df72a,-1,-1,252928,711680,746496,747520,734208
31790cd68992b20314ea13f65396891ef58514f9955793c08033b175d98e1eae,-1,-1,-1,-1,662016,-1,749568
e51a9ee3340089538e6d58c25d9b5ab53adef4518d3937f52680c6d2e49c55c3,-1,-1,286720,765952,688128,479232,765952
bcf746ea309c2122731f99c50fcd82273142a5ff46322d2fdddc92d74f0fcd0d,-1,-1,286720,765952,765952,737280,753664
8343312bd1b7c1c4e8904fb78ee587684a9341060d46417bacb9febd0f679871,-1,-1,-1,741376,765952,737280,712704
30de80adecb58300afe57b120ba55d7f4073eeecc211883f48fcf20da7141a9a,-1,-1,-1,753664,765952,618496,765952
517a6555a3fabf68f808c42b21853e0d4fdf3f3a57ad9d9d8d031703cd71b3ce,-1,-1,-1,737280,733696,698880,679936
9573c7162fd2f482ac5bb145eba2c29166db6dab5cef125267781053bc807c5d,-1,-1,293312,746944,711616,671168,666560
6efb2081a5fef8fcc517220f55f9291c7efaa10c3b5922cbf47494fcb2c5e29d,-1,-1,-1,573440,667136,-1,670208
6f82417150cbe9dae471dc435237c8cc64c7c886f5c5211be52db29cf533673d,-1,-1,-1,741888,746496,748032,-1
97c76cb39bcc26f384f1ec47c3653b2bef1c004c077247274ac845951d39febf,-1,-1,287680,693184,679360,750016,745408
719411c686ce37281b49d009580c564d7ad692c909dcf451dabbd0229d5d18ac,-1,-1,-1,749006,704462,684494,-1
bcdf4775317c33bb969e895d53b8478c9657d37fe688241c2b8cf14c70207a80,-1,-1,246176,745600,747360,724544,728576
02b566160eff6fb97493f90e6c7f0c609401603e07cbaac1f812b0c6fe1cd4ea,-1,-1,-1,503808,741376,-1,765952
a043929ff5614776ac5cf3a6cf024d6429fde05e4c23aef6a1251b1c20d3085b,-1,-1,246784,734208,739328,697344,716800
a029cfcb4fa087bda6eff9abaa53f045c725d059b4f8d0fe404a9f98dca51aa2,240,4096,250880,650240,748544,654848,722432
e57ff90966a18c820e39de8fe37ca590f7b78f71cfa924eb38af1806eca1221b,280,4096,160768,737792,327680,706048,713728
cb1698b4a3a34eaa3b3f7bc553fdb33f80a7c6927b7339c4e33688c3b8d48b5c,-1,-1,303104,757760,765952,757760,647168
665d89f36e25ba4dc9fd46dc7e6f3641338add6209aac56f2305674a7d209045,-1,-1,-1,729088,473088,520704,736256
e68e8734c9f6b1d785129c127d91b36eb138edca462a2217b500af6a93999ca3,-1,-1,-1,577536,566784,749568,749568
0f819087e32b8bb4fddbf0d9518095ef42fe277122c641262a99a34278bba147,-1,-1,-1,744960,-1,749568,675840
d1238a180790d62beb8017c1b7ff2977b34305a8abc9b704d5e0a8eab046b494,-1,-1,292864,735232,740864,750592,661504
03524f2e020005caf713dbb4e774b063a3e32964d4db15369b9a861477130082,-1,-1,293312,750016,715712,425408,712640
40119433cf9e60a7a33ade6c22013ba67f80a4acdc2877e3aac6b4627c5a0806,-1,-1,-1,614400,753664,565248,753664
9d53b38c6c5590b6bc6851709b3e8afbf3aa75ddfaab43436026a7d8499cf7e8,-1,-1,-1,478720,709120,652288,745472
06940bdba646c55474a7124e8ce0aa684ff5f9bbde7bf27eae6e0853927691bc,-1,-1,-1,573440,765952,565248,651264
2b9604e02d45e57473ea717250be54dbf92bc7f4e45f2da4e4376060d91b7b72,-1,-1,193024,503296,750080,744448,750080
97d89d0eba5fe2be1cc02b8e1ef5537ee094cac74bff3c03726af508b63cb444,-1,-1,-1,744581,724101,687237,724101
42297e0ac4a8e0b7ca453f8e88b06e99b25e94862ac8d07854821de63aef01ae,-1,-1,-1,724992,-1,-1,700416
c7b7791854d0182e88078cc21b1ec10015938baa5b3b1d6afd11d73e5292fa12,-1,-1,-1,744448,-1,749568,717824
70ca1d2afbdb88f8df6d6fb6266fb3b8d3e88840fb76f43267e474d0422fd69b,-1,-1,-1,446464,634880,589824,765952
326abfd8c50802785c659ba4125c01dd1a1cf2334493c76bac2ae1acb538d4c8,-1,-1,-1,-1,712704,765952,-1
a7202e1ef13a7c7d69f49a3adf3aa3e4f71c5dc78afd98fd675894fd144fa5a8,-1,-1,143360,479232,430080,757760,757760
2543a6b9fcc66c04a98ab69d5e763b6d14bbc2ca7ef22399e0fee1b9ce7a0cb4,-1,-1,-1,-1,-1,-1,-1
12c66feeed066a0412eef018f8b83e49cd27bd5734d9489304f61a60113f403d,-1,-1,-1,-1,-1,-1,-1
82ee862648a6161501f4c3ae97e23eee23169e3255473d52ad129ee9468f1183,-1,-1,-1,-1,-1,698368,-1
f70b96e6cb20f9d0bea0b51ac3b87267227ba0d680cdb96651a31f72123f8266,-1,-1,-1,497664,752640,373760,741888
2fd9ba6a63fc106327be2f1318d6b29195bd7d3e72bbf1f93fb9079754273a50,-1,-1,-1,-1,667648,753664,765952
2591f824b9646703db7f9d30620b7866c3c800a6a73dcf98aafab356373b1d6c,-1,-1,-1,735744,749568,752128,745472
152b48fd43e6d9a160ce00155b86841ae585f247d9e95c08f4eb42a889082820,-1,-1,-1,491520,749568,765952,765952
4f38012afa6bd8e966427dea99b9d5b622cf42cabc4e46d3c1b5492abcaca653,-1,-1,-1,524288,716800,430080,692224
6d3aad33e43c72cc4ee1e28bf091ea092b795af6963b57730385cb37992da0f0,-1,-1,-1,750080,750080,748544,-1
cf218d204d578e3ea3d114e8fe68858042951f4e6c7792c025ca0c374b774a92,-1,-1,303104,466944,753664,733184,745472
dfccaefb1a32abcd96991a127c76bececc85eba46462f9dd6097fcca08a74613,-1,-1,-1,696320,757760,507904,614400
5c668e28927dcc72d015972dca4e631a449942a7e34024dcf429a21f056cffdf,256,4096,187904,729600,712704,725504,627712
520fa781859677ab8a5dd46a85f7fd5e8e1e4cfcf14dbb5792a359c1b35cd4fa,-1,-1,254912,709568,744384,703936,750016
19694c80165608d8e03ff3e7edd083820f0ac180109f8a0822a312b42d102561,232,4096,292864,491520,719360,720384,690688
4712c46cb7b74530b6810fc1c7566c27eb83a1864f1333420a03c565a8855d66,-1,-1,293312,709568,750016,696256,709568
b001839fc8f2ed1fc974ed4040767fd43915d91cee436109839237c533798894,-1,-1,-1,-1,752128,-1,-1
833d44324abcedca0688bcc95c97585e687d5422663a51d700dd237f616cf46e,-1,-1,289280,702464,716288,749568,749568
0d0fffeb0646c5ab9c26cca4382a6e6ca1b46a42078c7972994dfee96320fefe,-1,-1,293308,717244,750012,651708,750012
640b6ed886c40f722e9c307b813a592749beee012e3378404663e02e29791a74,-1,-1,-1,745472,750592,750592,710656
18668b1ae57e7ca0cb7dfafd103ce4a37e968f6febfa6ee0b7605976c372dcd7,-1,-1,292864,749568,703488,746496,747008
f94d429ede641fab122b56b4743482673f8788117fe895003beeea7894f77bd5,-1,-1,292864,619520,749568,695808,749568
5c5c3596c82fb2b0f559a5c9fc2d93389b4a1e112e0fba1fe9ef1ef347cb2dd6,-1,-1,292864,737280,747520,704000,740864
f54c438f0031955a395ca0fb086670e6f718b8add30aa44c030c6133944bad26,-1,-1,293308,750012,750012,750012,750012
fa542e0f6330891d2d64169930537523410dba375169f15d238dd9112ebfa119,-1,-1,292864,729600,749568,749568,731648
e0414f4a6192a591b97786ec8e7cc6616ee8a0de23bdaaeba6004f920fa88b9b,-1,-1,-1,-1,-1,-1,-1
3474799a4c129c54e3d6863254b810579bb52aa616548d6290dbe28638fa3332,-1,-1,292864,712704,749568,-1,749568
15c26e9ff37b98f47da10a38ae06bc1cd168a51389cdfe3ef7466aa64dba87e6,-1,-1,285696,727552,718848,740864,667136
5f80c4ca40c7b921000171112e58c71e6afc8689720acaa6660411fd632d70ca,-1,-1,283648,194048,750592,748032,641024
064f417511b540499a05580e954d3085716a2e16c0cd9c886efa99fa7d572cf6,-1,-1,-1,327680,761856,684032,741376
27c7805445b185b25cf4f4e7543dbc7e1ecb953a4493cb05058e2b43fda55318,-1,-1,-1,-1,-1,-1,-1
dfbe28bead540d05d19a5cb5b09218a0ea89d4baea1369f9c6b10c08918d75e9,-1,-1,-1,737792,708096,-1,750080
75be1dff58839e5576d0f2e3c952cf13827fa26aec59add6c709923ff484de1b,-1,-1,292864,672768,457216,706560,747008
182323b6b2123e22f6875b8be6b7ded9725b968e54b6a87cefa1cd1676c9f0a1,-1,-1,-1,-1,-1,-1,-1
e86e41d821186b2442088713e13404915c525ee9a49fe2f904c8c93c2920511c,240,4096,303104,311296,471040,729088,720896
c01ff24d9d48ea74fa79139fee18c3c7fba870b6dd594d8d0da7339f16cec3ed,-1,-1,292864,471040,726528,691712,685568
04c7c30f84111e5f8c0de130833ff6ec73f1a7b852385ee6a3f0304f89fa2385,-1,-1,246784,624640,749568,717824,667648
6fa4b9e71b72a4b5b93ce5fe53f923568c63e19847e2660fa479a4bc604dff22,-1,-1,-1,637440,663552,622592,457216
ad35706039115299f4a27af4e3f5a5cea226c41dbf5afedc0813cc59947ccb64,128,4096,46080,742912,730624,749568,749568
9df759bd995b66329e446d1fefa4d86702457e200396bf0398796d3cea83b94c,-1,-1,303104,-1,765952,720896,741376
e12111cfcf3203af431c2d2051f12335da8225e54e99641d072a78802b6f55a5,-1,-1,-1,607744,748544,672256,744448
6f73981a91d0459f5fbe830e7fe340fc7fd3bb38b08f581159e04a63d477add6,-1,-1,292864,749568,749568,673792,-1
50bc3be9ed81fd779c56cc2d8cb43913ff7c22a3ee70e4f79e99335cda6e7463,-1,-1,-1,573440,765952,753664,749568
a772e1b2068e3c8f766e70d9e2fe07243834a0113b66d6fb97cdc2b35b4a26de,-1,-1,293194,709450,749898,749898,733514
ca7e23f58336ba3119a9aaa8cbdf41ac1bf63be09e6b44f9d0f8a9b0ee8aea7c,-1,-1,-1,716288,748032,749568,704512
7823f40cb3e6f3123b251ab234813e4f5d2b4b13eb231d786d206b2dc0f93871,-1,4096,-1,723456,750592,743936,750592
8b22a2c731fbecbb9c09097d35e7b64f7ca917e64e7a9c100a50f8d581baccde,-1,-1,-1,-1,695808,-1,691712
0f24731868582c6c530fd1aded549a80608901d43ada3e292e31c3cf8cc16a8f,-1,-1,-1,737280,717824,624640,634368
6efaeae1c5c0478a41a143006f2604850b982f157d44605d881050b429269bc5,-1,-1,-1,-1,-1,-1,-1
9e507708f3411c8846476d15d0843b6f92170729d51867895534177741a9d87c,-1,-1,293312,750016,750016,750016,750016
9bb0c198b47fead26b120d8e4ea8532c80a914ef0cf4eb222b97ff1a8b5ca63c,-1,-1,-1,438272,700416,688128,696320
6fc9ec43188e636b9dc49a0bd827281f3536a7694163d3f512ca4d3ed3ec65f5,-1,-1,-1,-1,-1,-1,-1
e9017be9cd2c47ee8f5b6330c0e4a22bcec6c1fafce8b3ec7eb291d5434f683c,-1,-1,293312,749504,725440,750016,750016
55a2d39bdfb71e7cb13ff6b3edb5897f7470dac40c6798ed46e250ed55c68ddc,-1,-1,-1,621056,647168,672768,-1
ab505e90efd1706def1388f983ffc19b1c385f1fac2ed0b132c214be6631d479,-1,-1,258048,765952,565248,684032,724992
f26a2c4055d91c5bba33e4279623554fede35388003d5d88ef428bdbb802f49a,-1,-1,-1,733696,748032,750592,712704
dc2b14a453d410484b3013faa97b9083c1c32245a87af325b696f51403047fd4,-1,-1,273344,742336,748992,750016,709568
eaba00c93ff5063b3e5938eac3ed744cd01f31315ae39b66c7e7c7190c7dffd7,-1,-1,-1,-1,-1,-1,-1
dee519f6e5f5efe10faafef83c59837f5038f52b462757acfbf2ad21298b9898,-1,-1,303104,724992,765952,733184,757760
463708902df31988bb6aa7f619044eef9396983331d92e6ff552f300b664ab6c,-1,-1,282624,-1,729088,479232,761856
753245839c686dbc96ccae5d3c706b4534a069f99cbe876e63abd01f99f9d739,-1,-1,-1,-1,701390,-1,749006
bc9fc285cf3efe0b124a1bcbb2558b730c87ce4f1d625bd641fb064e02489e82,-1,-1,-1,-1,-1,-1,-1
d8df80ceb9ccc3bdfeb405a1b134c83d434da6a7f712e8bcef25666237f008b6,-1,-1,-1,565248,737280,741376,757760
b13c0e32fe8d16affb6468bf581403c9d1484f80b7ecd8fb06b6be46f7118bfc,-1,-1,303104,757760,724992,737280,524288
1d9176ee1aee0a05ddd2246a5fd4498e563ca4e85bda8b21ad63436e75d20a83,-1,-1,-1,753664,761856,737280,753664
ee4a5296577255047400f4e5022ca9531be72d431f140e7454eab77d307e8e0e,-1,-1,-1,-1,-1,664064,722944
489bcf973a461fad5dc968210b10fa52ab5da1fb25d040d6dcbc7fcd9d2bacb2,128,4096,277504,749568,748544,749568,741888
8c3ea61a92f123d6165c612dce3f244bfdb50b19c3f0f7660491ca202df85611,128,-1,135680,693760,752640,752640,752640
410295b8df34f3416a4d7aa34fd520df90ba348e47903db4f6168b6f6c3556cf,-1,-1,292864,635392,749568,749568,686592
ff32db8ea99f2039c698fb634729e55e18e9c5f287a3f8ad2f9ae79d0b3e01b8,-1,-1,292864,749568,688640,749568,-1
dd03a8e7725d75a389e5448fc00ab97499da408f31446f030f0f66b2b7d9fa90,-1,-1,-1,753664,439808,744960,753664
061d79eccc2c5cb29f036a6fe8bb0a79bc6460ca665fa603fc479ec43c190788,-1,-1,-1,749568,-1,726528,-1
80addc33ee8af27465fbdd4c98793b9ee1b58fb38a5750f0d1378f33bb1aa581,-1,-1,292864,585728,668672,688128,749568
89c9d11f9d237790eb898adab7c066778047cc001cad250f52b4ded8c6e92252,-1,-1,-1,753664,753664,753664,429056
886f09ef511b473f84003dbd40f1d8006ad176462c01e43caf1e5bf3cc7a4064,-1,-1,286720,618496,622592,729088,684032
3bcca767642acef640bb68ec647e7d7a0c99d4069ff0d43691365f02cd8ac054,-1,-1,293312,750016,746432,713664,603072
e7b2d91074d42a2db050c190892c78ea25680f1e8b122b3bd13f85bd5d27c8c9,-1,-1,-1,747008,749568,706560,742912
1fb5e0f1adfed1e084e132fa2a6669d1c9cf8829ca0d7432e7ecce8e996dcb15,240,-1,292864,750080,750080,750080,746496
40a7b8acb71480cef60b30d408c5d756e4986ed27aa8799af365b2af7a776a40,-1,-1,-1,729088,544768,638976,638976
8814453d55f11523cf400d74e68c8e6a4ab7bbf6dfe266d5abc95b0ae7740678,-1,-1,-1,765952,724992,704512,757760
7974a4a3282419c09e8214362a238a60979cb5f62b4e8ff494d2b928687f5ed9,-1,-1,303104,655360,630784,765952,753664
dabb37913a93d136c03f4f0c1f82e09b99ea31d27f24fc8fded80d8cc5f25f4c,-1,-1,-1,-1,711168,743936,749568
2dad38b4d6f1f4029a07c97451662e0fb8c9d74aa03ec70960dd9c3d3fba96fc,-1,-1,-1,749568,-1,696320,738816
8815117bbd54023873c753f0fee0d3f53c8afc6929791950522874c2be84b986,-1,-1,-1,688128,753664,757760,688128
24a6be77c57abcfa58f7c241d02ed8e83329893ed68ecf6ad88319795596d014,-1,-1,-1,-1,-1,-1,-1
59423c5eb8b1dbcea1c28ffa3e6dc6499443dd88a012693c8a4f9d3d2d0b33fd,-1,-1,-1,-1,438272,753664,708608
06b5e158c05af37f8583ed77213133076e0f2f9f4f194f3d744afba96f4d51a0,-1,-1,-1,574976,675840,734720,749568
2b9849a2c5271c4ed08c67fc8fd0d1165c73c89a38037aa2eaacc8bb39333cc0,-1,-1,-1,741376,765952,720896,741376
d23657784cd9dcbf07285cda0157867e24f628d5594593e2b02c573eb8af085b,-1,-1,291840,744448,433152,738816,746496
00cfea53d0277eae23eccdd5042b979b94c3d199f897bb75cdfb21620ade45a6,-1,-1,282624,627712,735232,735232,734208
c6ee0e57bbe978fed080c33c690d8c35ea1fac1b5230124a37b585c11d2a003c,-1,-1,291260,750012,649148,671676,750012
6f239736c939a5daafc84bc42b8e0983f8cbe55a1b5d9d729139b74e99473a6e,-1,-1,-1,711682,749058,714242,747010
59bef5b6fb3573d2bc438e955783380960db725a982f6b80f58c878c87c14440,-1,-1,-1,765952,733184,471040,753664
c84129a697e601e20e270eb08c191412cad585e11a534cc33536ba30c15dc085,-1,-1,-1,741376,700416,765952,737280
d9e9c8012ce7d8cebacc60727a1ed12663079905356a1548e3773c1935564617,-1,-1,-1,-1,-1,-1,-1
3af36ceca03e3567b493ba8ed7cd8b649e389bc093cc39596ec5008d0f01f3b1,-1,4096,277373,768893,449405,760701,695165
6e6c88be8c241f4c4b510c1b8cd8ddc40a754a53a752396cedd149894d6ebd90,-1,-1,-1,573440,704512,753664,696320
de84ff59a2bfbe2787d30f38ebeb4df661389287b4af863f1a4af68762999737,-1,-1,292864,747520,750080,688640,628224
e836495c38f53183a470feb6070ae74cbbc79b3fe68ac06e8f917f4da380fcc2,-1,-1,-1,623616,662528,563200,681984
34fe6c091754ecf879a7f14f6ec354f22bf86c5c4a60b8bd026310af8010c917,-1,-1,-1,647168,721920,669696,648704
0fae3de17131cc883a07ceb8ab5bf3c0f5218186a59e5cc0d0fcceedaf16828e,-1,-1,278528,655360,684032,638976,667648
ba421567d5b4ea1e3efa4777809f4e6e243465eaee8e0442bdd486883878d6ba,-1,4096,247808,754688,561664,609280,748544
bd364d265bb22c6521820aadadcaf798d9b3d1be5011d1dd67429527763134cd,-1,-1,-1,737280,761856,667648,757760
5fa7cf9770f90995a74807b4624ddce1d3a8a4a23f9da159daa088d47c63d665,-1,-1,275968,750080,747520,746496,724992
9f6c43e445e965d68cc190f410ee8a92d582051d19f9478c506a77a5e922aeb4,-1,-1,286208,750080,-1,750080,743424
b4945311956512602574a9680c4110be5959e2f2767629635d9efd7ac739c961,-1,-1,292864,633344,691200,737792,686080
03ed020302836132fc3ef023c28bddde8c8153f39e44586879525770dcf4500a,-1,-1,-1,524288,765952,741376,712704
ce59b46653365afdeee5551e1485a5d7dcb59359adbd0bf02d1e445b38302e6b,-1,-1,293308,741820,750012,750012,702908
40d529e30f3ccd51f56b59c9c7ca16c03233affb0d3c9f62999113743fa1d2e2,-1,-1,179712,749568,-1,685568,749568
b19a4db77c03b226b96bb5e1da27d4602cec2685a5884db8d7a1e88ef919b1d2,-1,-1,-1,738816,726528,749568,742912
3ff26279cb0faaec20e9b316e22da79a6361d3547fc5e560e2b5f2d857d4cd02,-1,-1,-1,454656,765952,745472,749568
fa2c1e92bd0a75516e2415c77392723fd360a8dfd0277de4702137037b206788,-1,-1,303104,757760,765952,659456,761856
63772d78d3a194c0a6ba999998640ec2b9f6879737fe396728cd62512629bc42,-1,-1,-1,-1,-1,-1,-1
153619c0da2dc192a9323072aec86c76d70400df2badd23176bda2c2543172f0,-1,-1,-1,750592,-1,654336,750592
bd72bd1c7f02ede438fad6085c93837d59b2fb936e19e697f1b1528fbc7b2211,-1,-1,-1,-1,720896,741376,-1
eef266d77d4909c1aaff26714fc6e7ec8349544aedb1de83df30e75fb41c143c,-1,-1,-1,574464,753664,747008,701952
8b8980d0519d6fafbd0f642fa8c622429dbbf58a4783ddfa2c3ec11120a8959b,-1,-1,-1,393216,724992,569344,692224
e06c5cf32f5993af01e9b0e79fa9f152c22dd3dbe7361268c81890b22efb1ee5,-1,-1,-1,684032,737280,712704,720896
b5fb67f0554dfec73086a1dc66029de0aa725254eec7841a600ef28291a5876f,-1,-1,290304,726528,704512,753664,753664
486bb5bf3269ee5b59148a8b1dad7eb3482123ff8698701767f75f74708ab371,-1,-1,-1,-1,730112,749568,702976
fa5417f7b24f64388ac74711432b7cf9512c627342fa1deeac134780886a50f2,240,4096,292864,711680,425984,339456,747520
de9d1fffeea010157c3b4fbd6a839b5e033449a637a0c444d7f5ca5070a7a950,-1,-1,-1,602112,606208,745472,765952
4370c5b8e01798afc0e6c419c299e6511f7c03717bf0579ffa7f7b64d99e594f,-1,-1,-1,749568,499200,747008,747520
afd6ff1c78bbd3c909ccb85ff3c87a35a726e3751c145aeddb1c9b213331d986,-1,-1,-1,712704,716800,688128,737280
cb863b171604888fc448203e0ebf0b7688817449755688f3d58b4875ad1a8c62,128,4096,134144,526336,451584,642048,456704
1699e1c3131934e4260f37dce8f5d465bc7b14b0e87833e8d3d456b502cecc09,-1,-1,287232,602624,719360,456704,747008
1febd90e9fe143e001b677865d5f9c86430c21ddcf677795bfe7da1eaa9aacc7,-1,-1,292864,704000,750080,425472,741376
7c1560ce5c8176c3c87741cab6793e2378418a5dae1ef7dbd5cf74e367ac063a,-1,-1,283072,744384,744896,750016,703936
d90ebcde7ec6e9cb12ab7e222b43e2a9198e84e7041ebed63cc2cd2fb44a967c,-1,-1,-1,679936,-1,712704,753664
34133963e0d9c83f98940138db5cc62814d9814cdcb671c66f709b2e7571e563,-1,-1,299008,659456,757760,765952,684032
4e7bde492f6166c5f1f9cb844d1b9995bf6edecd566b4d2c266f366288902345,-1,-1,-1,-1,-1,-1,-1
1bf9b96b83afbc4922f0aa0fdcd877159f0c06c3523df74eff5f93a6f7b7b653,-1,-1,-1,489984,664064,696832,747520
8cf40e35e2ca4624e6c4dda8cb530464fd2d1ea00e85494145e84b9eeb331a2a,-1,-1,-1,744069,749701,749701,681605
c79a2acf6d542fa1338d8fd61554bcd812d69eb7f28b0112cd04f047e1165fa0,-1,-1,-1,-1,-1,-1,-1
f72755ea056deafed29563aa8c142a5a1b0fec823f1ace68e7e8470525cfdc7b,-1,-1,303104,598016,684032,757760,675840
61d5bd4e3fefc7d6f54cd9b82268be9d277e426e3543cebe95d8085d9e6cc4be,-1,-1,200704,724992,507904,671744,692224
0fc11a5f278f87658d6954ba016f8b92b1d41888df584febcf7d40fccabb1de8,-1,-1,-1,753102,-1,-1,681422
8df878e376964e11a5dad5513bb63cb69ec4a65e12d0cfd13f140a871b65ff24,-1,-1,291264,738752,631232,748480,648128
4a337bdfaa08b399d071556c481c7155d748fd7d3a3b80f1992f6a5a5a828635,-1,-1,-1,638976,765952,765952,-1
f6909e21edf4bf2cbf9004bab2310a2d6b397aee131080916558d2827c105d8c,-1,-1,-1,753664,741376,685568,655360
fb8217589d406fd53f0854721c0333608c915f74832ef135e330147266411d4a,-1,-1,-1,-1,-1,-1,-1
73324e9dcbe9f0d64d6d385db244ea0e2ba01a90e55d4e52b6de3cedbeb68b16,128,4096,202752,660992,749568,749568,-1
251fd9c134d1c5cdb014f274b5ddd1705c18469dec80d42dbe5a75b2280d24f6,128,-1,145920,647168,737280,749568,0
6155ddc2356b50f753de3b8e5a41c70c7301e55a785709906bd378fbcc9d061f,-1,-1,-1,-1,-1,-1,-1
310162c5109834962a3cfbbe1f0c482dae45da2c8026b2c3ea536a316e72e8ca,-1,-1,-1,620032,738816,715776,747008
efc90f480a61c97fdb85776dd033d13ac86a7fd7440b767452598ffdec1c13ca,-1,-1,246784,701952,680960,617984,704512
dc43258eed55c4f124484b3c346d1d8558d55c2190744fa16107d750c4efad06,-1,-1,292864,749568,749568,749568,749568
2b299f2229960236b84da89fdf89d0ed777f15833f70b6ae5717342e88e28a96,-1,-1,-1,-1,687104,-1,716800
84929b10d22a93464d28d04180e22b2645868d0fb69b65d5eaef229a576e8998,-1,-1,292997,-1,649861,739973,749701
ad3839c9e285a854f06f1feca8aac70eee1fd89c2809526aea5a3b8276220059,-1,-1,-1,761856,765952,552960,765952
5678888f557b8e78f6492f9d4727b492e3c1f51f9f682ad9593393b4f952cb76,-1,-1,294912,606208,761856,614400,737280
5937291cd0c1a2c37250836f973fad46b942e60f7927febb9850b810cc1f69b2,-1,-1,292864,750592,737792,721920,685568
8aeb206e34c94a9da13cee64fdf0761efb0f6825991d26439fbf0533489763b6,-1,-1,271872,749568,420352,418816,722432
01035491bbead812a6cf63f0202ca6118c3c0deb0c4059e84b5d4de08a72545d,-1,-1,288768,637952,560128,729088,754688
ac66c1a4b106a68ac216100271280c9a3806e37176979cff0cdc562bea90cea3,-1,-1,289280,702976,673280,748544,726016
2306fa037e73b7ad2223c3e2a4247310e54497987c6906936568ea86248d904e,-1,-1,-1,-1,614400,-1,765952
32d6511b6a391973b58751ea796b771656246e018b294140ebfd5fb0cfce0886,-1,-1,-1,694784,717824,698368,341504
d5dd200f8b83f1bb272f6c84af83a8cd6d94dbc17dd6ff60a8dad40f9b04475f,-1,-1,-1,631808,646144,630272,714240
f3977d24bed2257364a53048c79a2a0c2d053991ee396910f84cd9595cfe8f58,-1,-1,292864,749568,456704,456704,749568
ef4e170506e0dc4f18cd59ad4bd409bf663617982e46ae2aabb2a5a5c1bb3cd8,-1,-1,303104,753664,729088,765952,761856
0b743a069dd1d45ee13649567e2c28df95548a78f40c781f8c11d91e8edfa246,-1,-1,-1,438272,765952,765952,761856
3e310fb00cb1ac46ed42a4ce40d32097620debf9293026220ccf67599e4eb49c,176,4096,299008,573440,462848,720896,765952
4b7a4d61fa4c88ca38d06c7b742717c1cc4b7abf08aabe8dfd0c143846a61ca2,-1,-1,-1,-1,627150,695758,726990
d82a650b56a8d31fcb6abbb0f927dca65f1c345d12e0e08b8e2a52fdb1558ff2,-1,-1,-1,-1,-1,-1,-1
7469499eb4e0fe08e267df56b965a532995da95ada5534a8d07d2016e39e1db7,-1,-1,277504,734208,404480,714752,750080
8f10c2d02fe1c362fa447db13f4323d6d8524fdb68a7de2b8eaed600c8f3253e,-1,-1,-1,528384,-1,737280,-1
cd8f4da9079cc510878830a12512a7b8dee78d1bcf3e09f65a7c5eadc1207045,208,4096,45056,663552,716800,643072,745472
251dec0d322da8bbdd2905ab8f55ccfea2eaa38b91b30a0e27156cf26248f3e8,-1,-1,-1,695808,749568,726016,-1
76de98300bea636d80944fc2a95ef72403cb8cc7f31cf881acc128ffe34d7fe7,-1,-1,-1,-1,684032,647168,720896
464fec1471b14270ec0db1dfebc88ceee3626a065503aa99465256d8a0d8c034,128,-1,-1,577536,757760,565248,753664
6d3f72228ba75a7313c0ba6813dde2533dbc908c8ead836d730f08548249ba18,-1,-1,-1,722432,742912,753664,749568
79480715fdda82f459b42f3b45be1ac960f06539a6226f6189585ff7033eea12,128,4096,292864,656384,736256,749568,742912
d2cad3df1d4c3a986a56b0d095f4c52b0ad6074ad8c6620a5a78e6cf289473ff,-1,-1,286720,737280,671744,733184,663552
b0c725763cf7344d6ebfc3edabbbc7be701b89b869124b55f70e654e244d227f,-1,-1,299008,765952,499712,765952,749568
6b3e442ecd0a8f627d6d8ce9bf9a37bd28ccef70454a31d93580345280c18d34,-1,-1,266240,714752,748032,745984,750080
56258892ebdff7420540f0194c73e6465ab2356b133226a5103555b94830e6cf,-1,-1,-1,742912,736256,429056,753664
241405a1bf9a53c2fcb4c8f12ed640723f3e6e97cdc5779f1a1bab61a1d8f749,-1,-1,299008,-1,761856,729088,741376
2704a7922109e018eacc812491c6d96b60065378ba11654ba0b1f1e3d1361e6c,-1,-1,-1,703488,-1,748544,742912
aa5d0102c6bed8d238e287bb777aaa5974a1963a9cc3194314dfaf8d43444ba9,-1,-1,263104,744896,748992,750016,742336
f5dccac341069e07b234b29cd481bdc7acb08754e8637d67a0c77709323c2842,-1,-1,-1,696320,733184,724992,675840
7ac09e33595199e9d2b1f1020b36c9249fccc53a4630d98d6f4a2486dce6f5c3,-1,-1,-1,612352,723456,749568,747520
91f44b01ff1b2aedb46ec3d5ded737a2a1b8d4eda7768cd66175c37b8a5a3d71,-1,-1,-1,747520,753664,753664,714240
4b9db88320b14ed0485b1b95183617b8ad949e03a41dfc091f10a19486e7bdbe,-1,-1,-1,430051,614371,737251,745443
c87ec588004d5044f665c0191ade39c3b02d0ed0db2d790cd4c36d56b4f7df64,-1,-1,64000,683008,577024,653824,642048
e20937917a2a2055a6698378acf55063ef43b63ed2a9099574b1975c53ed9398,-1,-1,303104,761856,598016,757760,667648
4b1f08861dfd47b1be18595dc232b25f6a0a22cb7e0ea19a6bf236b5f64fa23c,248,4096,292864,57856,2048,2048,2048
59a0dba7ad6c59028c64cbd08949ce1637674f8273aa4ac3a53581d2ebf7d10f,-1,-1,292864,720896,745472,749568,704512
a6e4f15fb79696e8697771ad5433c81bf3f08379a25c3380571bd22a84b4ad1c,-1,-1,283136,253952,659968,714752,749568
68d50e7fc118ac4d475c54e0e71138da7d9750f50e79c47bcbebfe026b79248a,-1,-1,-1,660992,721920,666624,706560
1beb1131185be0a424ff32f9f4c9b7e0bf7d59a913a692249a3feff8e02dc5b4,-1,-1,292864,750592,664064,542720,680960
e5496b0f4d827d82fc316e14dfa1b7b9ec343e2409b771bb7fcbcf29b8a40735,-1,-1,-1,742912,749568,749568,749568
14da21c13590482ecdad50ccd1f1037f9cfc02593b579f39999a11793799b765,-1,-1,250368,656896,704000,720384,653824
62fb359f2c8d1e74ed7b7dd7ab0380b465e75e78c46bb92006dabf829a7e770e,-1,-1,281600,628736,581632,750592,749056
2596f16d825e063d91c2d8da90a91de443d46c09a3a0dcd04bd3d9d5df7d6ee8,-1,-1,285696,686592,749568,684032,695296
b9dc90907cca88d6e321811433d6b2a2648dc9890377d2c30b9169d0976fdd7b,-1,-1,293308,725436,750012,721340,623036
d8dbab23a0fa919bd90f1370f0f4722561b5de89cf144aadee60bcc6355d4f66,-1,-1,-1,430080,720896,733184,724992
0ab0c1b67e2d3de427c81670a86b81a27ace98329027363a1234661a357d4756,-1,-1,292864,456704,708096,742912,737280
d2ea0a1608fa5b208311fbcbbf4c244fe1428a8bc46c03388118ce7b6bca06fb,-1,-1,293308,729532,737724,630204,624060
e942b29b875e33e195f48d7c80e374b4e7b4913853352a15a7e5f98635228694,-1,-1,240640,579584,748544,419840,456704
180b13e04a561c97d6a5247d5ba2cd7f2c230afa7111426e5b78ae5b0a4d7053,-1,-1,-1,765952,708608,696320,716800
9d4648e9c81f2b852f55382d48ea9fbb2fb92df9af13572584ca8434640b9f8c,-1,-1,-1,572037,749189,728709,712837
2e478b4e9451ae3866f8027523317c8bee0bb82db79a9cd8fb1ed2b72799462a,-1,-1,-1,-1,-1,-1,-1
9f384426f63c9037b3d69da6e945814d5104307dd3171ca7f992be443ac28083,-1,-1,193024,-1,-1,617984,718336
89777234e63d7db945d7d2999e2eba1e007a7c07d6eb4de8f07712578c9a1984,-1,-1,-1,430080,614400,720896,638976
4784feae820e25bf6d763cca2d804993e2e788ad9d753b344ba607f7a125b3f0,-1,-1,-1,745472,651264,753664,733184
0de938d9614e2388311f81f9df4aa4bfc555a63547999ff7140758b254f38a4e,-1,-1,-1,329728,749568,711168,738304
ad0eeb4fd87616f5918adb297994aead935c28d3f8bc2d70021875c00dc676fa,-1,-1,303104,585728,761856,741376,565248
3dfd3f63fa4af7ea67fb345dcc799d8574874f54030c42952a13f09676cb0f70,-1,-1,292864,618496,692224,735232,736768
85c33e9b1ddbd8dfd7585a8d46061e489c76a5326b3a10d05b271e353a93cd8a,-1,-1,8192,671744,551936,734720,749056
b93666e0ae6a5c088d2e3fe51e91eef9d74a6f57e5f4138037bfb39db86e3f69,-1,-1,-1,765952,647168,765952,675840
5d051b71304b93223c18f88aed4dde84f5155ea0b8eaf6d4d5a674347f82fa9c,-1,-1,-1,-1,-1,-1,727552
ecbfbee02d58789cdf0d762b0a989ee1e6f7440ecb749ad3002472ece0c943a4,-1,-1,-1,-1,-1,761856,737280
da3c5e9e2f8c1683fc063492ed5621014c4cdb25dc57e86f4fba9e90c600a60f,-1,-1,-1,-1,-1,-1,438272
52eaad2a30a9b8342f3bb2364417f4e6d24c5ec4925eb47aece26e6933958366,-1,-1,303104,544768,647168,765952,741376
a2608a157755779f545d9a4a8ca152d3930191422df228edc9ef63f0143973bd,-1,-1,-1,-1,-1,748032,-1
6e932450ea79542588d5aa5fc2ca6a3399369a85cea01789708b77219a02604e,-1,-1,-1,446464,753664,761856,675840
b9ac4a079f22f5c3235ae453bdb040f8764cdd37659596cbe1d2c1f47c4deb5f,-1,-1,-1,709632,462336,749568,747008
62d709e539d53d3615ae1e4c96c76e2c8d3fc1c664867c344857cbc9336a2567,-1,-1,-1,672718,751566,659918,628174
e22359760f952c2053e42346c37a048b9503ee23a1aedb3184f652ec9848eb32,-1,-1,-1,732672,743936,638464,733184
f7b10bf931344097935deb5a82d2ee217aded810750fe8b61e9e895e56c84c06,-1,-1,-1,-1,-1,747520,-1
a2e10b8779c1f5a4ef41fbf75124fc287ee7bb09f42f35c8c232ecd08365c783,-1,-1,303104,753664,757760,704512,753664
702658145d3c0e03ccf47718fa1f50da95627831061898421b9a88c8a08c2bcf,-1,-1,299008,610304,659456,647168,761856
a48f7aabaa0d52644ff92e1f365c2e4fc5a041353b36c09e3b2dc0ec4f9462f9,-1,-1,246784,714752,620544,732160,572416
2554411a5b168797ace726045252203657f73b682396cff33af9f05a2ca13b7f,-1,-1,-1,749568,512000,765952,-1
15a70698ac04bdbfe4ca3d9ab9af35bd75e3eb9f7ab18c7786d8ced1547c5c92,-1,-1,-1,-1,-1,657408,662016
2913ad82660fadae2a8873daa6c22cfce628967f846e306545fc57f860e75b38,-1,-1,289728,431040,671168,750016,750016
1da0453148384d6ed5eeb6faba197bc8677ecbd83c719823dfce964d548ccefa,-1,-1,293312,700864,642496,672192,748480
0ac5190d36101337a169f1f6e65d0d13913e6dae608c4ba16a77d33be7b9eaa5,-1,-1,279552,630272,584704,749568,748544
0cc62786254c78ff396bf3b5df1dde2d1ea11bc3f8381f8dde60c3ca3a38a771,-1,-1,-1,709253,747141,738949,619653
2bf3c8f0922faeee1fdd478d3835a94b09532868d1a7f4f2fbc956867942e628,240,-1,303104,765952,692224,536576,610304
a178a7464696bdbc440b28d2c9311f6336a8804d1b2e6806618af3086e6fe56b,232,4096,303104,679936,581632,688128,765952
014df391c1c5a47740e4d063eae9fab3ed6f040590e079be58a882bd7f5a92db,216,-1,292864,749568,749568,715776,749568
af2d566cb1833256d29e83865dec19c7cd178b8330850370df1b7e4335810fe3,-1,-1,273920,745472,644608,724480,750080
31ac429e6da65bfedeff972ffd9a1aa570be023b0acf6e40cc7d679b5f703152,-1,-1,-1,708608,716800,708608,757760
5ee6db78adac48721f78440dd0386196e605c340152d62c4722909f19964bd0d,-1,-1,-1,729088,741376,675840,700416
c9e571815ff9abc1f6352cbeaa73938dfd6892c30f4d3e91790dfea80ebdfb6c,-1,-1,292864,627712,695296,687104,674816
8dd96d3a31cc140183ee65ccb7294dce16d228d01488ba29dfbdb514e927d33d,-1,-1,283136,743424,743424,649216,723968
247682a88886dc152ed35afc6bc9cd5c3a5f1aeba7e8ce438a660e6946bca15c,-1,-1,-1,679936,741376,765952,638976
b37c5ad7bce1b144b284cd6772c09c7d7cd63ed9c9770db4f6ccb1bb9124ebbf,240,4096,246784,732672,750592,673280,740352
8c7e8fdec6c6336b9519f93c0d80e7d1372105e19f5b0eb1b1beb68c982b6904,-1,-1,-1,-1,749568,-1,749568
334a5421f041297fb0553f516fec72ba8ca59eba6694679315489a65249d25c9,-1,-1,-1,603136,723456,425472,744448
22055107610cf121ec22cb180fefe22c1599c4a4a054267ef2ab71117e1b494e,248,4096,65536,626688,757760,757760,532480
d4aa03af563f6f87af7e65de429b54d653b7fdd5129e4950cbb8425eaf49835e,-1,-1,179712,750592,623616,726016,701440
630dc2fbb0aea189651f9d27a269c5d02c5f6a4cc1867a54c57cf014e51aab78,-1,-1,292864,424960,744448,631296,742912
00c6898c364eca08b94aae76cf969d490319433d033726bf5745411477bf3552,-1,-1,303104,-1,741376,761856,462848
d33aa5d8beb94614150c80c80619c3b8552a87e75dd1d4dc292bce28b076df87,-1,-1,293312,750016,744384,750016,750016
f269654dd36a9af553674a73029e5089b59c5580a97d18ceb55f4e5ffe8e35c8,-1,-1,-1,749568,749568,749568,749568
7f980b8c179dc1eb3c6c3412a2a600bc654ae7a71e5588e8016aa431507856db,-1,-1,268732,750012,750012,743356,747964
616212ab27e48b683fa0bf66819cad53cbf4add2704190b4209e3acd5b96638b,-1,4096,-1,457728,733184,743936,750592
3b08b8a787bf2ec7dbf08e5eeaea1b3c0b6f6b053e2a1ce3b50fe4181a07f484,-1,-1,293312,750016,750016,750016,577472
4b5335b342848314077512580a512a0cc082b02958b538c40172c759c50c225a,-1,-1,-1,745472,753664,704512,581632
4003948c32b559d1391eb3bbf8f1edfb5cf4cd9f9c6cbcf15a481f3d60f53c26,-1,-1,-1,757760,765952,630784,749568
08cf4cc6d515ea735665aa6405ec54a385a21bc88bd0a745fa70d9f80107377e,-1,-1,-1,475136,737280,692224,-1
2675f7dcb04f682af8489d9d447b9da18841e119d47ce56fa13066021eb7e148,-1,-1,-1,765952,-1,753664,765952
ce0deeb8adb484b02bb97852b8ee6098b0d4e12e71a9959be76c6d9d2f437514,-1,-1,-1,713728,708096,749568,749568
7ce8f4b2c0605807620b90180fd08216a46ee8356a7b7cbda55e7db6c0005e7e,-1,-1,303104,512000,630784,757760,753664
77dae5cfbad2a996b56bf78e818152e7ce01e79cb9c5f5263e43035375539960,-1,-1,-1,-1,-1,-1,-1
3dba4e829b47a176cda9b7d96523723918f2c972778e76c0cc6cf192ffaaf6cd,-1,-1,292864,687616,718336,193024,177664
760dff9201139290145a352604f206f4c1eb0b70ba57eaae6c202e136a43f533,-1,-1,261120,531968,666624,724992,754176
5041f8b3e0403cc75aa4eab378ebffe5b6a820a8664bd0d2e5b0f5223e78c0d0,-1,-1,-1,761856,753664,745472,724992
541c277433271df2063fed1337687918a0eadc541ec2a20619fcb3c47d827ea7,-1,-1,-1,757760,761856,765952,753664
fe6c2991701f6a6f47c8ec53b1d08cc6d2af94a1985fdf3193dc9218faeac4d6,240,4096,294912,737280,303104,675840,688128
0e16d68ee6d290e2b74650e84a0fe7bd5519eb4b570a9d7148df75a5308a37ca,-1,-1,-1,749568,674816,749568,749568
03bbd7816e1539089da1acde19f5ca9c0921a3d6fcc0bc37e793cc573ffffd60,-1,-1,292864,634880,718848,750080,750080
71f21d61b8fece3fdd771c99c7d6ebe322d41f93e5fb3106aba2030ceaacdb36,-1,-1,-1,696320,-1,-1,743936
91cbcb7ac30df14e3439aebd85d2c5c0779dc3eea4c8212e8226b396c77fb4cf,-1,-1,292864,738816,749568,669184,749568
64d44077e22ffd7b1c21a8729accd109c63d379030df734981a525243b2a8b67,-1,-1,-1,-1,-1,-1,-1
e6e0ae64c09c9c38efec70e33bfede952c9ad5ef63dbdc15f54c2bc7442238ea,-1,-1,287232,630784,741888,750080,750080
86477523dcc287e87b32d0a8334b56e4692ec98980b6e4a5f55c2120ccd59854,-1,-1,262144,649728,749568,749568,747008
31f1d0c70b997a055e84bb48b4891c8223f8a425d79c4f7ac42ba6b7d63ea591,-1,-1,-1,715776,688640,709120,703488
e5b482796fa9ec4f9869186f3869e92926ec6ae41ae7366d0162a802ba6c8e9c,-1,-1,-1,-1,-1,-1,-1
bd89dd125290f956b552597ef7d3eda04aec3166c7d8ceb43f3e0e76c416f624,-1,-1,-1,708608,765952,692224,761856
4e4fbfec3b52add7b4cb8cc7aab9fd9fd81b6797f3d7ba1f2281cffc31314d40,-1,-1,293312,750016,750016,750016,748992
82210135f066039d3569cae157f2aae7dd804a7e42d89229e7a9ccc890f6cfbd,-1,-1,-1,-1,737280,647168,692224
6b4b66afb0fb6bc7bb0511b5f5d85cf12351fc7905e6ae6d59217eba0bef87e2,128,4096,274944,727040,728576,738816,675328
5df7fdc06cdb74ae5214ef7b9172bcbed58d66057310e71bd6ddaf68e77e8d93,-1,-1,-1,705486,749006,-1,753102
2d87d14164cec8a71b8891c000996fbd206e74dcbdfef07ebf718e45685dfeeb,-1,-1,-1,688128,630784,729088,745472
4d278dc219e4e30158da147d2018f28c3c65927e191e4d52cb409be74f7c4755,-1,-1,270784,647616,425408,717760,750016
2ceba85022f23482329b53d0ed22022bc2de40cf6040dc63069fdc767e5f0a7e,-1,-1,-1,-1,-1,719872,716800
6e15e91e0c562e6a7f37f220df63ad287f75f6d150897c07e643128eb0080534,-1,-1,-1,753664,675840,565248,765952
cc18472d84b41efccbcc291cad14509d7b3195259cd2296b1f7cb3ddf032e189,-1,-1,-1,526469,672901,739461,737925
24e39ddf249628ae08211806746999c529b84748b1bf90f02aad103806d52001,-1,-1,-1,462848,303104,761856,761856
549b9f62150a8079de7d079e084dbaec58ba9d27bb35479300a15e59c5c556e9,-1,-1,-1,-1,-1,-1,-1
eaba5239dba44b5e263e3f2b99c9c6d02c37c5646d7517223869aab1a3aadc06,-1,-1,-1,-1,-1,-1,-1
c100c590224c663048c155b7b6a628660c74f3b593bc0a32f03ed5646d62fc0b,-1,-1,285696,714240,750592,749568,741376
52fa427fb8855ff8479299a22f894fe15c330a6076ccc014a98290e2094c3eaf,-1,-1,-1,-1,750080,740352,750080
f3f7bd1d753a3e6cd95c4f167757325bbf2403a76bf1b1fa8b0f220043e2fa3b,-1,-1,-1,-1,-1,346112,-1
74e623c320a890fb504fef9ff606292fc7b518403ec67d597f0dca2a7fca570f,-1,-1,292864,750080,750080,653312,750080
091411b267dd2723911c328cbe03211ecf737926cab9adc82139e62033e06f23,-1,-1,-1,696320,750080,750080,692736
ad2563b7ed44164cece3169529003268ef5bf5936e976399c9f3494603c65ff5,-1,-1,-1,621189,744069,657029,744069
475a06186a42294c2347589a1784fa9062277ce7269bd7f75aaebce94efeea73,-1,-1,287744,711680,739328,651264,728064
eb0752304142fc733335d471c4f2cad8982f3afcdf5b32adad96787508249811,-1,-1,-1,732672,749568,749568,737280
b7583f4212799d683c2c35d54943dbd7986973ed1a2a04b3b95536138cd44301,-1,-1,-1,765952,761856,573440,765952
137617674720554aebb24d40866a37b7b27f4ee8cd343abd44a83d42f05b6f5e,216,-1,267264,723968,700416,749568,740352
971974309fb9555fb2adb940942067cdfacbfe40bebb4993ddbdd65c54718207,-1,-1,-1,711168,749568,749568,612864
da0f24ecb5d6817a87352606174d86d0bd5472fd8de06075486d5abc0f837463,128,4096,195584,735232,743424,754688,730112
38440d4d3bcbb41da282085e14a3c5cdc165dab0a5deb562cd8287b4d3d6dd07,256,4096,193747,747219,666323,740563,752339
00d76b67f8c70b65b537ee823cdf096dcf7f794b69e5fc62dba592837aabb9af,-1,-1,-1,-1,-1,-1,-1
2391ebe54d469c73282a9d9e72f1f05ee365d1255a94239ac2e94a30d3fc1c86,-1,-1,292864,747008,-1,731136,666624
d89b3db9ed2d19598531886b3df139fd9b046955b7709aa5f9eed14e7be032f4,-1,-1,-1,602112,-1,598016,638976
2e81d5321e9eaea6d873cf72d3f1f923327bc04e8f319dd068799f37835a6903,-1,-1,292864,735744,688640,749568,749568
6f069216f29c9153c4a0a8b2cca23e20b0a91c3be058af48bb0d0662b20d3710,-1,-1,-1,659456,454656,761856,753664
9171c73758287780f8162eb7ef00feb23dcf31b24fa8b141a803cfb3404997d4,-1,-1,-1,462848,749568,737280,700416
96ceade7576a1c04941e02162f6f0e7135444214334dd0313a2eeab9bab0b935,-1,-1,292864,572416,744448,730112,750080
549fbc8e2fd7654e6bec48326937168f016f4d03266985f4a396243c1e8f3b98,-1,-1,-1,753664,450560,753664,753664
59a335b56d7656fff1573285a4f50d721ef7024134928ad798b0774406c5996c,-1,-1,-1,-1,-1,-1,-1
93f99ce20f86ca6587c291bf8d3454050346f022a12c22216f91be2133793c4c,-1,-1,-1,-1,-1,-1,-1
1837c6ef85310653665eea65cb5159c596c54bea44d759ca155569ac853b3bc8,-1,-1,176640,534016,750592,742400,643584
f7cd3fa17197f99cb2490ee55877216c2f66ee345ac9921cb6cda3bb0ca4a84e,-1,-1,131584,352256,-1,744960,752128
d3a8841c95b087d9234aa6ee3da484be79a1aefbf83441a584cebdddd084b0b9,-1,-1,-1,742400,749568,744960,749568
ef4389ebad9574afd8459ba3aea70e6bb267f49f416d1971612852a7f767fcdc,-1,-1,-1,765952,626688,749568,688128
3e76257548fdddd74c256c1361e0f178e833d50e55f02d9400e0be5893551c6a,-1,-1,303104,651264,753664,753664,745472
8ab8f84b6f49b6a0b76fb84e8395230792d516b0eb49cc78648804b8d98afcb2,-1,-1,-1,726528,744448,727552,739840
7797087496cc0f1a027532daae5e51069de7fa4d5da60cba3605c82198cec70b,-1,-1,291840,586752,740352,749568,683008
c51e9e054b8de62d7cd4de15c8d0703074e7f6bf8f066792f6dd27f336607c1d,-1,-1,-1,749568,733184,740352,749568
397cc56308fa4686647359673297788c03b8de59b2ba10b78aaddbb8d57eac0e,232,-1,292864,750080,473600,703488,746496
9664b52dc197285b4402ab62d7bacab069a49bad8c5fb892866c7659fec27303,-1,-1,-1,-1,-1,653312,741376
4b223ad52a9a500ee2ee27be4bed6935df25269939df2b3bca1c165307a3d4d0,-1,-1,271360,741888,728576,699392,743936
d7580f273e6e96986b5a2d55828f0ad4abb8483d38749a297e4797b8d06fbc93,-1,-1,-1,680960,733696,734208,694784
7955bfe7849d980671368b7054ba2d0948b19c8c7a2cac78a931a92b1f246324,-1,-1,295424,718336,744448,740352,736768
1b63b804c1fc31af82a473d3485efac2949646d099b4a95c74f7183721a6c93f,-1,-1,-1,-1,687104,-1,-1
89aa6ba4e307ad88833a6c3f383902a71a56af7bff67c6baae99a814234df7b4,-1,-1,285696,502784,749568,749568,749568
6b2668bb3c5aad40d523a39f79992d9d211ec6123cadb1d93f91450cc441315d,128,4096,290304,745984,754688,740864,707584
177ed5467af8b377d458a9205028774da72595a7921379c2fdee138fae81ba9f,-1,-1,292864,737280,749568,718848,651264
bacde0968895e39f9da871f308aff02793694d6eba214ba343558c94c43a2e75,-1,-1,-1,-1,711680,747520,748032
9c8581a528a60534b5093eae446148081f1a1f06931662ebd1125bf714d5bf32,-1,-1,-1,734208,749568,681472,720896
a269a76c5db80c2ef28b1974ff5cbdd381f763b4a4cc2d5d073f69c4f0eb6cb8,-1,-1,-1,-1,-1,-1,-1
534799095af3771848161692d08ab2d56c971c865794d385ef6811e84138f32e,-1,-1,286208,738816,733184,749568,690176
c11d5a96594c0c16bdbcc0a7375e59b8bcf33ac8be447bed119586c416b93785,-1,-1,-1,-1,-1,-1,-1
ae71b1f053c90b000216068e7aa64d855704c64f30926364689fc904c994e593,-1,-1,293312,431040,715200,750016,655808
0762c29cd84cfbd68d30631d656e358af9436ce272463c9dc6de406c46de9030,-1,-1,193024,534528,428032,665088,681472
69a6952267b77945ee43b1ff808939cbd7bbb5627319c4c4132e2e13f4cefa5f,-1,-1,-1,-1,-1,-1,-1
1ea7d281abdb0d1cc3d89179a91b831c836fad52bd55ea08dcc8dbf00e99b65c,128,4096,273920,385024,554496,431616,747008
9d176a04e3a9400bdab245e7fa8ece8ecd96cad750b73039f199c9c715d772fc,-1,-1,-1,679936,765952,765952,765952
726751a1720d48a792d40308a6bc4c81826c9b37ce9edbc3443650b58a532696,-1,4096,286720,749568,737280,303104,757760
f319cc7873568fa6b6df76c373772bb5b02a906c4a8e62bf89cd8607c9f2f084,-1,-1,200704,708608,729088,745472,720896
de1011fdd63f500a6dafc51d165020d996743576e4f3deabc066ef1c05e6036c,-1,-1,-1,-1,-1,-1,-1
445210d16fadd51e4e82d42907144363f86097be6388e0d314678c3c6f48cbdf,-1,-1,-1,-1,684494,753102,752590
0e2c7356c34131c2be64e1d3584e241538c34417f807aaec9d0442063798f809,-1,-1,-1,581632,-1,716800,765952
944d0c0e0264b13298546e08a4028caee4d78439f3530757f3d12fb6b77cf1e1,-1,-1,-1,692224,765952,757760,724992
c1f8226a16f3407657337acce6b1af138550743dfcc602b686f3c43145ce2dc2,-1,-1,-1,765952,753664,753664,737280
ea04f8f899466bb0e8bdc513642bf09b7070a420e4bef3971ebfaf38ab4615b6,-1,-1,-1,-1,765952,765952,757760
35ac9b0fec080949612731ce05d780d3aa67d4dc50fcd6eb9235dbf12561a4ed,-1,-1,293312,676800,750016,556992,750016
3c2c5852e38c5d7116bcad5098c58c178612f93a4a2b3dd4813de85213673285,-1,-1,-1,647168,655360,-1,753664
9f41c0cc2894d1504dd4077b7c5175a9c2997f33802c6a648c3a06b12b992650,-1,-1,-1,712704,753664,573440,761856
434ee7911d8767e1ba4fcc1bc8792938cbf94769e89aefe607477f4d51512a2b,-1,-1,-1,713216,750080,717824,722944
177c9957ed96af834bcb014dcc50301f4c067dea42997344f9c3d5f29ce6228c,-1,-1,283068,750012,750012,750012,750012
a65d7d5fc47bd3ab4aaa4727868ee8fdcc94e50852b94702a9984926f8f5e026,-1,-1,225280,664064,743424,685056,650240
9a36135e55c7ea8c233d086b0afc5b6da1509498ae71ba5f1795c407cfa74441,-1,-1,-1,-1,-1,-1,-1
82491fff9ebccf3ac39d1ec497cab920e7cdfbc520cce503932aa7494199e34f,-1,-1,-1,438272,733184,708608,724992
b692aa11533c48c4b73ae97b3f8e4bfcf6e9168c7c4d0e3498684f80cf4645f4,-1,-1,292864,677376,691712,665088,688640
ab0958581f7997fb1ec797e1f9a12e5167e96606f9ea73d4119d1c427e28106d,-1,-1,268736,745920,750016,750016,738240
b92cb3a6323186c3d3574f410d9f5b4175b4cf1be101358e2956b12ddd4abd2d,-1,-1,-1,-1,-1,-1,-1
5c361f8377a45394da6be5b3864994567cdde97f3aeebcf46e168eb9c252477a,-1,-1,299008,700416,684032,761856,757760
f12e0871812e586d4273b2b36d520374c75f3f77f76c9990fa93b7d2bb11d98c,-1,-1,-1,743936,712704,745984,738816
f3ccad623076158e96f939a3ac97ef86de95d84b0c430ac06ff8211f7b343d8a,-1,-1,-1,621056,749568,745472,708608
6f9b7417e7533f96f68d5241992076cb89f54f3e2d7532eccce27a2d0af3e0b7,-1,-1,-1,622592,765952,589824,-1
5451f580bd467cf85b7c096daa9b136afc170ad80a50bb36d3e0867ecd10dd0e,-1,-1,-1,-1,-1,-1,-1
ed99045797892bb1e545a89afeeec48de1ea5ddc86c87495cc2b54d48ebc9176,-1,-1,-1,753102,753102,718286,725454
f985db896e8ca93da4b280bf48d46384aacfda04135a943c6c6e2b3f82308295,-1,-1,292864,572416,744448,572416,676864
f6e492cd7ffa1d5625977732cedc4b04ffbde9330c50e1d300bfb16a22c29b29,-1,-1,-1,720896,692224,765952,700416
fc687f5df121a226617f8b3716a004447de95035df813f08356a89fd81a0572a,-1,-1,-1,700416,716800,688128,720896
59fbe523326daa53210a8a854fe57e3ea2261cde5a6a8ce0e5e2663b836862e1,-1,-1,-1,675840,765952,724992,765952
068da0f7cb7ae975257d6e2d72cb28759acda9fc11f5b241df9051bb32848f26,-1,-1,240640,679936,562176,734720,744960
d88d7c8fd9cd2b99570bb063b6892b5a3000f69f72701219f6e9c7b70f836d08,-1,-1,291776,750016,750016,736704,457152
42b74c5b04f8c2475200351a3d3e350ea99d99d65ab2317674837967a3ecf0b1,-1,-1,292864,729600,716800,725504,732160
f54a649f6c7d8b86e325601c19efd7ff3dd1e98d40d99677752bf4262eb4b7af,-1,-1,289728,746432,750016,750016,646592
b15697fa5af5552ad11dab28ec6c963f0f206bea3b824624b1e08fcbbabb509b,-1,-1,290816,749568,749568,702464,690176
c70c35a26505d85f23ec88bb7d263b4eb8cc36409d8c36f6b3f714dd5be6f46c,-1,-1,285184,712704,754688,748544,738816
5ff9c039562f9354085b3bd7121024a9313c205aa742a3377ce7e863924c88ac,-1,-1,200704,589824,614400,765952,430080
5d8f2825a6b49e1c67054735e2c6a914191d23bf4c095c29562986068b0cdbb3,-1,-1,287232,749568,720384,720896,749568
f916916cdead5d11a3ff6303b7bb2d20e23e84300b06dc8d173ba143ccd7a068,-1,-1,-1,741376,512000,466944,737280
b8d886fc1f43d0e44dec6c56959c519cd5293e547ad2479be14d2fbbdeea3e1d,-1,-1,-1,-1,-1,-1,-1
7656ae02b1f4625c06fe9520f2461ca9bf81eb85b1a1b72feeb1195848016cb4,-1,-1,268288,702464,428544,614400,750080
4f3bb3c7a6b3eb5929782767b789d2d4d9388a2b65ef613aa8ed75e475257173,256,4096,126976,462848,446464,0,344064
e20c832cf709d5021764e46833326e767211d63b20a2cb36016863112eb282ee,-1,-1,-1,706934,753014,704886,727926
77eafc4390a67b433eb9d0f30c2ca6f08e564f170d6409049a65361801214ae1,-1,-1,292864,706048,748032,706560,739840
26bf270d98780a3076874450b9784164477d27a0081cfb4644935f2fd9c9db45,-1,-1,-1,753664,716800,405504,712704
e432e2317535019d7b06599657fb66e68d8df60ed2bea4f949b8a7a1e4611a7c,-1,-1,292352,425472,645632,714240,742400
05e0797c494924d35cdbc8a17e67f67e5800f4e9cb3a58004035a9def2ee7ca3,-1,-1,292864,739328,749568,747008,749568
f0cf28fe07af3f51fbf5f002452a8d2fc1d6fd47d784228e7f068408eb69d6f5,-1,-1,-1,644608,749568,749568,701440
41c826897ee83147d950755f903241d878f2c223f45e459862da2512a847ccd4,-1,-1,-1,-1,765952,-1,761856
56b06e20ceff577efa2d905a85a6078b4287fe73fba2b8d0cabceb58f02ee425,-1,-1,303104,491520,598016,-1,765952
257fdf10aa38e4562836a6168a59d45fd7da4d889d0a9b6fceb3e7b185e2a3de,-1,-1,-1,712704,745472,671744,737280
f5aa2554454b4d41b959593a57ea65a92d494db1732325601418c8ccec42d824,-1,-1,292864,726528,724992,-1,749568
2944706e1ce29875b2c2bb6a1e429e384dc635623dae3d5db0b54e6f89ce2011,-1,-1,281088,645632,699904,724480,623104
ae351641e4ae7feeba80de637afd89991c651c6a4d4567e8add2fd6801c1c897,-1,-1,-1,-1,-1,-1,-1
a6dad3bc3f295a8659980a4646b984639bac61760316d55f1f3dcadaf2d77dcd,-1,-1,287744,602624,748544,646144,634368
1f9db5b1ed5c047ef3366a0b4c200f5e47b20c8d7c922fc808ec9b61ef3d1858,-1,-1,-1,704512,749568,253952,749568
f5ea91ea75845acff962d394ff071619899a66347482ab111eba4ff9b5acc883,-1,-1,303104,638976,585728,716800,724992
6d6918953bae0815dc45bc2cd8ca682855c2fe5c78e3029501ddd65bed9d4355,-1,-1,303104,684032,729088,765952,753664
d398eaae75a72c03c1811a53dcbe15517ebbb78060e15396b3cad42f0e777594,-1,-1,-1,765952,757760,737280,753664
f1747d266030e24baea266de514574e1c2c245a99b332c69571c61eed417566a,-1,-1,293312,750016,709568,750016,750016
847d36509f969dee5fdf7b42f8627a8735cd9a0e7055c928292548a9ca926e92,-1,-1,-1,-1,-1,761856,-1
ab5c3b83ee0c6a0249112a2bf3b2ab48cadf73fca2ad8fadbbfe87e55e0d39d5,-1,-1,287680,745408,750016,693184,750016
0225f503e6ba1344333a8cc0b269464f95b5f4c1b0b380efb0e2a4460aec15da,-1,-1,-1,742912,742912,738816,751104
59e61a674aeef5d2c41dd4ec398b029ae65086a7f3e13e6be948aab6f9a3fed5,-1,-1,293312,750016,746432,746432,750016
c979fa181c88a4d05df06fa4da057b03b75ee86a2d006966091d15ff6973fb38,-1,-1,292864,721920,729088,730624,738304
32ea92aaffcbf64e54d26ff4c23c0bbd0e258208038e5d8ae3f57803410a9c77,184,4096,8192,765952,749568,667648,258048
0df5830595d1865d400118e9969c631242c99ff9ad683a1ce680921b9f8ebd26,-1,-1,287232,750592,725504,750592,738304
2cd11ffe2c597e3fd656eb4143effddbf567125658b03aa52f238a1dd4136db9,-1,-1,293312,627136,750016,735680,603072
204b6e190963cbf90642f04373275a7b81e43e1082c198c4248958b332e795a4,-1,-1,-1,-1,-1,-1,-1
e8b2bb50dfa5820d6edf58b6ca2f06b9e318325292d5ce33ab7d22ff3cdcde3a,-1,-1,-1,614400,765952,618496,684032
a39e0de7502687820d0269e8e86ffa82531e5611833d9c16465b7b0d6f5d70da,-1,-1,291840,617472,704000,425472,-1
705ecd14984010054a2c5fc14ac08b2a1efc630ac5fe1b8eb8b31677010dd8cc,224,4096,299008,634880,757760,765952,753664
e2c0849eb9979e20cfe55fcdcb59d25a368235aa07e8c28285d2e7b0e2f9954d,-1,-1,-1,721920,747008,431104,654848
a5c1d69064dd5e3a52343f92c8ab5c8da4afffca039b53039a9a87e0b50aa020,-1,-1,-1,740302,699854,690638,736718
40b6b309fa77b42d0dc322ee27f0fd052b761343355ef692120d743d94b67116,-1,-1,292864,749568,741376,718336,685568
f33dd67a68bb598cb22d5998a052b17341422bca163078dd4d11c5a3a6b1b242,-1,-1,289792,673792,749568,734720,735744
6f883048c563390fccd86e57ca71e5cd19613d27d0ca2a23ef40b6b5db8cdbe6,-1,-1,292864,704000,729088,441856,750080
e5b047f12f54201f44bb050a012f76896629127025c414c0fcf191003c0bf90b,-1,-1,292864,749568,749568,749568,749568
2357227981246e81cd646616feacdae1ea92cab49dfb2621a6a36c15c0869c97,-1,-1,-1,-1,-1,-1,-1
73dd36be58d9c83e7021de0a75218e45d40b4c1701723fcd567fe5d9000d3084,-1,-1,-1,-1,634880,372736,704512
8699bea92a52e3c482dc6c3d23f2f3d891a98fd9f3ed6a9868e4aa63eeff9f60,-1,-1,-1,682446,671694,693198,-1
0d46036ec3444ecd72f36e2d8ad930fae33fdb7d10fa549b778aebe1ade491fe,-1,-1,278528,565248,671744,729088,663552
616a2538df372b4ae1f3d3e97f491f5d2366782e2a3e1bfe67eeca23d5ac1d00,-1,-1,-1,565248,757760,757760,-1
dca1fe7c7f6f75110b58443eea1a2edb9d8168cb2f9e842820326c0a23742080,-1,-1,-1,-1,-1,-1,-1
0e40610672f56569f25a56892047a75cd093c36396af4567ad4449bc24cbce84,-1,-1,-1,-1,-1,-1,-1
7e76602a7412f5d27f9259410900ba9edeb956b1907d5d0e816f20156cc51c4f,-1,-1,-1,749568,648192,-1,724992
21d3f822de47b78b63553ec48510d878f0644c67fdd4473038909c8a7b86554c,-1,-1,-1,717824,750080,-1,750080
cd43d77e3c310cf3075946a23fa535d81c98305ceb1eb6f752a5aeef72b4274a,-1,-1,-1,697856,749568,749568,681472
3855380a0565fccfcc15bfb4d9f1eb0d8fc92de49949cae560b9bf06afa50e82,-1,-1,292864,726016,456704,749568,697856
4de919ae3de2d061c16ddaf76c61257a1eb3da4d6b065e2df2c012a6ad4d70b1,-1,-1,-1,675840,512000,733184,753664
5316c05b2d151846c8613d42189ff5950c8ff5ed41d37623a2b1f6eb5f4b3148,-1,-1,-1,-1,-1,-1,-1
11ba57ab7b982cedaa88bd17e68ab51ac2c357ae718b63f6802edbbb52a1bd2d,-1,-1,-1,-1,655872,-1,737792
bd84a4253fbe44a900a2542364e1c9690fad4ddc9eede9457072e43788ad71fc,-1,-1,-1,643072,655360,765952,765952
b5d48d315cd493a5e27b0f517fb7185dd92e3122392de4c9b0eb08ae81f8f79d,-1,-1,292864,750080,750080,750080,750080
b60490486ac6e400e6c461046edd609caf2d046bf68ec93d230b2712a5c6783a,-1,-1,-1,-1,-1,-1,-1
25a08fb209e3710fa49c2c58f49b5864ba381a5c209433261801fd5d39aa563f,-1,-1,-1,757760,757760,462848,741376
f98d00892198dacd6c09c91adf7ba0d63ea20e7afa75fdcef1eb9f3a17b9d3cc,-1,-1,293312,746432,734144,745920,668608
1f4cc185b853b41ee5d0a56d7af47afded12280aaa4c0dd9d1c74c3a0114253a,-1,-1,-1,-1,733184,729088,761856
589eeed30dcced15767dd54999db2cc433316b6592607e3f8a3a2bb9095cd607,-1,-1,-1,-1,-1,-1,-1
c428657f9d56642aefb0879acd3ae7ce4a32e86869aa9ca532bf0130f3f62870,-1,-1,-1,753664,753664,753664,753664
e884adfc85c3d3dfac12490f52ce49c2bda26b2a68ed8125725a90b5df87e5c9,-1,-1,-1,733184,737280,765952,671744
92da28e55dbadfe0fede3c3ccbba177a13cee3b00b8f59c93c1890bd64a77f7d,248,4096,292864,704512,749056,603648,669184
c00424e48bf22dce0ca475bf57839b244a5bb69841467adabe17789ffdeaf9ad,-1,-1,218560,750016,750016,744896,746944
ec4935ff74b3fd9af078b1536b0e0a1bfd3626a6e526daa8f9c2bb9758875faf,-1,-1,263680,617984,714240,556544,742400
4b8d0bf86c6f457688163479115774045843ca6d91e7068965aa19be41168acc,-1,-1,291973,721541,673925,749701,746629
b8ffd16e2670dda217e01337343f589df4a7b396ebf883740f40293f1f95fcd7,-1,-1,-1,712704,745472,737280,745472
fe19e20e5895d409d64cf8b60523c7621b06b712d1e5d43f1e3b5f9245418d6d,-1,-1,-1,716800,712704,565248,-1
537925d668a240c6be156775ee59a09f0f44b8307380509b6df83586de744a10,-1,-1,270336,565248,761856,753664,765952
9e54ea5e9a87a525fb7ef0e66cf6a61cacdf7886cf297d9030a1bcc44258a9c1,-1,-1,-1,735182,661966,751566,753102
00ff38fa9881ed25077f950d94a38986e4c0ed323ed1596c957c79110f9cd338,128,4096,286208,749056,669696,754176,730112
5d7ffb335a9a13be4364a68b1fa8d75fb3434fa26cb76e8ae5999c15dd3f80fe,-1,-1,246784,750592,656384,663552,721920
d84589af4aa435455b468aca542eef2a459a07d1201aaf870eda7239b8813437,-1,-1,279040,702976,749568,707584,749568
2dbc8ab309d1554c6f439f96374fb090a3bfeeecb92490151fcfc999e24b2c0e,-1,-1,-1,747008,717824,750080,750080
d56fae33f3e15133768d6ceb01d4283f096a3df43fd335e0f6f0260884722153,-1,-1,285696,749568,749568,687104,749568
0ec6f8e707409ffe926b5c326b471afda47b30fccaf7944997f375b3297dfdde,-1,-1,-1,-1,-1,-1,-1
35676f7a24e541b873640f2caf86f63f37ee81e6cdf5d846e7910fc20f00cf00,-1,-1,292864,749568,749568,749568,749568
85041c364e930fe40d4bc0708a9cec70f7e3db5bfe7b191aed10eaab5844f3cc,-1,-1,-1,757760,-1,745472,749568
0e2747bb4372154605bc6597f7b844f3443bc4023fc958aa2c3851fc15600a26,-1,-1,279040,749568,749568,749568,749568
bcbc67e597d1a2d5a60c40c21325cba9771a24b6dc639ec39d437156eff679b9,256,4096,292864,559104,627712,751104,750592
6a400ecda11571b3c803ae0979d308cae7e6d283b88ebedb121b2fc0735f64f6,-1,-1,231352,748984,432056,750008,740280
8e1ae41c98b7925a2af3bbc65e75d18e0d05cc9f7886aec35aeca12b459a09d6,-1,-1,-1,753664,749568,761856,741376
4bf31d50d1380d153f0804081ead854d6c1d299219336d09fb8fc5ff050e478c,-1,-1,270336,722432,703488,616960,717824
80d0dc93d8c53e26758869aa4c7a68d4893cdf5614741052263a790ba296f065,-1,-1,252864,709568,750016,720320,665536
b977394bff8722caa7959199e19fc42d94c15de3fa2e79aee1558b80665ae3f5,-1,-1,-1,765952,761856,663552,765952
dd1fdcd9830f87a6b93005b4e689d60b618814f84ab6f26ec796ecf6c8724a1d,-1,-1,276928,750016,750016,750016,750016
d09b6a2d30689296b1a553a1391a0eac4e5ef58b2a2fb546820b4cbfb8c3df06,-1,-1,-1,743936,714240,744960,749568
a518cf32dc1b38016057e39212839d0c6b250425a3a4c5905ce622e4056ee61c,240,4096,-1,729088,663552,684032,512000
856a7931ee0653eec1d3e138f2c5cb9397f218fa72a93bdbf167e118084efcc1,-1,-1,-1,716800,765952,765952,737280
37580dd33cc5eb8e5ba5b8e0b782e61c4239736351eb161c7c288ea889d34ccc,240,4096,5632,683008,735744,655360,694272
9964a94596b072b2cbb7411e4731eec0798dc1c35d536b711b554523d6e3eb77,-1,-1,-1,733184,765952,704512,757760
63c396944f5d422fb236b40e08c730eb657c7894797353d1b93b49898b3f3eae,-1,4096,258048,738304,729088,691200,456704
7c72e15adfb5d510ca6a60728049734d3dd103ae61a81091ec9f784bf2fe7f02,176,4096,294912,606208,438272,765952,761856
343c650e6bab7a3fdf70d455560be2d5b4df6625ffcf35595d246fc20905a6d2,-1,-1,287232,681984,748032,746496,749568
7dee7d30ea7590ea8e76a42bda06a5fea0bf21782e08185ae0286bc37f20942d,-1,-1,303104,507904,753664,753664,765952
165d740d9b28b1a4c3a3caf5f383824cea5d98565714f4dfc691b47c5c713269,-1,-1,-1,745472,747520,717312,750080
15b4b3c2b515a5baf09dc52a7cdcb79ec86dbba0dc234a4b439c494ec04a6fc6,-1,-1,-1,721029,734341,749701,742021
94d8558bc0875cb257a505ab800ff9fee136f3eff8b65457c2d3ec68e5c08b58,-1,-1,287232,696320,424960,749568,716288
f51ae0f237a3a9cb1f37a214910349932b6a10260dda3990befae38be951118f,-1,-1,-1,765952,753664,319488,675840
aafef5d732a23a25f7a183a462105f9236585d6673f79e970693248af33e2183,-1,-1,277504,732672,424960,725504,703488
6e7a4cc5b6ea6394751286506ad01d0af2c8622831d2579672ef6cfb06b72fcb,-1,-1,242176,681984,750080,621568,703488
16b16553f5a7d21e74b7af88cd4b5a403b363647df86999a1c8c5d1a9d593d6c,-1,-1,-1,708608,-1,-1,-1
a9ce7415f4da0d7ecd79f53e0ef7eee4aba46b3197df13446e700a3a622cf62e,-1,-1,-1,765952,765952,757760,716800
f2ca92aab0b2f26e9f72f2277a2fb0adcff4d39e49eab8d0d5c9e7721ba513a0,-1,-1,-1,749701,744069,572037,744581
73e05623ab74ec25b22df96ba63be46f904cdb8f3e081a97c9df0b4eb06187db,-1,-1,-1,611840,660480,738816,-1
e513f2e8d7f032070fb427fbf3cd06d22cfc5bab29fc669a99bd11cfda28da1e,-1,-1,290816,717312,749568,749568,749568
40ec5d31c0566b0dd8258c887c2ab1191fb207fab20916a30e00a041f2353da4,-1,-1,299008,634880,765952,765952,688128
d942498966a1fc5a2df8d104ff735b4417197fc194ed44a6b6048d8e2898cd6c,-1,-1,-1,548864,-1,679936,765952
26e65dc38ba7cd0907b6d0c180eb064755d8eee52086d5bcf7f8004fad0aba1d,-1,-1,303104,622592,471040,479232,634880
4d0e71798637bf9d376db76ab38083238cce75bd9d2539a6fd266abc581f41bd,-1,-1,271872,718848,739840,743424,598528
427953ecc45609799b2ecfa1df0480165225c8878c781f8843ee29d23943eed6,-1,-1,-1,-1,-1,-1,-1
51cd11cdc5863945f2cb5cadbd0d0c69703c9e530f59b23371e64e10a869cb83,-1,-1,-1,-1,733184,-1,749568
deaba29ccc50075e875726a49511b32ae7c32dfa2c4953315523e5034ddd69e5,-1,-1,-1,735744,662016,-1,746496
001c3599bdf9830c765af73e5a5bc69c2b20d61bb9aea70910e263eb6eb97a85,-1,-1,-1,-1,-1,-1,-1
f22e41760024ff68cf06d9c3d43c0096cbb1f650e9e045435fa15e97b6f0ba37,248,4096,292864,636928,-1,639488,750592
40e13d331d8c1950828a40f9cf368a4706efd0e61cd33aebcd12397f200d601b,-1,-1,-1,716800,708608,630784,708608
1abb05bdb284bf5b4009129d8465bd8e2b1164a97268f9cef479964dff5465c1,128,-1,258048,753152,274432,749056,589312
ed044ae97e4f28c6646fd0c8ced8c1db322fd22bc14e4dc1a59bfab983801159,-1,-1,270784,603072,659904,746432,717248
187ee97fcc80e80986cf175cc510d0f0f30b457ce6134819e416afcd0194439e,-1,-1,-1,749568,749568,701952,749568
699cbdb1296c82148cb71cb663c3289a1c057eb82d6217f2ba50164ab3036112,-1,-1,-1,734208,603136,750080,748032
0021361c3ecc3eb7b82d0fa5bf2d06e14177059ee9e178e0a04d42ed5e3862c4,-1,-1,-1,589824,765952,720896,761856
ab65a9562238842a11c3e9031ad916d2527f97142769bc4c5e273092d846aa2e,-1,-1,-1,757760,-1,688128,753664
d717db70b5e5602afd8c731ed26b53820a25a5aad9c4ab9b4805ef2d3aa2f82b,-1,-1,-1,671744,544768,643072,729088
a4bb7cde1bca5c70b3735dcfd144182f65a8b5b2d95174cb4348481963502138,-1,-1,-1,-1,-1,-1,-1
fcf4630efec85186e597dd29f347e2a15de62ae7adb97353453cf95e736abb0b,-1,-1,-1,-1,-1,-1,-1
7283d99065063d2356495d082912d78a0464363314cc5808a189a8b87b4f198a,-1,-1,303104,528384,684032,765952,733184
5d13d40b62c6dbb52bcf433768b05c1fdb96286979da9747d42f578ca2d39cbb,-1,-1,-1,-1,-1,-1,-1
0fdd1eca6471b0faceb2e9eb2baa15c566cb68e78bb7b2addd23c11b57de4811,-1,-1,-1,-1,-1,-1,-1
ac2265c563035d217eebbc068b793ffccb1649b62f699b4455e2d006f3c27e21,-1,-1,303104,757760,512000,684032,692224
7da0c0433abdef325f04a9c562ee8d4f561daf37a52d31e2723f719e112e0108,296,4096,22016,506368,752640,714752,735744
7a6f75dd08ac4f65f8b96df319022b81cad68fa6a4263c5092af44b9c24e2a83,-1,-1,-1,757760,741376,540672,757760
5e62de83a5eaf99452cec55c2e527322be3bbe3764016ebf5971675f5ece4bcb,-1,-1,-1,750592,749056,742400,751104
001e6f0fa6dd3452214bd7b1ae6ebfdb2497194de0b822e50863a1581b706d3d,-1,-1,283648,519680,750592,748544,740352
41485b4c56761b64686b10ecb3549a7679cc6727ae50122d3674c4d45179ed36,200,4096,184320,729088,765952,483328,696320
d997d0f8b85050a637de0f2c66bc5f8f182ba2d183e62b4012d7d51c7b75f1e8,-1,-1,-1,733184,757760,696320,-1
85a25b830e16d092324c7e9bbc5db51e82cf0a37ec53412a58df6936212a3b04,-1,-1,-1,623616,746496,-1,632320
6ca35c8c4e64fec43f1e3623d7282fb23b2b3f35f9ed38f98328edf9960c77f3,-1,-1,292864,694272,750080,671744,739328
a7e2c310dae514dfdf74ae7d7644698c9e42447b6b5b9920266031fee443647d,-1,-1,-1,761856,733184,765952,667648
72338b48bdcb92a2c982d2ecf29694ff9f00149946c564d75214137972dc80f0,-1,-1,287680,746432,750016,750016,701376
a4dd62f79d9971dca65e56e70ea5eee0219aaf64a01182432b578a76f5629b6f,-1,-1,294400,704512,738816,708608,667648
2c1b4ff526ee4521cba08e8e51acbedb86baf0a5752352c180f05cc7cb281738,-1,-1,-1,-1,-1,-1,-1
32ec0e27cb38d5aed51c5b7e7a6850151fb1c54ddbae6b180f50e4524258a331,-1,-1,-1,712704,765952,704512,765952
1b9956ee55d3188766fa7d7b96f23bd4faa716ff566c429c5c9535ba51afc4fa,-1,-1,293308,657852,741820,750012,680892
e7959b50b7d4ca008f8db63334141f71c3567e7cd2835333b8d59090166865c0,256,4096,-1,438272,750592,750592,1024
8e995d6af41134469e8016ee7969dcb060a9e86c9d84cddb1e70c26558011c27,-1,-1,-1,708046,753102,753102,-1
8b1061d52d0fb13b1b75c6eb7c53ff04950bf8d011df343da65438d554b4904f,-1,-1,286720,479232,765952,475136,741376
b0baf3d2c62a3bd3b552ba8f9e55feeb768fc6d45b568ee75e30bbe8cc20a4c9,-1,-1,-1,749701,602757,654469,728197
a286d6fbb56d5b2c4092e56338a02f43be3d166a838fc81a2fdc362434aed9a8,-1,-1,-1,655360,765952,716800,765952
d1cb78603273912873a011b5a2c6f727cc83f81b7d084e851f5b62a575539fbb,-1,-1,292864,626176,739840,749568,717824
4ce8c328026e75327521d7c10a51f53c3bcca17c3ebd12fee4f38b48eb6f9cb2,128,-1,285184,592896,683520,577024,750080
fe7bc74b6723c37e8ef680a3054fbb86f39cdad2045c22d5c232c49fb1561c33,-1,-1,292864,749568,695808,749568,749568
ea6880b511e5e8e4dac075fe3eb8832f136c0890da382fdadc3956c354cb4833,-1,-1,293312,556992,721856,750016,750016
75d0b184c2c4ec3fd8a0f7566a237ba43da3adbb64ea537842be1a0b274599b6,-1,-1,-1,712704,749568,677376,-1
edc32c86463861d272d60c58aec0e25f40e8f57c376c587f48d2ce06a193724b,-1,-1,-1,642560,728064,699904,748032
85a958bd1010248d7333a2a7febe045d79f5822223d7fed01ff3b7948170183e,-1,-1,279040,749568,653312,652800,659456
f3ddc6b3c78d390609248c4bbc91355f2d67ed73b965f9a4e20fb933271c18bc,-1,-1,303104,704512,675840,765952,765952
0966b80173c2b60fdc9a7ab9dc1b617e37c719dfb33b301e2814210e7958cc8e,-1,-1,-1,-1,-1,-1,-1
1b99132a4d1a664eed415872812f6ec438923a71faa428d3eff5e6e39aeed3fe,-1,-1,292864,623104,-1,527360,750592
8944aec54b8f7871f1b0ac7c9376495ab178c3c0de85191e7179c67dc6f6a67f,-1,-1,292864,749568,749568,741376,749568
699cac87a87c097b700a41ffa34f53fc42943645f4a5b79ca7eb1b0280616788,-1,-1,-1,520192,430080,712704,688128
767ac83527710af55de5c810e1aa8a41fcaf81f15914237dbd0372b2442125c9,-1,-1,-1,726528,704512,742912,749568
9331f6499dc7d4d529087be8d200d4e94aee5312badc9da1b8c5166ecbd7d9b5,-1,-1,-1,670208,556544,749568,749568
fcfc0cc580147ba3f8a95acdce2d42b884b72de933b474c377fedebdff454f21,-1,-1,-1,-1,-1,-1,-1
e266cffca453dcb0f0ebff339efe4d4fff718083964bc5711f689466b7f7c685,-1,-1,-1,-1,-1,-1,-1
f805d91d28d577c6e4a482eec5a6ada4095017495b64f4bc14d819acf1b41141,-1,-1,101376,562176,558080,556544,734208
63b57992c969ca1e1b4b360bc9165161e1aab813c6f80890a463a3f2f822a0f4,-1,-1,291776,715712,750016,750016,654784
de00c1f364751c4dd4fc03b8cc873677d1ccd1ee17ce5b284f40daf9be83c033,-1,-1,292864,749568,749568,708608,745472
a4903e5be3771eb6a89769092acc883d6db23e01091f8efcc017ef0a6eb96e23,-1,-1,294912,765952,737280,757760,712704
a9446051f72ecbdbbbf1c22cb9cd079ba7a082d23aaeedd6356c90bcdcf126cf,-1,-1,-1,-1,-1,-1,-1
481c63f5d43064b72ecc6da26dbfe8512b0feae27d83b28ebf101956d09069cc,-1,-1,-1,-1,-1,667648,692224
15f412ccb423cc4d99b50f75ad66a69c42ce5329c96606d6fe5896d87fedbff9,-1,-1,293308,750012,683964,750012,695740
e79af1347ba1f1424d00bd6759ba9da70bee8c509f7f5802a02b48764a28d7ab,-1,-1,-1,578048,734208,734208,715264
b6ddfba51ba531dd514f3af99bb025cf4a51629c7d294693acaab3a39b409e6b,-1,-1,-1,431040,570304,744896,746432
6cbb0a2a384916e63c864b8626699c9535bf77122decb2d5563444f2a4df2dbe,-1,-1,-1,393216,765952,667648,720896
1240531cc270a3f6437b36ba29e90e49e17fdacd80311f97bc08acfb492eccb8,-1,-1,-1,765952,708608,765952,700416
689ffa035be0b7e9c3ec750b63b0f86e9522f00fcd4da05a9d1cc9a491750973,-1,-1,-1,750080,750080,721920,723968
1c7d433a18d21b6e349b6ef2ea43b6cf7efebb08fe7179aae63a7eca76eaceda,-1,-1,-1,581632,663552,720896,737280
0af1c7743762bde8d8738740c8647dbb3b4f316ae25de10efeef0718c30e7b6e,-1,-1,292352,753664,753664,753664,753664
4c94c4d159ae5a0071e8e54b4d01a3686bf3f8b27cd25494693ef64f44ddfc63,-1,-1,-1,712704,750592,750592,677888
c3b64df1dc48f5ed4714fa30cad9798f16aeb48b7af5f884a892c5be90bb6159,-1,-1,277440,750016,734656,750016,750016
3b2a7ee828bbc62331d70455e7a1cbfa7a7df7d61d57cd329d3bf9d9ed4e675c,-1,-1,293312,500160,619456,746432,644032
5ea305f21180f1ca8018229c642d58292668bb52ba42d8638169459907158737,-1,-1,-1,765952,438272,753664,757760
8ad1f11d122b71bb5b5d5933149f79b41a622b8129cef19f16aea14405986e84,-1,-1,-1,620032,749568,749568,747008
7ee11efac0cc0a60f4bd77563d504500968ae16093e9940eacc06f44358c07a8,-1,-1,-1,751616,748032,752128,728064
66acd510e515f886c9aaac6c1733e9f29ef2108a3a46377ecb7f8532b2249b27,-1,-1,-1,744069,731269,749701,722565
3238f14b8f4dcc5c7ad16a075e7b241dc9aefef776fb906f29036f72ad882ffd,-1,-1,289728,603072,695744,750016,616896
ad178d16c0d74cfdc27d376b93515a695c97bbf6f5a9a813b06dfa0ef1e2244b,-1,-1,303104,745472,745472,741376,716800
e0fe30e97978017563e8c7d05aedb5ee75eb56a7c4ab8a6660c39ceec7f4a416,-1,-1,291776,730944,692224,744256,501504
f1fe07c43fc5fc00af2450c2699c615265cc0a66364f48aa1c9f56ffea937a96,-1,-1,-1,562176,749568,500736,749056
a848d4973f0d40b380268dcd6d19d89e2621ab8e22e3205db55f908a7be70e60,-1,-1,-1,617472,753664,753664,751104
9e778b183c71a142119979db6341c5ca7c2161d84f84d71a3a40b05f2affe0c7,-1,-1,290816,750592,750592,750592,746496
2a1afe5c1d7ce027dd8400dcd89dbeb3b6506d8cf175d2ab9c932fbde765354d,-1,-1,-1,727040,-1,-1,731648
9ac78b47f009f37099a97407f2a46d44b098501d5f7ecbe46a3d80607f8e782f,-1,-1,293308,750012,670140,659900,736700
449cc6aee99b8682a4acc38c9e14791b0fe1cc03ba3f428bcf590112e75d6240,-1,-1,-1,-1,-1,712192,749568
87ffb4c1e9015e468b012d5f46bf92e131250f7c4496f215e1b53f3e0bf2c3ac,-1,-1,-1,679936,700416,675840,761856
df400c7ad79b33788520bc0df8612e990ca0de794082c78c089c6ec06cb24a19,-1,-1,277504,656384,688128,749056,601600
8ba97879a34d86b408b281f68eb181151e43915c0490aee815568d76fa2d3290,-1,-1,-1,-1,-1,-1,-1
9982101081e5f6532dde9671e9a7ceea9c1f10d771e4bd960252dfe78e9afa0f,-1,-1,-1,750592,651776,750592,750592
781eb6b2f29cfa908cd798ec98a8f410a940e31dd3b7f2f995412a6ed8448bf2,-1,-1,292864,671232,746496,740864,658944
bfaa6650ec258aedecac50a2cea15c2cde94794de03670adfc7bc719457537cc,-1,-1,231424,743936,749568,738816,732160
fbfe105a5d8c8bf0eac7439748daf9ebb7377894d296d64ef759ca33e12effcc,-1,-1,280512,750016,750016,750016,750016
a0c935def6458e390b8a6df928cad60c5c4741e7453b7492670d3b0a6f3ae4c6,-1,-1,-1,-1,-1,749568,-1
f9ce53e8835f7de769b1fc13434b93d4e1104ffc0d01c50033d3f2a430152e29,-1,-1,278016,750080,734208,695296,743936
0ef63bdbadb91f86e719076dedc2f359d32eeeca012d137d9a6f76b2a2d0a942,-1,-1,-1,-1,-1,-1,-1
5f69ae3d32a5f7923f5c912d8fb287fee7d5de90523da9bfc1b4606babe14816,-1,-1,-1,610304,663552,765952,757760
9a98ef881860c5ef677bb3dd8026ca179398e9b242e4b35712fc0ba3de5143ca,-1,-1,-1,-1,-1,723456,-1
406eacb422b6513fcd12d262e390c49bb33bcef68f6bb1496b6065e3b70857c4,-1,-1,-1,761856,684032,282624,-1
97e3ea091c072597fe48bda191317e1cd3974f43ba2e34f4fd89cf25219b1a74,-1,-1,-1,688128,462848,716800,626688
a83cfcfffff6740f55125b7c11c939a2efec15ff2d5de340d828ee4baa49a6dd,-1,-1,291776,750016,750016,750016,689088
2aae2ad23c462a2901bbd9dc08166767d803f5271d037eaefde892722ccd4209,248,4096,289280,356352,230400,-1,163840
0976aa377c971dd078d1a54e036c5aabbc048d719f3a332fb157613406bd245b,-1,-1,246784,743936,676352,456704,571904
e875bb4cc4ea164c67812cf7ebd10103828b5e5e25f736c6fec08fda2f9363ea,-1,-1,-1,-1,-1,-1,-1
def4853eefffcc31058f923fe59b12a009af25c46cd0bcbb5e8d887478ddd2aa,-1,-1,-1,-1,-1,-1,-1
d40adf385504c119eb0864a251329db1994161a642fa0da32be5e2fa15cc15fa,-1,-1,-1,-1,-1,-1,-1
a16c8685b23df281922a9d19fc5a9c27e8d75e4a4df0350b33b3994da52c630f,-1,-1,292864,468480,648704,731136,749568
fdf243224a4c06d64f6fb327950c41cedda983cc49f5866c58bdea3ac50ec843,-1,-1,-1,716800,-1,737280,749568
7ea290634bb08f56dfb7c7b3e683ad7e13d79ca39f517b94b7a19c4cd05f1fd4,-1,-1,277504,619520,748544,690688,-1
00c4e571e3ae77c9d5db9c2e9711c4b77a36b78c5142aad6237b79a0dcc35dba,-1,-1,-1,628736,750080,735744,748032
58fb216472348799601f00a7de4bc47c27f10440892290fa021e46d6fb5f7321,-1,-1,292352,626176,735232,747008,646656
231138b5ce4a2a96267c7ceb867858132a1b5fbf39a33faddc11f01c88f03789,216,4096,193024,492032,468992,734720,751616
ba242ce1e7e9d96893f49bb9243f4b6f839a085f0199af036d459dc757c46950,-1,-1,246784,721920,709632,749568,634368
f3e3d2d33ef13a70b2363fa0449d1b7a9f62e3e1202ae2f6549dc050d1331c98,-1,-1,293308,750012,737724,725436,750012
48c8bb37bfdcbcd89437ce5ff38c9dc798920ff0e73f8a7671b23be0453e5af1,256,4096,146944,627200,659456,410112,726528
10b38c0507aa992eca4484e6810b5f73e7369bad60d9648da8f6330cf7330c4b,-1,-1,292864,745472,692224,749568,749568
548719cbcbb6e13944f8b25d0047a17108b95be24e583fe4ce54abbe31091aa0,-1,-1,-1,-1,-1,-1,-1
172b4fb66ad0629112f9107eff7002fd906806d01938a9625b24c387f5aaa53f,-1,-1,-1,750016,503232,750016,696768
b3956074289c34c0264d771b0ee9b72507f4d7a1f81113da9564553d7df75899,232,4096,292864,749568,556544,748032,749568
fadd6be604e20a108a843f4225f497584e48191b8675e84231c4d3c90b38e4f0,-1,-1,-1,589824,-1,737280,737280
050c10d0d2c188cfb63e1ac11f53bafd56f4def73802858ac1d4e5ab580a24fa,-1,-1,-1,-1,-1,-1,-1
09511c2ef0f8b57719bfcf566113acc303565d4366f11f7d656af3fea9f084c9,-1,-1,-1,614400,749568,765952,733184
3520beb163300f9582cb53266dee89c837780a4ef72600489b56de7c43f39989,-1,-1,-1,747520,750080,722944,722944
5403f60d50dc2d87e01f63c9d699d3c5bb3603a3156273881951ef6b21403e82,-1,-1,-1,704512,765952,-1,-1
2cb7043216115b2077278b5dedd7ee5552d85c31e2bceee388425d3c94d8cedd,-1,-1,285184,670208,728576,744960,749056
82035dbc4e245c1cc29a25fa4064432846dbe349d4911ef18a41c4871c34a5b6,-1,-1,275456,737792,749056,-1,616448
b133abf351cebaa3e7e3e35c575383e55b66080dc8d24e0aba7441cccfbb462a,-1,-1,-1,-1,-1,-1,-1
7f4f882ea7e24a903286add27023a24d46a2fc7be484a3449208a601936b5f63,-1,-1,-1,749568,577536,749568,696832
a8cb3946707038c3bcb425b683ad71cacef27d6b8f33955c70e26d366d98b0e8,-1,-1,-1,749568,638976,-1,749568
1fcb04f857ce2dd3e4a4261b867078915a67b8bf944d4a985b1ea7c750087adf,-1,-1,-1,675840,565248,757760,765952
13526e8e438566ec6d745f7ceba59f48f590e509f3431a47c122e2388dbb46c6,-1,-1,-1,438272,708608,765952,671744
d11a1bf4bdc0d86258d7c8a4a2a168befb775f9bbc4bb95b34cd2393e66961d1,-1,-1,303104,413696,430080,430080,733184
278527a142520caa001af3e5207462825eab7efd1e49666e95a7c5e339a702fb,-1,-1,-1,581632,638976,757760,696320
05e44238ab6c3fd38949af6957ed184371579016e60a158d0c34e8fcb0603398,-1,-1,-1,726528,-1,-1,749568
66f1e23e0b7f6d0f060613079d1c1ddbe725996c65e98269524872c36c5fb03c,-1,-1,-1,697344,734720,664064,730624
7fd0e8a989453b3cf09ff9b8910c3aa029dad79544c0b14744115d0dbf572791,-1,-1,-1,746629,746629,738437,425093
8e233c6ca6e7b3f207702642bc9b5bd1fa9f28289e4f02167456a289008f621e,-1,-1,-1,-1,749568,718848,707584
b1243bb2575d6e72b8c69836d49a4b0bfcea5ddcbc6e9a3bfa465b22d2fac86a,-1,-1,-1,708608,765952,-1,688128
fb24a4e7c345dd8ae4864c33d20dcd3778ab1246a5b87ab1a0c0f07bc6fc6bc6,-1,-1,293308,750012,611260,750012,750012
eca8569ebb3735539579a5dbec4f3f785aba13fb1a49de695ccb4a0b70d9c560,224,4096,277504,609792,320000,744448,749568
d6a5bd8d4a6c672adcfd36ccffab9135b274e076352f0429990ea74ffae3877f,-1,-1,292864,615936,696832,639488,745984
86a8a21e65230562ca1351bbe9b1f16cfec131e3289dc7b7c2cde96106ab084d,-1,-1,-1,491520,675840,745472,729088
faa8ca0e13940787133efe9557fadfd28298967a23633875fc62ebbdd1685e79,-1,-1,-1,565248,729088,716800,765952
242093218cbd4b388566475f1e0b0e30ee461a3751be14423de5508ee1a41d5f,-1,-1,249344,708608,714240,749568,754688
ad49f6fb0f1576ce5563bc90fcaf3c654885006940953b477cdf5372d0928d9a,-1,-1,-1,598016,512000,749568,696320
d72e335c53fb77e3d60ddc64756ffac6506c48157cfaa5d8d87ac699058ca3e5,-1,-1,303104,663552,753664,765952,765952
0d3548ec11356b0a917b9f30e5c562e931c528403d368620b57f15bad653b1f3,-1,-1,303104,753664,634880,765952,679936
85082f57b7fa952883775708e6ac348c9270b43125c4aab6ed763b3cdc618f36,-1,-1,292864,730624,424960,747008,749568
f474601e38fcb2c6194824e163beea14ed2d17bae34b6058eac37e6ad2f9786f,-1,-1,-1,748546,750594,750594,660482
0a37d4443469e1642f884db36e4063ca5031a541c0ca1493e17c18b7368527d5,-1,-1,-1,749568,738816,-1,718336
58c980f2a3fc4e9017bcee06545e5d6ef5c2f80e0fbf8c9326a86d7dedbd9410,-1,-1,-1,695296,669184,726528,735232
0fe050a3b69429d7fa55ffd0a70bc417403d4fd06bb4d486a0aef9ffd81f0f02,-1,-1,293312,750016,617408,700864,746432
95502dcf1d1569be4c0f7ba4566046268fbe1512c6f5e96305b9d953a8e00972,-1,-1,-1,710144,475136,722944,753664
0bc910d60091cf5aa85009d22ac1d25f03fff51515c3e3ae804742c3db41e781,-1,-1,-1,-1,-1,-1,-1
64dc64ef449c13ccf53f6ae1281875bc49c98e3867b569f96d8b9cb0b63a7a15,-1,-1,-1,-1,-1,-1,-1
a49c9754d54efe8bd8126e6d852503b2bdecc15091204e31e065249397e761ec,-1,-1,288192,750016,708032,750016,750016
a9b5b110b2ec8d418b720f4aed5ad59ab446b61116bf23eefc918fccbaa30be3,-1,-1,-1,-1,703488,749568,722944
d73f8a1cd3c6560a2142014f3f368a94ebbbbe5368a0056cd45efe521089bcc7,128,4096,187392,747008,697856,749568,742912
331d90d8f680680dfeac32277b747889c9d0ce43c229647640041834c113a7a2,-1,-1,293312,701376,750016,457152,730048
64b6e254fad807cb461c4902c8415021a288e1bc5f57362512559843502abef0,-1,-1,-1,745472,745984,594944,749056
18a0c543b10db78facd9efa348492bf0634e64516172b46de0bb4eaf706a28b5,-1,-1,-1,-1,-1,-1,-1
6bfd44b681e0811103326505588bf90c148d88f9b324a435842b9e08789bd99f,-1,-1,-1,667781,425093,726149,729221
67f0269fe34a10f7da853148c842b5da8db413b775eca951df991f38a6232a72,-1,-1,-1,671744,749568,749568,749568
287c180514e4d2a02267245ec168adaceda28672718d6285ccc57de58f591974,-1,-1,-1,-1,-1,-1,-1
3f47b596f3e669900af98086bce84634976abfd6750dd2a8a2cc11bc1f04fd06,-1,-1,-1,614400,729088,581632,733184
168e498660115c8f8fcc9d679ee065d2da18cd2174f0cb12e5f0de17507bd933,-1,-1,292864,728064,686592,750080,747520
bd9fe85b1203cdfe23c2af047bf187afca6d71633a793d63cbacfdbe69703e9f,-1,-1,-1,-1,-1,-1,-1
e965f17f7edaa95d6a1a571acdd8b21fc1432397211f04f4ffd5a021da45684b,-1,-1,-1,649861,-1,693893,744581
d37d2ab8fffd300cc9e4b1745eacc64e41001f2e6dfbfc52afd61cfbdb1abe0f,-1,-1,303104,610304,733184,765952,733184
fb159512bad75ee35323714d5fca937f68f73dc7159907fb54bfede6c32cd63e,-1,-1,-1,757760,765952,471040,724992
ca32ff6992ba51750113958daf24d31cf9bf249365c3ce14d6bb43308be71ff0,-1,-1,-1,-1,603648,647680,670720
47b3e2294561f01c4b148d2ec40acd5f425594ce879beae3459a6d691ac7ca87,-1,-1,-1,-1,749568,-1,711680
aa2a1741b21b53abf0bc42c29976d1fbe1b5e28b6d487149810e8274900f750a,-1,-1,303104,708608,712704,430080,-1
d559d55fda200ef1ac0a282c9347205884d0d1d6ff56b637b79d383eafb00549,-1,-1,-1,659456,720896,765952,667648
d6ea03d6f4a3d45d59a44e02a78f35e22b357155a2f6b8fcc7a1bada09915239,-1,-1,177664,697344,562176,654336,749568
eab01685d41d190c3e1b11d81fc95c3d839d94692f77b31d871d94dfc55236e7,-1,-1,303104,724992,634880,741376,749568
b8a07a2ce5b246bfacdd7679b6946469c89973b544c43b3375eb507e3a7388b4,-1,-1,-1,589312,677376,753664,753664
1c04f884c99e31da54e22c1b600edb9dbd736286eb182951c5c8113600b9ed77,-1,-1,303104,745472,765952,753664,757760
9b515d94b01072de57dab5fca97b5a1997294d7699ea470d422e040c00b02478,-1,-1,-1,-1,-1,765952,753664
66e14001a41fb93ab1c0097a765fb0e2434cd8be8fca03c8dc22a67fd4eca077,-1,-1,-1,656384,749568,749568,749568
5d68e35573eeb8c4a50a2402bf86b0cb3989d15d2b6407c4593ad5c44162d292,-1,-1,288768,689664,749568,749568,749568
5536b66f59d4485bf8d4232565fff0dcc71d5fa25d247898f5026668123e7e00,-1,-1,303104,745472,647168,765952,765952
32557e111da7bca21ca2898d947f8cfcf776fc0d5b9ae15b5e37fb182cc5f905,-1,-1,248768,750016,750016,742336,750016
6c0a430df0fcfb799c937b9d964f5969b814c21488740ac14bb137db52835ed5,-1,-1,292352,-1,665088,692224,726528
b42ee2cb72a856f584be00e05a2b54f1cd6984dc0ef2a1ad0cd074949304b737,-1,-1,256960,620992,750016,750016,746432
5fc3fe0a59bf37986e7df75ab2ea308e274d29686c9c57e59446b7c257965894,-1,-1,-1,-1,749568,738816,-1
bafaa28b19a2a8a42d168a377bef7c020bef972a5ee2fc70b6fcee94ce2ad1b6,-1,-1,292864,744448,749568,633856,749568
f046ba099c22c4799618215e28471772dc0dd79b5780b3d4cc895eb6a8ef27d8,-1,-1,-1,-1,-1,745472,733184
a7bda3ac7a680d519193f42f055e790bb7177233b60a511bb77bbc7941fe484b,-1,-1,-1,425093,572037,739973,749701
d50dd9e5f8fa827a103a5a164ed495e808f99e2bdc32d141fc470b780a6736ca,-1,-1,-1,689152,743936,749568,-1
f8601f4fb1f6e5e796cc722da67f8ea080a8c2be63f412e201240bc13e22b0f8,-1,-1,-1,765952,741376,765952,753664
9c2e689750805244f3b9d065797b6b5ea0bb32b72e16d59228a6e7f3bce26154,184,4096,46080,582656,709120,746496,744448
62a675d5de93be87ee05e93801e646f6858df480cc2643f69ae8661dfc49b991,-1,-1,-1,-1,691200,-1,-1
c405a55b15a7eed41f6e3580896709037696e0b310101d09f41c21165ab73ff9,-1,-1,-1,732110,753102,709582,686542
6989a6657aca4d4c68648bb8e940adca125ee37c54edced5d402f4fcb5b46416,-1,-1,303104,442368,569344,737280,430080
48d659dfc555ba79e362d53a81bd71f1a6bb0da9da47d20526852e179ef353e4,-1,-1,252928,740864,704000,710656,735232
d84b095d23de70654b9ac50d89eac2765201f64f0275dae1337d7b041e93f09b,-1,-1,-1,689152,749568,718336,749568
9c5a816a6c1110fe6e2ab5878e39f8bcab50cd23cf10578285777341cde0f1f2,256,-1,292868,749572,749572,749572,672260
002244422c5146be2169340c5438f65e3103664b6af768493d615952168b326a,-1,-1,292864,405504,749568,665088,747008
b1db1381bd829fbc1db015a5f3e020c65602f87505157b9688b1bd6b106ddb18,128,-1,108032,523776,680448,712704,740352
59dc96b4553780d8305deb5fbee00433933cb81e823e8af4a4e15d3ef8325cfc,256,4096,193024,752128,605184,693760,722944
a8e33d9efcd6b9ce728a1e552bc9a3ccea9a66ce06adeae3dc6c2b2ba156ecf4,-1,-1,-1,752128,-1,-1,737280
a068a343b41eaf78afd65fe37e519fd40212ae7c339a6b24affaea7bf5671d48,-1,-1,303104,589824,700416,581632,765952
f2290ca409342424ca30501117f2ffee999fab6e3af6da120f78ebea8efc92fe,216,-1,292864,660992,745472,653312,731648
a88859d91f307d30f3529ab44de41a8e3449cea04103f0ad1c7f60ca1cf01d5c,272,4096,145920,725504,627200,727040,683008
5a68687241d19cc7c8c41807507c1176096b1ebc344787a4d2cd63ea85f544e0,-1,-1,303104,638976,462848,716800,757760
5993377e8914929c47f85d9751a22b8109564e9088da89c174f7f71c2a2636df,-1,-1,-1,438272,733184,737280,716800
264604d22377fec0b64b45075c7c93c97479e341804ed49aa3fedbf1471796f8,-1,-1,-1,-1,746496,736256,747520
f64d9d6d8b4f6b7ee6d7818e06df8e88b53c6f4b2e7f11ce1585979b80d0c60e,-1,-1,286720,765952,737280,765952,741376
6ae371055e3f60c46cfe31604419ca2c84251f7717cbd86acbb2f7b2a6437cb9,-1,-1,277504,717824,710144,706048,740864
d278c1a6d39392ee810aaad92a1bd03c65e5b877eb38816a8b67caa2441c1ec9,-1,-1,-1,716800,765952,684032,761856
ea8ac8cc9abf83dca0d76830b1a08a569cafc8c77e41c33b9c4d3ef00d10c4b6,-1,-1,-1,748165,744069,678533,425093
8fc5cad118c1ccd7924190af8de9999f14ed5d90550f9160b54ba140ae105ce5,-1,-1,-1,623104,712192,735232,737792
56b2508bba1c4604ca7b4d8b3e56ffbfb4a891aa502020ac0905dd5b52336d66,-1,-1,-1,-1,-1,-1,-1
50cfccb0b154275562d8c95bc706c4d6f8df714d2210a942cd9d543a0ebad737,-1,-1,303104,622592,729088,729088,729088
be99663f29e0c457304680c8004503ee478a7601e823e39d9ba2f7f20e0a7a4b,-1,-1,289792,734208,749568,736768,749568
5cd69f9911bc1180b8fd44d588cb441fe2268dff9d2d299eaf61444d61f92551,-1,-1,257024,706560,749568,644608,670720
de3207151b620761db2d626b30d89b8f0f36e6d0bf0c9a75f2c65296b0089b8f,224,-1,145920,492032,723968,724480,703488
1db4947cff87017a8e328e2a53c103b6d84e041a8d7492e56cf7bef616df26da,-1,-1,-1,741376,663552,749568,765952
cb65890fb0197a06ab3b9dac5ac90b80eb393f208f0673d43d0ca391469c2e40,-1,-1,-1,-1,743936,-1,694784
4fe89f52ed55410b1ee544e52d5758322db4971daeee7be2d97443955cc09a68,200,4096,229376,581632,753664,667648,729088
dbf4298c6eefeb50e7660a120f1f3079f1fc69fc5a8fe93b1d1bf83a0e41667b,-1,-1,-1,698880,696320,720896,699904
1f81f3afe12fb261f4b33c44fee892be4287846430bd78d3b24c75e606d14213,128,4096,295424,751616,689664,345600,754688
2aa33f42438c226a2dab850810d23c3bbbb477059d3bd56505f72a553ca66b47,-1,-1,292864,747520,749568,627712,749056
39fac5267a69440cad9044789a261cd119505f50db5f0e6dc7907e7f3f6e9274,-1,-1,-1,749568,716288,746496,697856
40e5ac9f0009c707db5568632379e6dcdf83600298e3095c042cf4c385669204,-1,-1,-1,593920,765952,716800,745472
f161b24a8650391425438decbfe0b1b761fac3cb27c2e5af66a7c8112aad0fb1,-1,-1,293312,748480,709568,750016,722880
3d7867b923dafb43558cc03542cc4f339cb8570fb5b4cdc94a4bcfffa4ddad28,-1,-1,293312,750016,692160,750016,750016
de3cebcf8866104ea1f424f628a354308d5b54eb80475d6016e47bea16047c56,-1,-1,-1,-1,-1,-1,-1
30c884587c8e5271569d0ad0c7ec624659406c7ce507d3c06dcc0f0eb0062cbc,248,4096,232052,624756,720500,611956,751220
45fecfd0cf2335d4300c90e5475fc20bd782734a9ddccfe0e280498eb50b7745,128,4096,246272,717824,738304,742912,749568
27cf1cc78d862f326243c694b75ca9af27f7cdfd041ed7cde171f86ccc9a77d3,-1,-1,-1,649728,734720,556544,-1
81359f6a9ad1cf3301195161e99970385e23d34d096dc7b0aff004f35f6b854f,-1,-1,-1,589824,507904,430080,430080
d14cf987e7ded37daa6488bb48e23c2235e54092899809c9a8988569223c5612,-1,-1,282624,692224,565248,765952,765952
f7ab37309f9ab77ee1d0afa1e8bc03b46733e10a764cf7eeb0ed5640bc345fbf,-1,-1,-1,-1,706562,742914,720386
d9223c7bb73e5b9e31a86eb3e3ffc24402a2554c08e584696c7538c4a1d6ad6a,-1,-1,-1,750080,-1,694272,748032
6ae17c76380a4d6af8359568c41f0a77141b4475fb9290429ed5db552442fac1,-1,-1,292864,749568,745472,745472,651264
d8b1f14c3f33bf18807ea26270b8f7d77d12afc4ce25c76a449546c4ba903217,-1,-1,-1,765952,749568,737280,737280
cc62bfe67c2c306e2cf7b95fbd96369df1e5bdc13af9ef48fe1bdc9e0d1586e6,-1,-1,146432,705536,359936,708608,684544
d3a194d395f16a3e1ed5631ca9eaf10e55ab256ee4313b4d782dc5a125336a17,-1,-1,-1,589824,716800,765952,696320
bac909162a07def3f611f9f6e7816b9b1e110e7fbfd6b98cff5210a5949c8b49,-1,-1,-1,412622,753102,719822,-1
d5c98b098fcd65ab651c557a04b26cb6008c4db5dfc5df8d69e8e360e6e9c17c,-1,-1,293312,603072,674752,746432,750016
afbe39f8749cc4114c22fbb3940f3173b645b1aefe7c2695b3f1c714a98a9be0,-1,-1,-1,491520,745472,712704,684032
dd2fd95fe1c37d03726513c03713208e46bbb4b16dd5ed5c7a8110e93192ac96,-1,-1,-1,-1,-1,-1,-1
f61b84a4ff017547a0d66f7c2dd0fd876af53042458166f106d53ed5c23d62a3,-1,-1,299008,712704,675840,765952,581632
d8baf04b924a4a2691459425b54e24d5988db808afbe35b53ded40d09c6694dd,232,4096,-1,745984,701440,679936,746496
91e0444f39316ff6217303fed2c505ebf302eacc877b75128a03e0949e17078b,-1,-1,293312,629696,730560,745920,745408
911caa44b10696c00d0eb3e9631d0b7905ff5fc532b931062c993e3885892e30,-1,-1,-1,765952,663552,765952,643072
029327fac90805e31f9a284a8f0bb564de2b99d58c859393478708dcc22771ba,-1,-1,-1,700928,675840,750080,750080
20b262aee49fdace8dcdb0f58ba3f25fea18915234ba639592d3794fcd8c96ba,128,4096,8192,754176,752128,731136,218624
be2afd61428e7a47ed5b648139bbe6717bcf34d523ba43256781c56366cf862f,-1,-1,-1,733184,708608,765952,761856
eba140f9ac52552eb752fbe5c3da006164eaabc9b33b1e19ed7658358080f9da,-1,-1,-1,634880,-1,-1,-1
92995dbdb0650401ac76afc092ba679b78b1804ff204df4c25c84ced0247d794,-1,-1,282624,663552,765952,-1,462848
18d4b0a792f1e20ff26c8c51b0db2a328bb89d1b0912294666213a7f0262cf66,-1,-1,289728,722368,750016,733120,750016
49663663f2379f88dc925bd4ac9216d99ae22b999d9295d40d9e16a7374f799a,-1,4096,292864,646144,726016,653312,748032
ff8dbb5f24a026114bad917ba237ac877b3cb63d88e0479d581dcca38a63f3e9,-1,-1,-1,-1,-1,-1,-1
c90fd95986d78271beb2a49f0f1c1ae4610fb6b54a8849aa43d8a8ff79d20da8,-1,-1,293308,683452,634812,750012,750012
163a576acf2620afe1cc44040795ab607456afdfe65d356b70f66b1be71002d5,-1,-1,-1,524288,602112,749568,700416
58dcf19876f5ea13a8a5da6ccb8de032e995d6cb66d555b2d44afc981b073383,240,4096,292864,17408,247296,256000,2048
742947df21c08cfa99b587e2e33e8fb5e8b06dae76b211a16c30b6c097494584,-1,-1,279040,562176,744960,749568,746496
ae40a6bec4c2bef26980318d91463c279b99d2b94e3e83375f510e7e627bdf13,-1,-1,293312,704960,750016,750016,750016
38e98086c4339c2706d7471c2344e9264bdf7c404ecf32fb96980a77a465762f,-1,-1,-1,741376,741376,-1,-1
b4069d5bc9ed15ff6cb5b1d1eb7b1689b01c7b59972c92312daf6588e4a67d52,-1,-1,287232,720896,749568,749568,648192
7b1c2fbf1436dc37a9752b62e356cd8eca984f274d1b2759a6e3fedca863bf34,-1,-1,289728,642496,660416,716224,433600
bf41b889d2d204213389011a9702a14e742c8fc3408c6a4ce2d737edecccc416,-1,-1,294912,752640,748544,707584,750592
8355986213344ca056b50fba36c2a4264c53b099a1f7ce58c9e24337b1038967,-1,-1,-1,-1,-1,-1,-1
d7a17973a16398d396cb48919565da2eb50067a768e21e98a4b5f784596281fc,-1,-1,270336,761856,430080,700416,708608
7789fd859887f4c582be8eef10a7e7eeba9cfdf4dc3ef26d58775da238e6dfef,-1,-1,-1,686080,603136,713216,697344
f5d41df4ea409bc392719ce30e15ce228a6293cc9d2738ed2dac9f6a4f6fd770,-1,-1,-1,700366,753102,728526,711630
fe99ad7566f5d8afa488b912dbf3d5a7d687e8e8a8d8f07867bc55d96873bac5,-1,-1,288288,719392,720928,376352,740896
0b0bd635bb73af71bc7e5d503b171517d28713c62855d3391c3c4ea3718bdb91,224,4096,303104,512000,495616,487424,753664
6e80284294c31dc20592271b209ede927c23154f72680573bc39d9ed3415d701,-1,-1,-1,698368,712704,742400,677888
a32e8407d0b2f19bf7381dd2a7726d5074dd58b7c5116eeb006de4fac0ae1833,-1,-1,-1,-1,688640,744448,686080
632738ec5e57032df76c538e4f5c67e1e3a385b23363ce3412b13b8602645ee1,-1,-1,-1,727552,-1,-1,749568
58c51d5f89c49355ae75dd05a2ade1be6e8c0abe1c26d91ee985d21dd89c1270,-1,-1,303104,663552,471040,765952,733184
a19b58215f43504df978a5f3f19ed131bb911aea45f36ba308c6fdae1561a2f1,-1,-1,-1,740352,-1,744960,686592
8e71cebf80da65d00557e3f74c9aa299ed52d1f69d58c55e9ec8586f44e6407c,-1,-1,291264,657856,750016,634304,744384
411301086a9ff804c51249f8f1161e8dacdeadb43e936aecd3b0d1376a283f6b,-1,-1,184320,479232,724992,765952,765952
05c3ca4f05d63fee5e70dc341601d64ea89164872d1b3cf83b6548ccc4beec44,-1,-1,-1,714752,732160,735744,745984
ed3fb0a4a1acff7bb9d1642ec69ad7265438de6e85aff1c740fb90068535b267,-1,-1,204800,753664,565248,684032,647168
3a787b2103c5371aff8148982c806341faca4bb2240990c942b8e177ada78eec,-1,-1,287744,749056,711680,674816,719872
d40cd270933c362177605c92ae4485bd84b83a7049bb0ace573812b6ced5f3c9,-1,-1,-1,733184,679936,753664,741376
4a6c3fe28a5b8c6c7f29ab5ac285df74e74b4be2a59a5bcf073c69094cc602af,-1,-1,-1,630784,716800,-1,761856
1117acec1eb6e6a487aef3d583f4d16655d693de38af7e5044b70467556720ad,232,4096,-1,744448,-1,749568,313344
0f5db8d0c53c4427efca8a9f8e608e7517e3c15b183ef6d4b064785af30a9a04,-1,-1,-1,753664,753664,753664,751104
d34e6b19329c3f3e77214de1bdfbbc8b087b3531ecf2d21c0f456aa94973d247,-1,-1,292864,655360,681984,737280,739840
79dc9d5d47da0596b05e5c33f4d52dc768a896785a06457a38f402c8d36ee3f0,-1,-1,-1,-1,-1,749568,749568
d0fb7d9763d36ce67a7b22e5c24ee0904497c05554e5ef212ce2875a8336c94b,-1,-1,-1,-1,598016,344064,323584
1060e723ee876e3e42d9bb08b3fe8dbfbd6d3e6042c6edb8a1b159fa44a52c0d,-1,-1,293308,750012,750012,750012,750012
6396505ec3c719d83161798ee32c65bd44070292dae3976d457ebe27592178a0,-1,-1,292864,749568,622592,749568,749568
411c0201b4d148991bbd8187c5ba98869d1f9d2ef07c3cb9474a5700a06743a2,-1,-1,-1,743424,536064,-1,-1
9ff179e4e1a188bdbc1ca731b9167d938586cafaa56431e0c4bac121883c735f,256,4096,292864,180224,636928,683008,752128
33d69e5b637045f05548c037e9633c6e64077eba3bc4e31d667e03eaa74811be,-1,-1,292864,749568,749568,683008,720896
bc3c772ee1cf1384af85961c3eb6e2821c4a7b6a43dec43373e89b7c9cd8e5d4,288,4096,246784,338944,255488,422400,26112
a0f2dab1a3b900bde76af5648afd41788d91835c780ee9ca09b41a783f1b45fe,-1,-1,274944,-1,671744,700928,-1
02ad8844275c604dd03c706a65b9713d80b2e190d4e20b16a38f03a480e73680,-1,-1,293312,750016,725440,737728,750016
d4c3281d1514bfb974d273c7084dbfd4766e77035b9587d95e4d8e24a17995a8,240,-1,153092,665092,673284,742916,755204
332eff8bd7855d36b54f4cb717ed10153f84e2524cf90d6a407d6cfd8b410710,-1,-1,-1,696320,704512,716800,765952
edc3b06a25d09ca5755c4369bdff73d5feefedd2f6e63942aa33c033403d113f,-1,-1,-1,744960,735232,572416,681472
e67997a37c3358d14e32e52fee26d43e913158679ba8315229c33cc37d71cd92,-1,-1,-1,409600,765952,729088,688128
9ca042f514df28e3ba0f1291ea1823327990ae499edfc2679e3d33bb9adb36b1,-1,-1,-1,709120,571904,748544,744448
7d74a77cf17739236f8c5a90ac9bb9d5d5ef48af496c3018034a02255774b747,-1,-1,-1,-1,-1,-1,-1
160d0a1e0591772b624b91d31ceb713c7a1380fb7aeda3849704ca4a34b5f4bc,-1,-1,-1,757760,-1,745472,765952
73141ab24a4ace184d702ec4de5c3e009377dc1a9eead3633b860776ea909e1d,248,4096,292864,687104,671232,669184,682496
4a32f217f1836c4f93935c20bb66cbe2d40fbe54324ce19f80d15c013307921a,-1,-1,161280,-1,744448,746496,678400
804ea3b9581140bd21946798cc07637c720155435854a60254c85507ded57a72,-1,-1,246784,624128,748544,750592,750592
575be4c5b9a8768b26bba8741eb6913ae0a840413fd1dccf7770e8585d83dc1b,-1,-1,292864,647680,669184,673280,749568
031ea049f149698feb2ff9a0725dc6aeb81c5dba8d43631ab2dc0cb39bb94c5f,-1,-1,293312,697280,745408,746944,664512
47213580140e221b81963ff09432b242fb7e4c0f1ac8b45e3a603eb65935d0bd,240,4096,285184,739840,457216,643584,750080
25a416f267571d24c3119688714de1c7a3ebba51573b483996c87647b1d6fbe5,-1,-1,-1,-1,750592,-1,715264
19fad2c668464d724c0cb977bc20d5671e452bc392ff40c3039ca1f480f2464a,-1,-1,280576,450048,-1,740864,-1
044cd3907398aebb8497d1e629212804bdec23a26fa46b1dcb11944629cf4374,-1,-1,-1,-1,-1,-1,-1
3776da8ccd60577d564008c1800cb62e17e6bcf36f3e55f116c3b18b6cffda72,-1,-1,290816,577536,765952,675840,712704
60597c3decaf14a7fc228e4a4ffee52763e9969dcb350d0a52f99d57cdc9119c,-1,-1,251904,564736,-1,704000,745472
0c9865e5e9e312ece7b7c2bde715e72fdb715965afc99d518f85094fd46d7838,-1,-1,273408,747520,750080,739840,717824
028a906dcb615c175b3141b28e919e73cc4ea03da1ff8619ff8ac128efc1fdcc,-1,-1,-1,706048,728064,745472,642560
2b6f45e1187d298ad377c004c19c85c08431c5a9efb8dca706e356131e8608a2,-1,-1,-1,-1,-1,-1,-1
192ff8a9435044601b7331afd31a68109942be97bd624840ccf182e25a338f98,-1,-1,-1,746117,731269,744069,746117
d9d7ef4272fee41557751c07ad4e150ef056791353386c734e4166de87a41702,-1,-1,-1,700416,750080,750080,749568
abbf64668646e865aab6c2c8aaba50ba84135a0eee63f2d3f1301e62755b8c7b,-1,-1,-1,548864,438272,696320,749568
01cc855ad87a2da5361d4d84ac5142f0245db42bea91e416afe9c00002e86dcb,-1,-1,299008,630784,679936,454656,729088
b745ca83dbcac81d9ec46c0bf4bff82ebf24491e00964e4fbd7e13eec92eeea0,-1,-1,299008,716800,462848,761856,430080
4fc8c0606acbe0a00ed0ed0097ab6f56afee59f3f9eaaf918124f2d6b031bada,-1,-1,292864,722944,589312,749568,645120
efa025257e1cc4836c909a082e95e14d2ebc9f9c39ca62ee1289acf33029d288,-1,-1,-1,747520,712192,712192,727552
a3f10f16cac0db5024070d94e800482b6ede22c9896238f97b2695bf188a0acc,-1,-1,270336,438272,-1,479232,720896
4a9fec7531b02498f6123fb0bfa3033dcd4939e294ee1d24029f62b53e7da2ef,-1,-1,-1,720896,614400,647168,765952
7b357aa726be90e266b375ac0498128c58c6c9c34a5d7345f9573ffec733f0ca,-1,-1,292864,720896,729088,749568,662016
5e815abb239b972cbf8cfd616cbd83e20bf68b7fc5cbb4422b78e98892ce14e5,-1,-1,-1,-1,-1,704512,692224
15b4ba506a45822ef8e61f5d660ab65e1063357eafc98fc131e60edb9de60252,-1,-1,-1,757760,507904,663552,724992
d7d717eee19af029e2c94d16ac83bbd1a9c1f60acfc27ca4253374e2ef554260,-1,-1,292864,749568,705024,731648,674304
7e2569efae9080206f4efec80736af5c9d7d606615670717f94a4ddb6d558fe6,-1,-1,-1,747008,749568,-1,749568
a273295a7036dddcaa281e4178050d2c7cc30bc30794426f4bf898229d66924e,-1,-1,-1,-1,741376,589824,761856
ea5daeb561a0f2a844167f29c074348d9a8436dc964c86ffdd304bcd4514e917,-1,-1,293312,746432,750016,622016,746944
301d774d9d2c69f6a11906946fd6c5cf0e1ceb3ede78c9cbb76a771ad8d84d1a,-1,-1,303104,704512,471040,700416,729088
659ff795d9b19f1ff8cd9b3ca3d7d39f275c7363855e68ca978458574b19616d,-1,-1,287232,550400,748544,646656,749568
9883e2d77f4e96246fe902068e4ff3fce993d6cff829f9f64cf06b1bc625f654,-1,-1,252864,659904,732608,721344,688064
30f46290a467af6524e304bfcebde720942019367b2baf9cc6a689269f56da81,-1,-1,-1,748032,749568,-1,749568
d1bc90049cb59ea9b8cf51ecf833c330b54dd02b2cc7de206273c0e8d578e839,-1,-1,-1,733184,765952,454656,675840
a762efef8b043960254dc4f6936a3a70d754e1a8dda61a8715fb2cc20f86ab54,-1,-1,-1,-1,-1,-1,-1
4d9bc1b039a437f9a34d0f80f5002d957730792638765eecfc4f2692e998f7ab,-1,-1,-1,753664,753664,599552,753664
7bb5d43604c6ceaa7e684338531378df464c03b8f0deb7dbe08aaab67c2ec167,-1,-1,-1,740864,751104,738816,749056
516fa617929a6880c2e77aa6499450f10a9563307aa9461b26c6c4ac8f8d0dd9,-1,-1,-1,685568,-1,706048,749056
411b23abe3c246c7cc6d8c0430782145476a598a818973326a1fa8bbebf8a2f7,-1,-1,-1,-1,-1,710656,747008
528fff83636f898f21004a990483e5fcf12c79e2401b3f353dd25451bded2517,-1,-1,-1,-1,-1,-1,-1
0dc9fe81df5a6ed6ee6c916943cd923694ea63cf78b9ee50fa5f9688f363823a,-1,-1,-1,733184,-1,765952,724992
782289150f5d11ac48a9add98c2406b0393ad6ada1c1f42545b897703658118c,-1,-1,292864,749568,749568,685056,749568
51b1833742b035fea65b2e0e7f5eceb91cf95ddf8f6af3ae09d4a2c0aea52f12,-1,-1,277504,655360,622592,739328,749568
63619ed4f7c3c0f7733981e9e51657233e970771cd68dd5483cba33d1d4a6cab,-1,-1,-1,734208,429568,643072,655872
2fb38ff6d845ec558da21a066b5558808365ca03d2b078c8cc3487208454b313,128,4096,267776,730624,754688,717312,745472
1ad51a743361f32e0bb0f084f99341db24fb2aa76f70b4aabc9e6b57f6b96447,128,4096,277504,736256,749568,722432,749568
511325dcd432492f0c8f1307002bdcfc20c99365cbfc7e8111219a5a7d925502,-1,-1,-1,730624,640512,753664,733184
8f957d73e48d03b07131df84de38cd11dbecb05d35f4684aca30d00c6ef5c84f,-1,-1,285632,748480,709568,750016,664000
b32b3ac0f6337d9d071cfc762a4e6213af7c90b2e8693a097b47f6c4c799437f,-1,-1,-1,-1,753664,-1,729088
44937e53b82a3b73396687e3c36daef50f71931787591119649a677ca334cf36,-1,-1,289792,750080,745472,696832,735744
27e53bf7130ce984441edd1481877f1232bbb9767dfe5dd1c417657a86564e1c,-1,-1,-1,-1,-1,-1,-1
14f15fdc492e5dc370d4901350ca8d6222e49d561e23530ab3bcdd5f1fcd9b15,-1,-1,292792,638392,749496,740792,739256
b741956ee83f160cd113eeaf8a4b7b2cb99175b919c6d6781dd8a227c9c008f3,-1,-1,-1,-1,-1,-1,-1
3df0fbeb294d4a4ed7cf9db519e060d91ac6299885623b2a499ab02027018c6b,-1,-1,-1,761856,765952,737280,-1
922bf1497215942e7e5c57e3a21161dc15bb3f31cc24dc0451381c45de40c10b,-1,-1,-1,675840,749568,675840,765952
c62bec3730b383d7390b031a3695c14963b388fd69a22d9f09d8e6d51c1e9ff6,-1,-1,-1,765952,462848,659456,737280
02d298a48da576f7f91d4e00a05c4f33cb151798a5a358369dde73117c20ed9e,-1,-1,-1,749568,747008,749056,719360
dec8e23937e39436a5b4d19e2180e66911df192b76c0aea76e8a50ffbdcb459a,-1,-1,-1,632320,753664,718336,722432
760eb720643b66fd93938059d66e3f5587354c60a7feed3651456538a3a42967,-1,-1,-1,-1,-1,-1,-1
791039a697ce1583bfb63df1475b08ec6536abc762a1ef4b92e0862626731d26,-1,-1,-1,720896,741376,757760,757760
af0d44834d95d114e3b2b184b8e68606e7b05be4ca6a92b60e410349c8956d32,-1,-1,-1,716800,745472,753664,745472
819e124a1db8e06aa72f879675701f0007fef3ca273dee414a8cff3650d59287,-1,-1,303104,581632,753664,667648,430080
be9de95dbf3f27f52929d20d793e047d3fcd047071c5a032f909731fdc580420,-1,-1,-1,765952,565248,704512,651264
30f387c2225ad14fdaaf596d3336e2224512f026cf6b42b1c58f746dab744a62,-1,-1,-1,-1,-1,-1,-1
e93c6794b4314fc7e872e170191748a087e1dc2c155ee4d850efb54814d8092d,-1,-1,292864,724992,745984,722432,750080
abcd1749ba7f58cdd9987b8c22a786e54e47147eba7ee926ff0951f7a83bd4a6,-1,-1,-1,712704,712704,-1,704512
c83ef6cc4cc5737251ba46a2f7fd93be2b8d3bfcb873dc7efd91305803afa267,-1,-1,292864,749568,749568,749568,749568
d68623bd75d13ad2a291d880163b072dad90fce6e7717c9e9fa409370141d691,-1,-1,293312,700352,750016,714176,689088
69e35889b70ad1292f17c61f334710099ded01296b084ecc3768f6b5bf7cf002,-1,-1,-1,717824,749568,636928,-1
624bd292df15c5c49d988c7f4216d5c782625274670cfe60c8b5491639c15e5b,-1,-1,-1,752128,739840,742400,752128
7a151904f723ace342a554a6ff05b5ef874b51cf8001961f60548f008245e76a,-1,-1,303104,499712,753664,761856,765952
d4b5d14877aa655cb9f2000f2ef233054e707469983506c7aee3d7ad2e0abd22,-1,-1,-1,729088,765952,729088,737280
415be9e94b33a0df335191a81f4dff7897b0b197459acb59ecc4c0feef37efc6,-1,-1,-1,683008,709120,749568,-1
ca7eff2350ef8a8824958cbbf03d12c0b60bb1950b83f64c93862b6ffa6ea7c0,-1,-1,290816,761856,765952,704512,581632
0a5868efb20288e68ba2ffc8204431f28d731074788387ff73498d9d4321c5d2,-1,-1,293312,750016,748480,746944,750016
3c4407b1198c44ea0549a3b3eb141313cc920100eb58615620efda81c80d251d,-1,-1,-1,-1,696832,729088,728576
d64e0a6c79626e858c289a5d836a92e5ea2296a576e6c9953ba9cf23dd3ba020,-1,-1,-1,752128,718848,752128,752128
02c9a83ea73450492c6654b2bbc7127aaca8236015e0def09cb3ab5d27b11a4a,248,4096,-1,681984,685056,750592,749056
60cb2c74ce37bf41cecf003d79201ed308bfe7981beb2adb293b883a79fb0fe5,-1,-1,-1,561152,765952,765952,741376
c38761f1cbb75f3d4d34b41772b80928188da136cef3fd9a9b83d45ceaaf05cc,-1,-1,-1,-1,753664,712704,741376
87f999d6412ae716b7b4c959726e3d0741ca89d8b183af2e635204a0eab07df5,-1,-1,200704,532480,729088,741376,741376
07615a49c93b161f9072ef5c4932aadb04849f5d1d6f9019cc91dda61e0e24a6,-1,-1,292864,749568,706560,749568,730112
cb279546df331405ac6728ce52e60454687517c6c3b76a957f61f0774d046e38,-1,-1,-1,720896,765952,733184,704512
18b564c09e39baa969c7a5e0147034d6b6d0ca20d1973507107309966e292f84,-1,-1,-1,-1,-1,-1,-1
e05f2a2c05f9ccac37ec7f81e1981fa9c4d944b2daaf00725baedcb49d94162e,-1,-1,-1,-1,-1,750080,694784
043151411fc1d39edf560f34db2e46911b310c0ae658ef71dea2734470d28368,-1,-1,-1,734720,744960,747008,737280
1236076d3b0a43cdf1f61d5d4950409d6ba37a00a926dbe6f062ba5aba6843b2,-1,-1,290816,-1,438272,761856,720896
10d3ce55d6e8a14199b7fc7e7d87a2171585553f85264d5601e47e5d12438dcf,-1,-1,246784,692736,-1,-1,-1
6e36021f84552747e40bdc54bc703a6d974972b20282ea697bcebdfa7f4e43f4,-1,-1,303104,757760,741376,720896,745472
e6648f90ab76e7bb6993d898b368694cc844f9c89ead901ad32a123d29b1f2d6,-1,-1,277932,749996,725420,749996,688556
c6b99871d159770d258d0b9a415a89620bf59045649d7b92f1c9d5e64793564d,-1,-1,-1,629248,742912,722432,749568
5c0cb6561e61294750065a53272f6c4bcc98dd8968c5da08a4f78e68b18991af,288,4096,100864,703488,749568,751104,450560
1f9bf9e6ada159a1ad7228ef3193ae3cd3dcc0c8d7e41f5d116f106c7458234f,-1,-1,-1,438272,692224,679936,729088
a063c86c97dc4da29d375ca1f0933cf5695ecdb42077aa4cfe1c5c9ce6ef774b,-1,-1,-1,573952,387584,737792,749568
74ab11f0da64f30eaf1214d8d277661f9f47ef313aef876f125f3bdeb651024b,-1,-1,292864,750080,750080,673280,743936
fd36f8c285d9b5526933f36abaf2cdee25eb6666bf99932b7f6f22c9f8c93cc3,-1,-1,-1,724992,765952,761856,708608
fdbb0c4925f35e0c06c428865b501e2e3d2dd9206d0491e30e18c4450227067a,-1,-1,-1,688128,715264,749568,716800
0e1e5a2928fd01ebfa44bb186202a4f8f595058bd88eb619065e96d71adf58ca,-1,-1,-1,713861,425093,425093,744581
f13259f5e3a833ce96381e9e1243087f9f87ad06ffe74d90b5c031c83646e908,-1,-1,-1,654336,730112,740352,747008
fd04c488b1fef5b578d13f5e726b0e90764d9ab8a0fb69a5e2690fbc057b07f8,-1,-1,-1,684032,700416,749568,712704
ecb30143cd7982602e569a1fb83b42cd8cc7fad90deae580d66ecad77a11b3c6,-1,-1,303104,589824,765952,724992,765952
0456d789230954b175f59a7f29ed5122d4f081b341e558e803fd6c72b6c00b37,-1,-1,-1,598016,684032,761856,667648
0db86bc512cf1cb2d0affbed8cbf06d3577d60b3be9d69dcbc8f3470b199c7ff,-1,-1,293312,687552,750016,750016,746432
a2655324acf9bba2872b1730419c8521ae1eec8c2eb186f792ae5230ebdf6330,-1,-1,-1,700416,765952,765952,765952
2b90e92b32b4c90af17bac40273f0b618c4ee7148e91cb598a3b0f53d762bb04,-1,-1,-1,750592,750592,683520,746496
b62e3bd3d58e51fa3759b4cccdc21db000d2b640ca3913d0090da125b0447618,-1,-1,-1,610304,765952,733184,761856
aae307eefa216ae316c59a454d3ea5c84b0f8e3f6faa8c742f9fe952e6bbb684,-1,-1,-1,737280,765952,724992,712704
f94944b6189b8b7ab77d62c656dbe63bb05a87abe3c7387f634304a1f1bed029,-1,-1,281536,746944,746432,730048,642496
898964e764637209e02eef22f8a7e6bf01d9b837681c52ae9933d0c0b124776a,-1,-1,289280,704000,748544,642048,735232
27e0f9be4f563ac2161612683c59f4cd5cf5b0047d41997f5e4517b663288c52,-1,-1,-1,747008,749568,738816,749568
4e1ca745fec96dbe37058f62d48e6be0cee029d6098f8e8b1d22765e18192014,-1,-1,-1,630784,765952,675840,761856
d0ec1ea2e5d294af62ae93f7ef35ae1bf0008202b507f663e1eff25b35aff907,-1,-1,172032,675840,721920,661504,750592
ede09e1670ca5a0f6714e0b5759ab6afb9d0b46803dc32a5464fe81f4713d348,-1,-1,-1,475136,745472,688128,696320
5f9beb9d5f60a9f923c4ac623709e022069f229114e07e0ab8a5f97112614afd,-1,-1,-1,721408,751104,708608,676352
69539d4458d4aa074372bb8aef2db32552ad926458b51e7ae9508c1268f8b6d5,-1,-1,293308,729532,750012,750012,671676
f6e2a9fb425a728ef6875131ce727552152c6a98ccb149394da3d9f163808267,-1,-1,-1,654848,735744,730624,719360
371623bf2ebcd1b9c213bfe5e8012ead0127b47f35a425b4e28d234ae6e744d1,-1,-1,292864,634880,749568,749568,749568
eb3a982fbe70ef6b5675b1474e26a0617e1ffd1da22a8c429470593c4badf1fc,-1,-1,291840,736256,713728,742912,-1
b47a25d901c0380c5a97fe7a3006c907cc852633a9b1eaecdf2d6780554d9630,-1,-1,277504,629248,447488,743936,750080
be5f5ab55d450bd4984079777cc9d7ba3a391a297342e9d6cc1b28162915917e,-1,-1,-1,-1,718848,-1,727552
f65e9cda20314f0d0005cd331daa13bc5f174ca60e217cebfc47cd56920bd016,-1,-1,288768,745472,749568,624128,658432
00124dca1b7eb0706dee318ab61b1e4be2ebe804ae45d37524c5da0432bd48ce,-1,-1,225280,628736,716288,744960,749568
ab18b6307fcdb536febe4d1a7bf4e214861f29279a971837e4d5049f3ea55b4e,128,4096,177664,749568,615424,746496,723968
ca56233f5c59904e8df66585886ce75f5d2a33dec71ddd83727f6b079f430035,264,4096,-1,651264,745472,724480,749056
a4ab1be8153bf129f6c9a85ec9077e00009c1fc5cf722a23f5f0f20aa450d8eb,-1,-1,293312,750016,716224,471488,750016
32ae64f31be1ccfea9a73c2b952bd1b258e54acc8faf1cd5039b316faaee83ec,-1,-1,-1,-1,-1,-1,-1
72f708987080c9c7c4843249e9bac842b0ca8b8fb991ad29681123274037e432,-1,-1,-1,-1,-1,-1,-1
ea6cf6e1fb932a94f1cc5c7521a70af7a128e049c54c88b967c25b34cd545002,256,4096,184320,487424,765952,602112,659456
6bf2235ed4a435313205345156b9a14ea583166fa031d02ffb156750ed4bdaef,-1,-1,-1,757760,438272,712704,765952
8227ea5e00383185b04ed202eb2a3615870888c50b1d589defe113d5c67b3356,-1,-1,-1,696320,696320,438272,729088
1fda9bbbc867748fbccdba5ddb2e3f0db76c1345296c2c0ca723133c65320e85,-1,-1,292864,749568,745472,684544,749568
25bc87c356528fcbac39e98268db479aac20f4956eace615d318613e246c8357,-1,-1,292864,749568,626688,672256,749568
56dac5fcfd4cbe60cc9642cfe1a833cd5e191c4c05502f2ce0d4e7f37ffc6689,-1,-1,-1,-1,765952,-1,692224
038efca56574dad6782d8924d096a2c5e45773d6e5303f8549f6ab7e803e724f,-1,-1,292864,642560,425472,676864,750080
1417a664904a01896db72c2022d2ebc8d63a8b0765827caf2684a08cf8ca95ec,-1,-1,303104,466944,487424,679936,733184
5e8bcb479ed6dbd6c48eb1ff4186d43995a925dca795da2b9ba7e9d7c8592773,-1,-1,-1,749568,743424,749568,749568
ff93c623a5a54256728de4a75b4ea0608ee334ee032a804c07eb77f7521ea045,-1,-1,-1,726016,749568,749568,-1
abbcf39c820f673dc2113818273f655eb5cffa808d1ba73ad234161f006fd50a,-1,-1,303104,516096,663552,765952,184320
196232bc2ff073196c6ab8b07c49f3f6383d482737ba448e64905bacb30ffa80,-1,-1,-1,715776,734208,668160,667136
16fdefee91741d13a3001611d62f3d8cc9cf5e8209dd3d3bb0fc9899f6997dab,-1,-1,-1,479232,684032,733184,462848
ceed3cc2fb45bd4859cc1d3270276433a00fd1f22ef4a68418473691875d4fc6,-1,-1,292864,749568,697344,749568,675328
4e261bce48bc96cb017af6e42e93c6ba63295677c7108080bb3ee9fb49376d2d,-1,-1,292864,749568,745472,471040,739328
bcd2c4e4ebb1fe9101cb70cfdb0b5ed057caf8b58624a8acf6fe52d70c5a4288,-1,-1,252864,743872,725952,645056,709568
8dbdc603b19961e5d510e57dbdbca265e7f81ffa86e302da1a1e7ed2a36af8e2,-1,-1,292864,728576,456704,743936,749568
135969481d4f777b518b7e7245c4b17a8363552980956ec10fe82f0569105581,-1,-1,303104,712704,765952,745472,716800
d3e3348dedfc0ce2e966285485a843d0e53b4693a8ec17258ab11b6b4156f5a6,-1,-1,292864,688640,749568,722944,749568
d9b652bd1051d8a6c3d1546cd45f4f709b11bdd811f003584f5812fd26d07e3f,-1,-1,-1,-1,724992,765952,765952
361a12c0412af0b028a96f58e9a6181fabbdc63a82b4f763c8de4402410362fa,-1,-1,-1,620544,704000,750080,743424
ad5f3416e3efb5203a2c62b222de81fe36756670f451a363cd0d13bd986207c2,-1,-1,-1,692224,765952,-1,765952
86aa33886806e0d7495aa4385a79d0de6c249c80211d6a2ecf4bf06bd6dc7c3c,-1,-1,294912,753664,712704,708608,765952
10a1c9ecef78d0f0d10b58982b02baec1393e1503fbc36ed991373ea1b6587dc,-1,-1,-1,745472,749568,749568,749568
72392bf9828eae3490724a8e530ccd9b4d8f1d505a008ec00c3ae16b3c7731a8,-1,-1,-1,727552,719872,-1,702464
8056f48692d03ff491f5f5b4710878faeb443b2c4e799b3859159cbd9a699196,-1,-1,-1,696832,749568,747008,749568
89e8caa519572a5d089212e7f241a72af913df2ed253ccbaf2dc3fb699a32e2b,-1,-1,-1,754176,754176,754176,754176
a19f319bf26ee2e4af85e2b3b09d4fffe8d6477e111fc700d8b4356a0e6b9ce0,-1,-1,303104,471040,729088,671744,761856
9fd393bb5ae1f5326d8129bc88998709ed6ef70d57bd020c8858aa7a368f66d7,-1,-1,-1,663552,765952,618496,753664
70a8781862316f0408d8ebeed1bab9e7bfce0ce21e073106ff08582150c27947,240,-1,253952,516096,471040,716800,696320
15b36eaf38d9a9850c19d0c16c2460fa5a3e944770c3d37699b0327bac90c236,-1,-1,-1,563200,-1,-1,750592
6de3588fe825a23c77ce87fb5290025e428321d4a256e885afaf582369c0c4a2,128,-1,-1,638976,565248,688128,761856
f3d3c99cef3bd8fe90939763399e9288f3bdd766ddcab286cc6a49a3850c1dac,-1,-1,-1,747008,-1,749568,745984
4fd70ca6d80c826c18e96d8155645d9e5c55eb9ffff1d37d3b74f58ec2b10227,-1,-1,-1,667648,454656,716800,700416
54afc3d5e857146bcc519d9c0c97800487e34b4a737ae687bd63accacd119dd6,-1,-1,-1,730245,649861,711813,-1
38fbf8f2adb446684e95d2e4a3e91c3143c812246555ca01f20f95a6026293c9,-1,-1,218560,750016,590784,646592,744896
a5b168a42d9d5238e15e990a99e726f2c1ffbe73a9809fc7e2892edd3c9f67dc,-1,-1,-1,-1,-1,-1,-1
c162cc496ca82ea32d68b75ad63b5fc2ad8b6342ea38bfb45db7f22f1c1bd4f3,-1,-1,-1,-1,754176,695296,-1
5991e8964fa075427debb4ab0b6281c08dc20ce83a3f04fbabd904b28a1b0c2c,128,-1,292864,749056,681472,658432,749568
0d145ecf3ea9bf24a109cc68765a2723d39ab66376c16286c2de6459e174bf40,-1,-1,-1,749568,714240,735232,722944
c150058e6fd93fb7d1b2fb3dd2080a089d259efcc43d4b98bb17b0cfbc1e7c02,-1,-1,278528,749568,747520,748032,641536
38869470df3bd837cce80e9bf43c1ff7f89830eb8ccabfc6935258b760254170,-1,-1,293312,750016,750016,721344,750016
156c6a026420de08301ea77e9224dac55276b3b0e99fc32be4c3100fd64cd59f,-1,-1,-1,638976,-1,696320,581632
c63cc236d387dcedae8cbfbb713e902158bd50ea7774b6122790d967fb695c5f,-1,4096,17920,754688,564736,656896,581120
fb6bf7d7c9bcadf1713f4caacafb0613e5f831b91df7605c62d803f3d8d67217,-1,-1,246784,431104,740864,742400,750080
fbc84ac547ca77fa84151293aeafa8981bda6e04a40236746b06a16e2f647921,-1,-1,-1,747008,737280,662528,645632
51b0d492ea58622424c05a8c97576ada423cb2f0d9a0b6f75b4729d18f0bca9e,-1,-1,-1,676352,753664,753664,749568
73b40075a5dd8a289abdb46c4c03e42f2d26a3bdd3fc6b0ecd8bdee6bc5176a0,-1,-1,303104,663552,753664,557056,581632
1a8a1f4c42cc6c63474e270cad0ec17024128a662c5d0c245fafa30f532936f4,-1,-1,256000,604160,684032,752640,560128
7ab8bfc5e0a27363fef800645aaa69a85bafbd271562aaa2f4777383247b5bd5,-1,-1,282112,741888,561664,754688,627712
1697a8bc98201d05d28711a78c72014238ac63a37b18b41003f005baeb96c0b5,-1,-1,-1,750080,710144,749056,-1
3e8269d1236c321b4dc340b04fc2c7c9bb3a96a31fe8990c98a754043c37806a,-1,-1,-1,744960,748544,720384,712192
2b9fc1d0de2566379081a00d0f2308d528b131faab986dec79e795b2511b5e35,-1,-1,-1,-1,-1,-1,-1
7e09d5627904afe8acd8a30e98cf19ba6edd2f4d905dd9f38fd9116cf081c55f,-1,-1,-1,728576,-1,740352,749568
ba5d3d937dda45f9fe3c50ecdeddf41e76f1125737137fbdfa6c12f13d1ef860,-1,-1,-1,-1,626688,-1,765952
e22bcdd2cf39b718ece3fe328cfeea78fcab2a99b3a6805e16b644753ddc1687,-1,-1,292864,749568,749568,749568,749568
48a80bcb8b8988290ca626223208cbf5ec27330a7bbf2830225b0869e0466a56,-1,-1,146944,749568,749568,748032,722432
d0ad92b24f123af3c12f5f3937af6dabdc69fa3f95e8d973dcf16cdc5cf9719c,-1,-1,-1,516096,536576,-1,-1
60fe9d1af180e30c3a00ce8e1e35ed47e1ea6b8a10697cd7896f5dbad9f9feed,-1,-1,-1,471040,430080,765952,765952
c58f6be8255cde764bf5bc0782f4283aa1777351587501ebba5a127ea1e9b7c1,-1,-1,-1,-1,-1,-1,741376
843bf5ac228a760f7773c3d70496fc93ac49bc09ea5bab5cc0bc48a5209ced3e,232,4096,-1,512000,708608,757760,761856
3ee3733afa621705c16246884f3927193304fafc2d33552382a6b849155a59c2,-1,-1,-1,753664,753664,751104,749568
11fab51b299c50e9f21ed8746f6794bb71e903982faf02b61659a046ee841de5,-1,-1,-1,708608,-1,757760,737280
70b031e7bb66470a706d06655b4ad7fec20c966c4cf015e912882254cce7b0a4,-1,-1,274944,563200,746496,712192,691712
98cc6d527511531998da729eda9d39b24a6892e9dbd5c0e2a1ac688955088466,-1,4096,295424,556032,681472,754688,737280
6cc375f2bc8ca5090b8732800455964cb3d0625562b9519884799bcc909b7503,-1,-1,-1,-1,-1,-1,-1
a6e5765b7ca2bee2e2aa50d40372c89b3c2ea1570b4d5dfd44d6b22c7777b94b,-1,-1,281600,750592,746496,750592,750592
bb31b3465bbff11ceef5f70b3948a59377b93d9d86666cae4fa950e6b58e1f55,-1,-1,-1,741376,765952,655360,749568
c7bcbae43abdb76b9b302e2667a4eec5dd4ed96ecfca8063d9a8d94b6d8075bb,-1,-1,293304,750008,750008,750008,664504
5cd7dc8624ca85eb989be6dffaf6b5e8f0c50a913a1ffe6cd44c7a5f74aa45fa,-1,-1,-1,-1,681422,753102,716238
def0929d9210d670d4c45d96be822d70174dc0dbe28678f24f9ad602eb91cfe5,-1,-1,-1,360448,708608,720896,-1
59c8154432541a19af7d1cebf1320cfa93a36e9fb77afd3afccc84240ea6bb63,-1,-1,-1,726528,750080,-1,732672
57cc52f7dea8700929018796f9b16c8bf1fa51a9576ffcba992dd61c686caf04,-1,-1,-1,657408,653824,-1,-1
6f93d6718fc04055a150ad8ba15ca8ec835b9db9158c79780ce8349fedfa00c2,-1,-1,-1,708608,765952,765952,765952
89e3a74cc6e881148e21a7d724810b5746bbdadbd9a897b8f9733b4974dc2f4c,-1,-1,-1,565248,761856,765952,733184
6171a3a3e4fd6148014b046553a914a832c96b58887d0ee57e1caf19d748e272,-1,-1,295424,733184,754688,652288,754688
97d8e9ca44d806071f781cdee886a3753d0cabe865a3fbfc8cac8eea53877611,-1,-1,-1,724480,716800,743424,750080
a27f7fe4edaeb18b0e4dc0af5f09236532d3b26c08a19f3c6eb4b90a9ea193af,-1,-1,-1,888028,904412,904412,892124
0c313a88a42fc08198792a4662f4c841104aabef17b848c730e4fabd0eecdb1e,-1,-1,-1,750592,667648,623616,750592
61efa6c57b5b5c080a77ba620761bf1585f17847e233e81412eefaaec215ab3f,-1,-1,-1,750592,750592,750592,750592
3f8838df9bfc3943cf7923612bd875b9304520fce630064a1088d0a5be5216e3,-1,-1,-1,-1,738816,702464,700928
62df8163d7eda64252c5bcf6d45131d40b26cae6f160fbac41cbc9b976dfce95,-1,-1,-1,558594,722434,680962,652290
5a84629daf0691bb883afaa684f99da5bbdcef10f7a1bd3b48d354cbb42955e0,-1,-1,-1,-1,-1,-1,-1
326303f0eeaa6e767960d460659df22639f9bde4b0d2ea80181b3b58b37ded07,-1,-1,-1,747008,728576,660992,743936
349e28e482dc8ff86bfee2b9444b3d6eb4937cf5ec7479afaaef2fb47932aeb3,-1,-1,-1,-1,-1,-1,-1
7977adea78b01bb9292a5ac53b75aed94da777ccc6fcaaf983867f4d4f0d8915,-1,-1,295424,679936,751104,424960,665600
82e1277d5a355e1d0d8bcfd61f649a1d7556641c009f9d7e2f74c1e60b2f6b2e,-1,-1,292864,650240,749568,-1,677376
8804eb3416cba27954a4865ce4969a19904e8ae6b620d605f03a3077c14a1c71,-1,-1,-1,721408,671744,721408,734208
f44c19a69b9ced3d50921e8cbb4d3bfdd2cb8c26b6edb2209bc2ee9948cff36b,-1,-1,-1,704512,-1,765952,-1
0a43105ad7ae8a523bb5f29d665e61de410c2fc07f2e833363b6afa17d00b3b3,-1,-1,-1,724992,667648,708608,643072
f200530cee547b4e4ac5b9c2304a4c0804364943613cf7c812553faeef1657fd,-1,-1,293308,750012,750012,687548,729532
68c00e373d6aa401a090d0bec8d2ec46fddc0c0febebc07f9cf5fc70617bc9f7,-1,-1,-1,617472,750080,698368,750080
b5ef6ffcaa5072c2edc2e054931ddafa334ee2a71daf1e699d0e6a97c6bd0383,-1,-1,303104,765952,684032,712704,765952
d38578ad3cd820f3a4b1d0d4daf7a579bed95a989cc65852ba15a9357ed9999e,-1,-1,184320,663552,765952,765952,765952
5e82f9b86f2fd9706567d7cae701b188cbb43b9f74688f75215891f7d67cce8e,-1,-1,-1,761856,581632,765952,765952
b41639424d37e9dc81733227f66e8fcd7b51f7fa8c3d9a957b28392a6254d698,-1,-1,193024,750592,712704,709120,737792
1f02c71f5f406cda4b7207ea3f128f62d5bd514583bfdbb983c6251132abe797,-1,-1,-1,-1,-1,-1,-1
a924d3f6ef857f4a51f62832164ea7e430b979946e94645031f15625c14fde5f,-1,-1,276924,696764,750012,644028,667580
f81032522fa3e0409566cd8d342860c3e68150990322abafe268b37f1647d0a9,-1,-1,-1,765952,753664,753664,765952
49e5ca1e2697c1975922b424b3c3fbf4ba0d4399bd850871bbe784d283e52a3d,-1,-1,293312,709568,594368,425408,737728
da4fe40d3d15e4a29975c81a017402f401132ddbebe05cfcfc3c7cdcdc49e61e,-1,-1,-1,753664,742912,745472,753664
6243a67963927463d6074636d75c65b684dfe809bacfccd137fa2a2fc3deca87,-1,-1,-1,-1,-1,-1,-1
c35ef82af39087f9c650fa1e4562c4ed15de3001c54ad48468cdcb0a4b6f8f12,-1,-1,292864,748544,749568,749568,692224
f6d9b8e3cc794ea70ff3688c09e89b503e4db4a0810cc40bccbb261dda49cddd,128,4096,172032,126976,297984,0,-1
cf060d28c96a69937cdd05ec0d8e9ef3d538a556b9cee5c443ffe8ac02cbe851,-1,-1,-1,589824,757760,749568,733184
40b95d8bb0b25294128c06bf11afb7f7a78345e41bdec6ef5ced037f1191e838,-1,-1,293312,750016,750016,750016,750016
4a06930548cffbe2277e8c8b335c67296f5c02b98c1dc2d053eec0ac6977d212,-1,-1,-1,461312,701952,745984,744448
253c73a8976730e32c6f77a4853cc86d2437f7c1cfc7fc7d321703ebee647002,-1,-1,-1,753664,753664,753664,753664
aae2425f3e864531b5ba8e62d34e15a367227b9847c61f161f1fe80688bb796f,-1,-1,-1,465408,741376,727040,704512
c1da4da29aa86bb40e348d475de2bd8b2d1da297dec71b60f62f8191aea4c5c0,-1,-1,295424,720384,629760,500224,679936
08e5f72978c148bcff7208e3a7fe377ec6b3a3666596530fdee36a571773eae0,64,4096,294400,734720,707584,429056,753664
e9d8aaa6e57435a604e998d06498fe3ae11f52ea414da02b7df20b3a3dee9380,-1,-1,294912,655360,647168,733184,765952
7886101ec224b06c849e67a0c17e59b9de1db1350306782dc771171eccb54ebb,128,4096,280566,748022,728054,651766,751094
63153b6fb2b9c374641190030e109b6a9b19813157b0662573e7abd88045ef9b,-1,-1,-1,753102,753102,753102,753102
5326dc3819d6926d785221950bb9a6fc64bac1863bc5bf70ce7ac95fa1d3db77,-1,-1,292864,681984,745472,737280,703488
3267c2115249a990054b8235ca5912e9131c1879ed5ce02297c4e5e1b6b85b06,-1,-1,-1,438272,720896,712704,688128
34de799941c697ee6d359c12c48dbb22e830e05ceae18d93814227c6b3262e5f,-1,-1,-1,651264,-1,765952,-1
cedac6f5be6c6691f137117b3eaf376afa0dbfa6491bdd200ebd5a595a82bd32,-1,-1,290752,750016,750016,750016,746432
5d26572466682b374b1d3628fca9e266ab7cd1b5cb4cae59070de844c89db693,-1,-1,-1,-1,-1,733184,-1
4140a1be35f6f7b09aebc48630ca770b3901f1582d76be1edd6a9cf88e562f1c,-1,-1,-1,749568,602624,749568,749568
96e6bf8127fd676778447bae223fb3656e316a9007dedacf8ea3d3f1b44e9353,-1,-1,-1,-1,-1,-1,-1
f95deb67e5b33a13b438e5b0cc7976caa72d6a7f798ef111f74c377de88920c4,-1,-1,-1,563712,751104,-1,749568
2544b57d84b55d081e8f74a81fc47b6ea5901bf7cde57f45915f5ad99ffeb285,-1,-1,-1,389120,565248,749568,-1
e9febc9edb059d8ccc38c90beff9e38109249964ea4bbd24c8ad2cf1c8419ded,-1,-1,-1,747520,752128,752128,750080
3df666b7a038630ba2a6b262a202b36efabc4cde11525093f07594a62533d5e1,-1,-1,-1,675840,-1,-1,757760
97324338c771457a9c44d5b15a1b73c29c643c252d515bc0694d3189519ca518,-1,-1,289792,710656,722432,744448,694272
fa89930286814890e8ac02e4b487108b6e1c9c2790764cb36b28d40d78ee3c8d,-1,-1,294912,748032,744960,748032,614912
bc5cfb40e74d3c98b4cdcd14834c11b34307338a830a16f52b3c2df836fde13c,-1,-1,292864,715776,678912,705536,743936
913b84e2c270ac0ccb5e894fdc2590b8bfdff8b89ca0ee47cf54147741e5b0c0,-1,-1,299008,696320,688128,761856,733184
a09925bb091f958be5e59cf968502d80532f9ad299622c45133a4209142cefb2,-1,-1,-1,749568,745472,462848,745472
e7a3093e413a24daf03e1a1b6ebe2a9c9bf3dbdc7ca6a97acc501cc1206820fe,-1,-1,292864,750080,425472,504320,747008
04d875e21bccdf2330a0324fadc3b2dd25838705cdf0db6425bee6c22af0c137,-1,-1,292864,750080,750080,578048,750080
49226ca6484a2eb1821d445ece8aa66256794dba86ae03538ccaea5897fcc509,-1,-1,-1,712704,757760,741376,684032
684050fa5e06e7f31811967985c0e74edd72f8c1c475af084c768d836b5bdf6a,-1,-1,-1,602112,753664,716800,655360
514ade2002530c721b934ee2af6ea9198802bcdfba7d63c3d64619dc74eae354,-1,-1,-1,562688,563200,365056,285184
3b4f36ca7d46780ac508f00be7fb5154586c67c078cd3e6c695bb3d29570a421,-1,-1,287680,746432,750016,750016,694720
373fde2af093276b15a69eaa1f4a44b2b5c5e99928d23a8a162b64de4ba01b34,-1,-1,-1,482816,642048,-1,750592
5f18324d12552d5cda248dc3c6d88a9cd315834228a88af03d6984bbf3919ec6,-1,-1,-1,693248,703488,754688,754688
a2678aef55247a25c72a3eb6d7aaa48f6817e80a9ebb8338f6b33e0f4d890336,-1,4096,224256,728576,697344,751104,204288
7f49a48ca80b46bc63bb62fa3a283300803cc14ea98e01be4990f0c009c96644,-1,-1,274432,617984,747520,462336,734208
4db8ac7cd7b3c035337b2b0efd17223eace1f96d7c3c07c43d717d863b5e2fea,128,4096,289280,754176,754176,754176,754176
18e0cbc785d4f0b1542389767070fb95778359805eb87fc1eb5cf9090596b1b8,-1,-1,293312,750016,750016,750016,750016
c526b30ac456da65d2291ef6822c27db8179c17b0b0c071ab5bffb2088e369ea,-1,-1,-1,749056,747008,749568,749568
a7e1c9038fdaae3ec016d67138fa65302710ba792e43b88c86f0f3c88f8cd6b6,-1,-1,-1,-1,-1,-1,-1
51a34e5a77c881f21ee3b9a106e1e70657f51fb5ad1750f8d12ffabd5080e40e,-1,-1,-1,-1,749568,680960,749568
928f43cc3c15b1835ccb989f92b2e6f0b60cb826c75a26b0640932c882affdfb,-1,-1,-1,483328,729088,430080,663552
14bec2a6b94d7c8b537847e579d1e6ea4e2bda18a19f7a7cb464d96a00175fae,-1,-1,-1,688128,741376,-1,704512
df1edcceee4d83f1740b154f6c78f155807395d8b77b4e7b8d52326652c0318e,-1,-1,292864,717312,496640,724992,665600
e30eb26dd9a23e211d8ec5008059f6b39ba9c91df74601b141929c090cdb9e81,-1,-1,249856,548864,528384,757760,729088
caf9de21fa7d6c40881c3a38a2ec4be9e6fd90084ce3bd7c111870838bc07d09,-1,-1,-1,726528,677888,749568,749568
2f73f9e2339863ad35abe846c877f82015d9ff65dc527d8afe0ea06f72381063,-1,-1,294912,765952,749568,765952,741376
3c74e7393a12f81f3f63eb6f311dd1af852955f416532edb315d9aa09a2b39eb,-1,-1,-1,-1,-1,-1,-1
49ac6f6c0a94d26fadc85f1b2bfa79e024098a81d73774f835812e024b47cbf6,128,4096,295424,683008,754688,605184,752128
ba3a77c8221ad035fcb06afa61338c7bd1056ef36f9f22a8ac4574e9eb931ddd,184,4096,256000,662016,719360,749568,622592
629f52b7b70d1a314056fbb2ef1c71e061cdb91e110aaef806836dfc5db9fb7a,256,4096,-1,539136,750592,747008,1024
dcf69b9a0399e249285586e36bd6546458ca40413b46a6dcdd02ac2fe10ce9e3,128,-1,249344,747520,687104,632832,655360
2b0b552b24de7227b886fcd95645d439b792e9549c9d2a1bd5c13787a258818e,-1,-1,289280,649728,731648,734208,672256
3dcd449206b24558d22f96a8372af1dfaa9d94db56580168acee3d043113918b,-1,-1,287680,744384,746432,690112,704448
dfbc3ae9f3033b0bdf2027d2d41c612f5a4dbff6e529f026e262d431a68a07ed,-1,-1,-1,720896,667648,749568,700416
33898c7bb639052d857ba2837f0ea5218a06b5497fefe18bd97831055d76b0ac,-1,-1,-1,750592,750592,672768,746496
0d2383573f2afd632d9067a43565380e637c3ed6c10025c9dfe4f494f80bbe15,-1,-1,285120,646592,750016,750016,681408
7a62fe3ab268164e200a15beb2303dd4b4470be59d710bb263eb7ba0f301fc0d,-1,-1,293312,748480,750016,684992,740800
ea8e1b62c42a59724db7d20662d90e4185cd55ad143731797f9d819561478164,-1,-1,246784,746496,637440,624128,749568
45d4b13748577e6abe07dfe061a810254fb6fe9967036d9fad83ac1667357e83,-1,-1,-1,765952,765952,765952,729088
06ba1de83e0b89c3396d5856937bef9c80a8e4d605ec152177877480f1c2f2d6,-1,-1,-1,761856,765952,589824,749568
87015811da10d2f88e71ddfe576629bf58d8744bc6f4e7426b111c179c988104,-1,-1,292864,750080,750080,572416,750080
f312e20250eb56e6afb87dcf4fc5a63d1e59682d1c1a11d7cfbbbde202ab5983,-1,-1,-1,-1,-1,-1,-1
591690826744d823ca9cb31a66fd0b692206994b02d849258844be236d27069a,128,4096,236544,721920,664576,618496,754176
46cd9f25f187967efd31b21542eca9b82f1489346405d538d90685efafd4fb7e,-1,-1,303104,696320,565248,-1,675840
299d8750da494f1798b8b25457b29b919b4014237c7bd2b8ee54e1f28e14c68d,-1,-1,303104,733184,733184,462848,716800
7a01488dff59e86e14b260a570358822a4bd132c822e881f65248f5f5a845bfa,-1,-1,303104,700416,692224,667648,724992
96c34a777d5df88713273d205aa1de0e13e1250862e7fcde6e2452ab3756acee,-1,-1,-1,753664,765952,753664,724992
a59725871c1d5478f0db4ab2623ba929129511a8576ab838faf36fae582ad62d,-1,-1,-1,761856,462848,753664,765952
6aa4b56f48c1b9e417d12f837d063f8c2cff2c4c68b8798597e409d88a0de96e,-1,-1,-1,748992,682944,750016,750016
cbf136607f1fde4e2cf84bfe35976d7f5314d1181d62d66af4db15934dc313ed,-1,-1,-1,-1,765952,614400,659456
cdf445fac8e439c838306e618553b357706bf6ce4b9725272048872740e7a069,256,-1,258048,591360,-1,-1,479744
e0d5c808a855738c43009108c2703197a0c9fa3169b6871ea7b48d7db49cf805,216,-1,289792,675328,750080,750080,750080
59ca2b314d4f2857172800596b0eefa53d5811241c21e2b3d9245fca8272aaa1,-1,-1,-1,737280,438272,405504,757760
23c44ec7cf5bb4ebf55270180619932bc87962e8ddbe1e0f74991e396027865f,-1,-1,303104,524288,765952,462848,765952
d0cbdc3bbd10678ad0ce7eaa74f40fb0489c5e1601eeee016380436676ab4a4e,272,4096,102400,499712,684032,303104,0
8c46ba69dcea769c2cdc58dae0179cef8a69ba4a5bbec547c4d690a67dc29d6e,-1,-1,-1,753664,-1,765952,712704
736ecf317658d773cf70a8c84c245f82daf75a1761fd827b4cc5f47087183c9a,-1,-1,-1,663552,704512,716800,757760
15154e8b76182b62906d7731235f4949b257d1f3fc6602d6d25b3ee818a24365,-1,-1,-1,438272,741376,720896,-1
69a38d5f962986061abb02f3ae52b38ab8c6e2d84ecf6b9519bcf77736572b77,232,4096,303104,753664,765952,339968,667648
1bbde055d87f3f7746a7a1c285f650ce310edd07de07946f6febef14f7efd66f,-1,-1,-1,578560,621056,750592,736256
c922de4d13379cffcc18153fb4fe9c494e1d3d5d10f5c2e79764228384d93676,-1,-1,-1,671232,735232,675840,660480
9f5142af72fb849be7746f92772efe72522e0c3462625c6457d6a3fab97a0823,-1,-1,-1,737792,744960,744960,643072
0cb444d2782c9b496a73e5fac9ff92778670c38939ac7d29acc9bf19826b5f14,-1,-1,289792,715776,754688,668160,673792
19d5dd83d95d761433fa60d7e9fd733c71d46f77ba76ed2f9e2d0b0dde22ffc4,-1,-1,-1,765952,733184,761856,724992
d71608554d0d471171a479108c60419902b1d8425ce21c610180b0d387c382a2,-1,-1,-1,-1,-1,-1,-1
a6e96afb9fddfbd9c69f70e22230c83ca7876e3d6ed03b8546c800ec007fb07f,-1,-1,-1,589824,683008,572416,750080
eb7a8439d7765ec4b0ec52eb13fd8fd8fd25de55aa2d80018e8561c830486434,-1,-1,273408,749568,749568,731136,749568
14f554ef06a7a6e7f94ac37ebe95a28e4b7a537bb3e9b2d0c299f6a623ee1176,-1,-1,293312,701888,611264,742336,627648
0239777d35db8803e187cda8ffb6a5787698187a8c7466a3890124d1ac563bae,240,4096,290816,122880,126976,188928,2048
30fad286297478ffd8d7e26574351b63fa6a433cc018eab1a66921d25ca93e33,-1,-1,-1,624128,693248,424960,749568
22539fb0ed57f548fe0a088158dbfea8eb06dbafaeb1b6e3f223ecad842cb1d1,-1,-1,292864,737792,696832,-1,749568
1691f62da76c50f0f684afa24dfb94d44dc770df5a4d306537522a9da7609f66,-1,-1,-1,745472,757760,573440,765952
4b801902ff06ded4e74bfeca347db3fa55e8b0d2342dfa9e9690690019b4f195,-1,-1,303104,479232,737280,761856,765952
72628e9d24745681b254c628ddef80d4850a1bec202088c539aecffd62623ae9,-1,-1,-1,711680,701952,750080,751104
4760b8c35ed21e6d4fc4f00e7e139b486c017cd15a40fab8e47dc0ae97ce8792,-1,-1,-1,753664,491008,751104,753664
eaa9e26afafe0464596725c17416b6e1a78a6385aaec752b69877ce65b247455,-1,-1,293308,750012,750012,680892,750012
cc86663d7a767ba81fe334c6600c1bec984f67bb8b127d75850c632ea80c0cab,-1,-1,-1,680960,717312,693248,739328
7a55a5ac3ffcaf9c1edb2faa54dc2c804b0db98707437652331a998c44863997,-1,-1,-1,712704,712704,765952,-1
70a04a74ccf564e03575b8149cd3b5cd4b26630406cb738c829f0d9920da69b5,256,4096,290515,579795,642259,747731,707795
14f829ee190ace8eb50747db9d3f748429add322d6d12c123904d34edf988bcd,-1,-1,293312,701376,750016,742336,457152
ad3b84a78684ba0560ca86aaccd5cab7e23755c82aeb31eb2beba0cc568fe243,-1,-1,-1,733184,700416,733184,757760
79589f9433cc0f6bab8322ded74c41073ebee7537700b2a321c07d9e0a692a07,-1,-1,293312,750016,750016,533440,699840
a8b1c4c43d9d1faec523322250952ad65628b6baacb2947a053c74b0f4fe4f57,-1,-1,285184,749568,749568,745984,745984
02d984bb402b8e4c4e0b56f0aa59d3291bb10cb05f557239a2fd11f47c592098,-1,-1,293312,750016,623552,748992,711616
7cf9a5ea6df0c35a976de2d09ff6dac18150175fd0c6d0bb4a988482c319c3e2,224,-1,246786,516610,750594,750594,656898
028127f3ae6e3af6369de95ca2087208b55e2ed6009e7c12e7d62a8ce84de35d,-1,-1,-1,460800,509440,753664,753664
b4fd58c9289d867681cb1f9d106f335a6b0cefe3bd0b06dcb8ba44827f5d7c18,-1,-1,-1,753664,729088,753664,742912
fa56c35a64d7fe90b288673aad1e9dd3604da06540e9966055858c38f2fb8cdf,-1,-1,-1,-1,749056,666112,687104
faea4d53abfb05e4c17717991dfdac96f27bc8cf7e50d45aad7831054c5046f8,248,4096,200704,700416,692224,503808,712704
f9ae0a22de05da90443adb43ab37e7e0e06a0ee4bdde2a85e0f225e77f1472bc,-1,-1,-1,723456,717824,750592,675328
7eda2f6a9eca3d8e0f8e90d06e363bdac1948f5dfb439d519f1f7a2d3fb02af6,-1,-1,293312,750016,750016,737728,750016
2a694cf791e8c7d939cabccd89a10b5d0b77acc78a6c6586d3f281c6222f65bc,-1,-1,-1,-1,-1,722432,716800
56ce7bcb54f4113b1cd22f532f7b9eb2749aae52f4d537c359a48b64cd29227b,-1,-1,-1,750592,-1,750592,750592
b59ca61715ae382b4fd2afbb1721a6ddc2dde3045257d667cfa5dd0553271ccd,-1,-1,-1,483328,-1,704512,-1
311295c61390dcab580b10297810dd8c2794d4c447a80e6a45082d2538abe0cb,-1,-1,184320,647168,733184,626688,761856
e8cab6a54d2054c67f8036e0306d8db67a9e649e1891a320afdbcd465f3b1702,-1,-1,-1,-1,-1,-1,-1
33d965ae64340afab44fda3ad48bed4268a4f095d3890eaa38feccb10ffabc7e,-1,-1,-1,765952,688128,761856,692224
153bb126f5a60c38c6e1697a87f7b28a0f0ab2f17df5b2666131bbf5e94cf767,-1,-1,-1,749568,757760,679936,724992
14fc78b2f29bc52ac0dcd55cfb19a4fe52682ae1872e80f0c407ba0bea921d38,-1,-1,-1,753664,723968,460800,749568
0a2802bdab02c1e3ec51008b3d07eb5822293a97b7dc2517f43f881557de2333,-1,-1,-1,741376,700416,462848,753664
df5dc8a8eb79df0b63227161494bf40c15717a03aa611606d63aaad629927e04,-1,-1,295424,748544,753152,738304,753152
96ed224254e0e3e0e556311727790df249bf128ba31662fed787d90b3243847e,288,4096,292864,169984,371712,117760,2560
1a6937075187e015f8c6e1917b2d32fd6908229e1e8e0d879f688a0e5b0649fe,-1,-1,291328,630272,734720,722432,640512
60afdcf2b48a8da4f73f00b7fa497604428d077efadbadc5d3285244c36b38c4,-1,-1,287680,746432,457152,744896,715712
88c0458e9cf0e072f131ef5b233d093a25fdc653fc8dedc0463c2927ea884f20,-1,-1,292864,617472,298496,750080,667136
ad777a81f9d8390440ff683f1a4d979dcc602294ce8c8253a34a8fd7dfa94627,-1,4096,115200,745472,751104,673792,558592
2b88491eec37c6135d448fbf7221c4ce98fef7b6d42f084ee7f885ff137ebdad,-1,-1,-1,749568,641024,679936,749568
eb6a55093d6e1bc26897f5cc1bc9b958a86fc218d958108dd143ff6a727d617f,-1,-1,172032,750592,750592,750592,746496
8aa7cfad82ec013080bf4f4af1fa3a14f98f32045722143037b9531bee8a4574,-1,-1,292864,729088,705024,656896,635904
4d1df2d86cd4082277eaa5b7fbc1fec2c262c3ffb6fd58a56951f8fd18f475cb,128,4096,273408,671232,253952,699392,724992
fbfdb35b419932c90f4dfb7434eb346f3afc7738fc3ed67d38934729d4b37bd2,-1,-1,299008,479232,606208,376832,692224
00110e655b2fe6a8dc95c6f078ab724b5b419272e57c13445becf38a324c9a5e,-1,-1,-1,-1,-1,723918,720846
de1adad6e2e614f1039a5b9c810f88f42f1eeb194514d0db9c4c694158dbf721,-1,-1,-1,404992,644096,-1,746496
4e2ebc989ae1cf87b91f3f769071e01a1b28fd11f94a564359072ab84a486016,272,4096,249856,741376,724480,628736,740864
01d8cdad695b24798ca3e5051ce8b13fe3d3a2d61b7aef05ad6c1eef032fafa6,-1,-1,-1,726402,759170,763266,677250
0586a46fb979b19575fd747a5337ea7c266da0a54a61172a4d383aa4b913b4f5,-1,-1,-1,-1,-1,-1,-1
cc79266e60cebb01507c82ce0fb6e59c697ecf612be54e2041f56342e94741bd,-1,-1,-1,-1,-1,-1,-1
1a885566e4c43d890c18ece6c98628809af0823fcea32e1a0f41f861720fd4c8,-1,-1,-1,-1,749568,741376,749568
fb9155ba0eec1d8dbabc4f83b4c67ec7c79517b35e200ed4d595e46318c55d00,128,-1,149504,654848,474624,754688,719872
fbe3a44eb13a78147611c4166a5ea6b2d8fd6fd46b7fa5459b675a83c67fb1c0,-1,-1,-1,-1,713216,632320,734720
189dceacadff50e261e3e8ee142e9c2dd35349dfe4c76bf8733a56fd26173a06,-1,-1,-1,-1,737280,729088,667648
acf28e4a45d68f899f9b8d5874f5d1fbaa2d3d1eb690dcf8f0fd3f5c064a66db,-1,-1,-1,737280,-1,733184,765952
4811969e70f629541028edebfc24adc3716a43c3adb71ca44712b61e7bd4e109,-1,-1,-1,720896,750592,651264,750592
a8153d91adf1538f143d84a7ea83dc30776a134a728fa7b193344127ef70b0ee,-1,-1,-1,747008,722944,750080,711168
2b56ca28638116c2ac11e9f0a9d37a51292a20858a331c8f0d6948e5f4255926,-1,-1,293308,741308,750012,729532,750012
f4949e5133d450446c2a97605f543c2b50b3b8c696008d74298bd71b6665c01d,-1,-1,-1,-1,-1,-1,-1
5751a8f1fde1bb273b93c41b5b9840eb4c0b98e16c03ea1b24361ecf02d982dc,-1,-1,287232,595968,744960,546816,743936
2bc5cd8072e3fa86f92c9165df289ff7591676b5b13085ce6c2f02c8a9fb5597,-1,-1,193024,574976,749568,749568,749568
5e98928143fe7af794a4b6a55be1435dec505a51157d23c82ed54419d350e140,-1,-1,-1,696320,765952,724992,745472
555e5051ed45586bd3ede0d11a17b1bb6cb8b3ee3234ce16d7c271f03307d062,256,4096,32768,176128,462848,0,0
f1be3b372a19dc3582905eecc9800fc21eff0630e8558f8fd5fae2ba44c157e5,-1,-1,-1,-1,-1,-1,-1
f5f3200e1dee29085bc0c4dcacc5c787a6ea43e6a973456a0ee121514f011a99,-1,-1,295424,430080,476160,658432,749056
152121ca5510e1c06696615ed5e4b78880113622ca9b63a0c7c9083f2e9cd762,-1,-1,299008,753664,745472,765952,344064
77166679ae92e436888ca88f1a0a0e621560e9d6179569318e1f0e0938be8d6b,-1,-1,292864,701440,749568,738816,747008
e43d30b88d8164a13df7fe5dac6ef623ce811ae3c621171737e889cc6b9d914b,-1,-1,-1,-1,-1,-1,-1
ce07524727c75ec028f2d8f7923a9361566f5ab56cfe46803cbd352087befec0,-1,-1,-1,-1,-1,-1,704512
4696ab3a124d6a7872125bfbee6e92caf708887cbd5014edb3296a9fb1bf0c57,-1,-1,-1,651264,512000,-1,765952
550f1aa285ab410242b0b8918e6e58e9ae5b9efa94bf25be08d3271ac0b7d776,-1,-1,-1,-1,-1,-1,-1
e9e0e31ca713d6e5ef48f77cc55ef1dcd724f776e66f14b001e2d06509a83fa2,-1,-1,-1,757760,765952,733184,765952
1bd7f08fd3bfdf10aa8b9027b5d2de113882cc66d0f6f3507be6e8eef07ff5f7,-1,-1,-1,-1,-1,738304,719872
ba649ced6da2f3ca7fd00c5df2c1b7ae0f2efc1f9c762d5ca342d01e4296d65d,-1,-1,-1,471040,-1,684032,733184
969ab06bd8d516ac4fa379814898a23cf5f13b132246c39a4e7e861137266f41,-1,-1,293312,656832,668608,748480,750016
97a242420fe32472585f35ad8216567292c18cab8c7ff7e2ad98b085a2a8368a,-1,-1,-1,685568,749568,749568,734720
7623ed550396bf8e08bc9f61135fb99547cc0ac0e0b15946251ff3e62a6e4529,-1,-1,-1,-1,761856,700416,-1
7bfbf2d8a6868ebd3d17150b7f142d691d616a6c1238c76bd4fe3703d4acd061,-1,-1,-1,-1,765952,753664,753664
8566b099c4fa70a2cfa1f37ea66e6fd5d87d4ea5173a8b5a38a92b8b10c688b5,-1,-1,-1,675840,565248,765952,761856
0dd6d1aa16824dde08b8f75f0790c8cd8005b155a6927585db7da03ac172e0b0,-1,-1,292864,708608,714752,749568,742400
9ed070682a596b5a7ac71c100556ee915641085c53b0162ab96ce2f00ed344fd,-1,-1,-1,750080,728576,737792,745984
b16238d3b4d4f1cb103605b47623e4d22d783176edd4f66a1c9d618894ce308e,-1,-1,303104,765952,765952,716800,737280
a066a7745b5d897ef2bbfcb66727879cc7afbb8f643d37bb9832f80640143270,-1,-1,-1,765952,733184,765952,638976
5fbdf96e7942f3fe5417dd88bd7b359879feeaec94e9a35b760e8118cb1ff776,-1,-1,-1,749568,749568,-1,723968
adf0335d79a377a687b2d45708184e683d181c8ffd916d62487b2f24b92c710c,-1,-1,-1,707205,565893,723077,749701
56059054112c675ab42d6969f3055a347bd0c3b5c4e7d3ddcc6993fcfa384751,-1,-1,303104,749568,708608,724992,765952
5c00105758cdb31cc99f9c23b1c67db586f21972abb7ec20f6778e7ceed3b23e,-1,-1,277504,657408,731136,747008,745472
81c9b68ada415ed043111ccd6e8960d3ce1e71183a6210fff636e355e97464bd,-1,-1,-1,749568,749568,687616,749568
f3e2b211f0e99b14006ac0911effac6418dae4969c2f174d444dded41818a949,-1,-1,277504,739840,631808,683008,749568
83d9d335b7c0b4682199df9e56440b4077fde194634fc8a0e6e5faad3fc634d0,-1,-1,-1,716800,765952,765952,757760
d6fd2968cd00bebc69e3684c7385357927e0c27da4eaf2f1308fba3f169aa656,-1,-1,292864,749568,749568,647168,749568
a579317669b07b81777fdf5b96143e9a2c429c04574646b7b5bcf01e3d185e1f,-1,-1,-1,-1,752128,719360,656896
9a3ccbf49eaf73763eecb8bfc33bf87c8d36acc5228a977353b52f4b07e9fc71,-1,-1,295424,754688,754688,743936,686592
87960d573a3745ea84faaae2b3925fb5abd13873b4196132250170322fb4a1ad,-1,-1,-1,-1,-1,-1,761856
b7242744609702631d9166c26a609cb65898cd867bd284482c0b6ec8ab94a927,-1,-1,-1,-1,-1,-1,-1
c7bb003f9f5079337abf46ee4978c5294ff65a22bcb15fb5c3496588d687e5b5,-1,-1,292864,749568,716288,701952,676864
fe0f544ca1b7e4e6b6503ca1625564ced2f352de71103d0cb2e4ceab019cefec,-1,-1,274432,753664,462848,720896,761856
ecdab0d6f9a0baeea9501ba19491d9b9644a8cf48398bfaf8914686b96803377,-1,-1,-1,-1,-1,-1,-1
506af9969a25e90145d6f3377c864b2d6a1e60dac0c2aedb0adc8ddc185a936b,-1,4096,293750,606070,747894,753014,753014
66d030c708e3904cfe771416349395512710b4f7c91f0ad45cc83db18c516be2,-1,-1,292864,749568,749568,623616,693760
d8535121c4294b1e2eb51a6c23f2bcb947bc346cad6ca28ea6045c674ab2b4bf,-1,-1,-1,692224,733184,696320,745472
3c21eaa984ad89805593ba5e4f5ab9c592a1cdf6494bc235689f4ec1f0b88551,-1,-1,-1,737280,765952,716800,696320
1002ec164e427ff2c51b852359a2547b9e457d621bd821097e4bc243c1cd24a6,-1,-1,-1,512000,765952,753664,737280
92ab4a09b97a966241c2dd47185fc290888a1a16febc167d75f196a5f7812c5e,-1,-1,-1,739840,628736,750080,747520
07c05d6507fa202526cdacd3a08aa9b5b08016f445fe67154f4389e34d97716d,-1,-1,293312,750016,709568,724928,704960
1e37b73732d8e3e4169cc834a0dd4288c5c6bf7a485a865c00ab8ba4ba4c7ca7,-1,-1,-1,507904,741376,667648,761856
17ab2814123c721f1c0d599fb920a90fe4c90ce6753337cfda78e4884fcd02c4,-1,-1,-1,498176,750592,750592,748032
657b0291e1c003572d0bf05f63607fc4555adce22d86cd903e17497e2d2948b4,-1,-1,292864,659968,745472,698880,738816
e0dd29318513dc5475537dadb5da5769d2aef302048b7ad6a8c0d3dcb245bdef,-1,-1,-1,753102,700366,753102,698318
0f058f69ed2abb320a3381f25a0cf1e61031398f8bf4735c2b34a8e71d282a6d,-1,-1,252864,629184,709568,603072,656320
4bd779d12436b61d94ea46a1afdb8b42ff7ce9c6113cf7edbf3ddb1c0ddf8586,-1,-1,-1,-1,750592,750592,750592
9d72b692eb5720f8d73f1cf9208b5798b375668f9e717a606f6b5310f1ccb344,-1,-1,-1,696320,651264,692224,745472
367c5f68897c6ae39596a3ff922e97545c9e09e2cfb42287df04e9322ee406f1,-1,-1,-1,719872,636928,740864,736768
637ca80c46bc004c461493fa7d0c0454e7cb77324b3ab0009cd1da4d9d9049ce,-1,-1,-1,-1,-1,-1,-1
7225a098752c5a3adc810ee3280adb0078f552eaf6831fc58e7dd463e90768d9,-1,-1,-1,-1,-1,-1,-1
1cd89b476ed54afec8f8c07b146c941fffa5c31c2b9f62b92f9a45d183d194a7,-1,-1,299008,-1,471040,765952,720896
b9fcaf92aaa4bf7e9bb0b2e2fe7839314ef5b2073d15648458d4bdbcee089541,-1,-1,-1,-1,749568,-1,735232
e3a0f1e6949b4bfaa24c45f3656013b5757894c0d006fb1a91319ebfe370ed67,-1,-1,-1,-1,750592,750592,-1
c15fd3539b8c28c82f210f478f96387774e7f130f69158da986f96a4d7cbe0e5,-1,-1,286720,610304,692224,757760,757760
6d700cffa2a908822cb4b846e9b4da974354751f8a1bf8a0d6f241ef6795dd25,-1,-1,-1,733184,704512,647168,651264
bfc8158f40745bc814f775e35f1a247f46e7d17143fef36a5a328cd997cae767,-1,-1,292864,750592,740864,704000,750592
78fbff9f2cb9b0d12778759a43e9a34967b23e8c1afc78f8aec002d8ae093190,-1,-1,-1,-1,738437,727685,742533
11f37c5a73418f1f2f68327a2224e685a0bfe5ef9d6f4ad0ef27e28c22376416,-1,-1,-1,650752,750592,748544,688640
92a46ddff12f0e83b39b90625730bb34af8d655d6288fc19a910e1f7e9eb150f,-1,-1,-1,749568,634880,765952,704512
d5a700f95f6d077d33603f603e027c04db7be5d93f3458b5375a1c299e311505,-1,-1,279552,666624,687104,723456,666624
c66192e8602b917da95cf622458bdf0a3ba474b287e75754ba45c635e8d5995b,128,-1,270336,479232,663552,753664,679936
66fb533ed290db4e2be5397643181ae1b8718468d7ae5dcb3d1e4970d4a3894c,-1,-1,292288,709568,750016,732608,738240
8df713af331cd96c31a4e27fb7feb89e570546b025788fa4835bb1ed1fdd8eba,-1,-1,-1,749568,749568,705536,749568
0fcf8e7e6d007a9406c6feef62707927dc7bec25e7070a2cf5901bfe1f36766c,-1,-1,-1,749568,749568,749568,749568
33921a916bb2363364064bbb441e0b1db09b542ab822b2e4bc4637184c96abd1,-1,-1,294912,744448,660480,627712,676864
53f00d331c07c2f6b9d56c1dab424dd00c04dd7f5c5149afaa70f821858d0154,-1,-1,-1,-1,-1,-1,-1
46f65602047d4d9284a4bc3eb6e07ffc524db82b840a02ae66f4d1f9746e2363,-1,-1,281024,750016,625088,750016,750016
d229309b760b1ce29c8abdaf6ad1cacccdba1066345c9588fe231763f84dac5b,-1,-1,303104,-1,745472,765952,655360
cf3ef9a9f532bc2b62affcc21007c0737a27dea616da8ae9f46b74c840c37c30,-1,-1,303104,733184,765952,700416,761856
51672aa207c0593d3b6e61fd39ca96b72a1effac031ab975653cad2a77f68589,-1,-1,-1,666624,750080,-1,750080
90b051e452d820aa1a2580e3a5247fb3825c1b8e19c21b52bbb6b5c3e725cb83,-1,-1,-1,750592,750592,683008,750592
145c0255ee2f13e5222558b13d9e5bdbe586b45dc50b60863c40d64547cfb38a,-1,-1,-1,745472,651264,708608,765952
d521888e657bc5889aca433e4832a07d30d0a8532c3d896c98cf036e81a8d188,-1,-1,-1,-1,-1,-1,-1
b1786c89df6beac121a0d1049a74877335d04c33fc93b42df118836fd5895447,-1,-1,276992,685568,675328,501248,749568
080c65e03d22029c4bf5b6519c38048731467ea38ada2f89ed678c9646573b26,-1,-1,274941,598525,766461,692733,758269
7f01fe58dd2fd13f7a38a9f5096055eb0793c8df09ce3d9dd6d8eefd355de171,-1,-1,-1,748544,750592,750592,630784
15de4041bf22b9202ce4404263612e0ebd2ba1186e002b4c00c20a550543b4e8,-1,-1,291264,750016,750016,743360,730048
81091afea9eb75a7bec18191a036392d747fd5fffab3cc5785b4b89af6ba3c2a,-1,-1,303104,757760,729088,675840,745472
2e58918c4976101563e71b376222dcee67f7a1f48bffe377d685be2ded9f7846,-1,-1,277952,628160,750016,750016,750016
9057dc6ef80d0a89a9b69e95e1b29e9a47f1c2c363fd669e59086b13dfe38cae,200,4096,286720,765952,712704,765952,765952
747bf8c8294c253774e34081c6301ac8576c7bccc9944c9b7c26d63cf049fe1a,-1,-1,257536,730624,669184,682496,745472
ef95b619ee0827f53a577a06f1647a0ae12741fad1948a3c31fbf94eb86e4b83,-1,-1,292864,424960,749568,720384,521728
fd5b8c9b838305cad5ca0e5bdeb20fedf564f6a17bee9b24bdeaa81c687b53f0,-1,-1,-1,765952,-1,430080,-1
d33bad8192a60652627716768b230c8aefacf642bbd99047b89cc73ae742b078,-1,-1,-1,-1,-1,717824,713216
5f2bd6326c480fbcc083f1646e27d62ab43c2c0070933954d0b8dc2115eeaedb,-1,-1,-1,528384,749568,757760,765952
1d04ff7c71872007f49b26e640b86d9c82860b3c3ad8fd8be4f4c369fa3bef06,-1,-1,305946,559898,719642,707354,-1
82903671f549786f3e8ba652919c67ed07005a6d0c889630db313e2be1dd4d46,-1,-1,-1,-1,430592,-1,749568
daedd097bff5100829b7200fcbc01c459acceab3629719984840abbeaf72bbac,-1,-1,294912,667648,626688,700416,712704
13944e3224a3f8acf38dd2c6c9b63e56aa3874d7cec130a4e6a1ffb17d2dd5cc,-1,-1,292864,640000,741888,672256,747008
b1b2e432d06f12fa27fb8c0ae3a6de277e2cf1ae9213a557b682f1329a8af556,-1,-1,293312,750016,746432,725952,750016
0eea2a578031877265c959b38838d7c53f61804cba5961e381ecd6ea244c73b9,-1,-1,-1,675328,750080,677888,750080
748a6b02ed6c8e57446fe4bbf870f4e1812a97bd1763368a1fc1b91e46df656f,-1,-1,292864,742400,614400,750592,746496
d668fcfccad25efb5bdeb450c1828594926c4dfa25615dc9b74d8508ef93c0e3,-1,-1,274432,750080,431104,735744,704000
8cedc0cee072fa3ea220aaba5e7ab4189ac3c0dda00d60d27b66f37ded777c78,-1,-1,-1,663552,644608,750080,727040
a3dc721a119a10425f97998b7c7bf4a05d7a13e9972cdc89e7519c5ba3b28d40,-1,-1,293312,642496,750016,744384,603072
cf9824fc86002f845e052e05a5d05ecab6ac3d900b94b5a295bbef368ebf8cd0,-1,-1,-1,-1,710144,-1,749568
121200e6b08dd360d4f3ee40784059b35cc21d81f74ced1a1fea1dac0d3d07cb,-1,-1,184320,733184,614400,684032,757760
7410ad04aa44be3e972cacf7bd7dec0b01c04bc02507cbfc079868fc94a03131,-1,-1,-1,589020,797916,703708,888028
c0857b407327c3acbf01ddae78763b8820646f5b12fafc4372ed939fefaabc8d,-1,-1,293312,672704,664512,734144,644544
23869493ea049519f0e3c81aa0794775403a21f0d84535cb21ef4f8b0cfd5c74,-1,-1,233472,487424,679936,634880,757760
5db1d1e0de753920dd51654bbc4cf0344a696db5d1e5b7858fd22f6a2515de24,-1,-1,-1,757760,745472,757760,757760
c272e4c662da8c58a5cfe8b9ecb9adeb3597c0057d85a663de699b5f878082e8,-1,-1,-1,610816,750592,750592,750592
b695fca13cf186c98bc272cb3c2b4ef6751699ce865a6c4c69b38fa6c2247321,-1,-1,266240,753664,729088,716800,761856
46469d6ae23eba936ea4bf645784569d78526afce95e87fd716e45c38834825b,-1,-1,-1,-1,-1,-1,-1
7416db7add2afdb7f0655fce64048ed47e8b88562d7d96061f2ecb3933320137,-1,-1,-1,614400,663552,565248,761856
d89a9509412ab672e844e04213dd96cc9f1617c16e26a0057ec8815f3a604739,-1,-1,-1,694272,748032,709632,750592
c84f70008132e1e71ddce3eb8e22ebbe3c1316ff606cd9d21b3ce3c0a0ade70e,-1,-1,-1,-1,-1,-1,-1
f85b3f2ea1c2e938d15e89668dc5514a2db9621c36bd53eafb552927f134a920,-1,-1,-1,716800,-1,-1,-1
d76285d0535fe4546f9f91aa000920de07dfb55277519e5d43b18ad7992b3fbb,-1,-1,-1,753102,753102,753102,749006
ef3e08bc3a12d972ce6abe7fbac518ce953b52cbfc9633955ee0a668653b65fb,-1,-1,-1,753664,753664,753664,724992
78589a3570e19d2e3812501715f314d53095096a4c6e6c2cd282d0def1eb2e97,-1,-1,-1,697806,753102,753102,732622
17a61031136feba0a73a520cbc1cf097ba2ae18ed2decebbc4b4fe17099b75a6,-1,-1,-1,389120,647168,757760,700416
c73ec23821972e532b8bbf3ff074c7b44e5180e1184e897f2380abdb8fd61e24,-1,-1,-1,589824,729088,-1,765952
41020dfe20711e51e84e39e5628bb9d3d21b1a4b7e7a77d339b72f1374776be2,-1,-1,290744,729016,747960,750008,694200
324c2192260196fed30e4d2f37b19c4b55828a99b05c6a3e88cec1db7591464d,-1,-1,-1,749568,-1,749568,749568
e38c00a531e673d31e0bc658422db325c9802732be34cc5bf1dc68ae532be0d2,-1,-1,-1,753664,753664,753664,733184
7afe3cd3bdd1e8fc01c7907d4ca204e9daa50730bfb6733d1155d536d2e76449,-1,-1,-1,479232,733184,737280,462848
1bc2c63cb45a7b78a048a716f048b9890937b7b370bb4d97ce58091f4883267c,-1,-1,-1,749568,749568,749568,741376
84e1386966bc2b3c31f46e679fe12c620a2431eb52f2ee07987315cc9a0fb55c,-1,-1,293308,750012,750012,741820,683964
2fe681b46274a5b688cb0605319ae1c78c12de5363f9e300d16e51eb5b7d74be,-1,-1,-1,679936,765952,765952,753664
9c62132b2f3b716e815395207b63c7136cbd1406be50103c9563a4fb3c5d9057,-1,-1,-1,-1,751949,753485,-1
f96ff61cefd1621da126772a59dc93fef310750dbd736a8f6efc5e40fc0a8df7,-1,-1,293312,750016,750016,750016,340928
d077aa247260b62f7c09d177de1b035a14bf37d5af6b184a36e5f881eba52e0b,-1,-1,-1,-1,-1,-1,744910
c073fdf4b875bcf955b6d1cef2a72109f1b5cd50ae4ac67a338861c582d1af17,-1,-1,-1,-1,-1,716800,765952
8d1c71cd380d5235e0c56e609e2dc651cd60d43053cf9cca32a31fb6970dc6da,-1,-1,-1,750080,742400,748032,750080
eae79f0bb0be7b892d3d1edb002304fafd8347ae92e1241e7ce5d40b901f7d26,-1,-1,-1,-1,-1,-1,-1
c2ec9ed94ee317fcc7789569c049bbc5f0df27a8f9d94f731badf57174ff1ce7,-1,-1,-1,750592,669184,674816,708608
a0c71c7b0adf4c684cd7a91945cceaa6e000f539dd2a3f7574b102d8e146aa24,-1,-1,206848,471040,749568,749568,675840
1233f5bd63ec54c8c6ce67c0438608f7730689a8f2579db77bd86f54a820ee9e,-1,-1,292864,702464,683008,749568,719872
4344a5b403abccd24b0d980902c976d0845d0797a86830ad1d3610ad48d6b8de,-1,-1,-1,672768,749568,691200,665088
08d4114aa4a0b0a7fba4d6483184feb48f8c69e3036aab5a32e4502d9a957a09,-1,-1,-1,-1,475136,741376,-1
36e63bccd52e51996c4f18cdf93951f6892ee02142cb809ecda602f6c700f277,128,4096,102400,754688,664576,749056,753664
89377b4615e50c2dc8d9bee3b646228e6e2ccf14e48a3a0981deeb588f7e98e0,-1,-1,-1,746496,750592,750592,662528
021fca377b2c26e782fefb51714ab043756146afe36ee13b6213a45fdbae1d40,-1,-1,285184,571904,571904,743936,749568
af68c0f9da9ca7cabe8bbf5b83a4e2927d6e0f076b30c66a8522d7d041481db9,-1,-1,-1,757760,765952,655360,692224
e47a454a3ab5ac4b40f08183326e07d83e6402b2174ea324c80d685e199f319c,-1,-1,277637,744069,749701,718981,729221
97298f0382f71d2c1f13f3fe590eb5abd44acb46d6d323f89a22936ee46a9d59,-1,-1,-1,757760,729088,741376,765952
ad9b1f8278ecbec5a90f0603660047e4938b4348bf53e211686be5f0a04b0b56,-1,-1,-1,610304,745472,757760,-1
77e6967f90caa4238d7a8f1be4f78e65b3960ea5826e210911efb37a08370c3c,-1,-1,-1,-1,-1,-1,695808
245c09d731708ecc027cfefc7fee754cb0bfbba1831bdca3bf6c7b2023ff8b6c,-1,-1,292864,749568,749568,685568,683008
cf9ef0e1311dd5593ad1d9dda05f01412c9efc6698926a899ebdb320c068d2c1,-1,-1,-1,471040,675840,757760,765952
c4765fd5f9c7278faa2502223c9e037b1d3a1dba20594490f6d7e625850ae903,-1,-1,292864,746496,710144,737280,749568
caad50de4105c188bc3d8f66fdcd98c2ece5b01380872373b9760121970f0029,128,4096,287744,697856,664576,754688,670208
3d4522c18b4a6dfe171d28d09e7c4941cbe2e686b86f01db3e661aeec1bcf995,288,-1,284160,134144,-1,-1,256512
7214e6b323805639a3d0c34575fc3549b7cc34c05e7073f8df25039aa9fa06d3,-1,-1,-1,704512,-1,749568,-1
b4ffc43db7a5be347c0812bdc7ef38d0f576b6e9637f5e7bbbbe719d0865e552,-1,-1,-1,-1,-1,-1,-1
ba5e2ed7747ac767debfa09ee37a8b7ab5681d26894e0ded13914b39f7977608,-1,-1,-1,-1,-1,-1,-1
68598e265ae9c71b762e8a11b7df630cb9956a24cadfbc037f8dec578502075d,-1,-1,-1,-1,-1,-1,-1
da5e756eb494bb53754e6fb5fc3e32274580db466138ff425475be7651a57b7d,-1,-1,-1,655360,614400,352256,737280
3bc7b7c230b536896b1c8033323eadca35e4d651b351658a006a3bf2c7438145,-1,-1,193024,720384,704000,750080,744960
5f138c959f4117c58591164c34a4184a7932012a4b8778bb6cb3fd75284f3fc7,-1,-1,-1,430080,724992,614400,741376
08d2d0e4d05d185fcadf065717b3151eb9a0b4452165f514c716c78ce99ae0c6,-1,-1,-1,724480,658432,690688,738304
6313fa79f1f597486d968812f14ee002247eea380e3e44f7e08104e905f67697,-1,-1,303104,647168,663552,765952,765952
e8a3f401b0241e3e74b891dd4f4e214ce618abd4151fdf75d3f08308313519f1,128,-1,108032,701440,450048,687104,690176
30c9c1728834ea8fc4788ebe4fb28365ab5e58b17e48449571bc7ac343b48387,-1,-1,-1,733184,765952,679936,667648
723447197d596c3368dfda2857df4714aab93b5a7cef3ae58873f221e0a12283,-1,-1,-1,747008,738816,753664,753664
5fa7a6d40ac91ce19b6d6389b28a6f1052f8ee4d492066374f9d267a77c04697,-1,-1,291776,750016,750016,750016,713664
7ce9adc144650e27608b7b745956db51814f954ea98502314e87ee62c0ff03a2,-1,-1,303104,462848,765952,466944,753664
31152fa25c01d384a7e8025c8196a8aa667ff61c598754276b724157857b087c,-1,-1,193024,634368,593408,429568,746496
11b7436aecbc50a336c2fbd4d35524f1a4ac78c8d485830a189e6e5f7a79ac11,-1,-1,292864,749568,749568,735744,749568
24683ef1c2679b394b3f0b84c9642949e60c8a88ae31592ede4997827b3b0014,-1,-1,292352,749568,749568,471040,749568
7a64dfdd93d5c1b4c7615464166e2ded18c01a459bc324722c58bc8a26243574,-1,-1,-1,716800,-1,692224,679936
c9e37aa09a9f2a6aeea65d291ccb8c002c057c53576a312abe98d72530a684f2,-1,-1,293312,750016,721344,750016,750016
9b491a92ca3d5b6531881533f953a950382355e4cb8efd4696e4232747e93d9a,-1,-1,-1,-1,-1,-1,-1
c27e98e488497985286576391116aed809207aa021825b298bdce919897fc9d7,-1,-1,-1,479232,512000,765952,757760
587fb00fcfad9cd137b75a68f27c0f8325a0294f9ca79a21e9485259e5559ac9,-1,-1,286720,765952,462848,757760,745472
93418f862be839052f0ed345dc9408b145fe682656e10b09bca393672aa103ec,-1,-1,-1,753664,738816,753664,753664
03b142a8fb46b9548eccdc4b67d7149673866f2fb493e6e128d856e5225c97b9,-1,-1,193024,619008,745984,750080,750592
f6fd50ffef35b35d9b44c249794b556043bddec91dd7202421cdafa667b5bcb3,-1,-1,293312,750016,750016,750016,750016
3a5acd4f4b2a7c471b9e05063e16f34495e766b2e06a80129bf175f4600f156b,-1,-1,-1,765952,663552,765952,733184
cadbd6722db78923a3edd934ce22ff0b385a447a7a79ffac6da3282491f144ab,-1,-1,-1,704512,684032,647168,724992
f4c4acdf5ad2ceba098ee264956bcfbc26607efb73699c4eae0d135a7f553a4e,-1,-1,-1,749568,737280,765952,737280
74de630fab94609b0c0a9f51a4e767e03fa02b195f75a4d52dc2d2b385621c5b,-1,-1,-1,753664,757760,765952,688128
87c317584ee7d32ba27cdd013df17b5b325e5037cad363e860ebc71b218feaff,128,-1,280064,747520,754688,752640,749056
8300ae597c7a766b7d065fb15ee56e8ed08bbc887c7d394986302ed6425bf48c,-1,-1,282560,705472,722880,746944,746432
848a48125b3b4141139a8500421fd18925504aabdd4ac01cc04b94b5087ff31e,128,4096,5632,208384,254464,462848,728576
7a675d4f976857455eaad503257744fd540345783725494883aeef6a046f1e19,-1,-1,292864,632832,749568,639488,679936
41b409d4e73fc97150bb4b8c63fc6fb5add082f66f96499ffd76d3480c1a23d4,-1,-1,-1,581632,723968,745472,738816
d82b7ee3f262e9a7548f3b972309396f8fdacf5b78f6c30e9e0f3b5f1e3ffe6f,-1,-1,270336,557056,765952,647168,761856
f41e9670ac67506828aa036045f6c09acd58d706cf071506ecfba32bb16699f7,-1,-1,-1,614400,565248,765952,696320
741fdea0e4c345f91730aae65cc76e55a1b00f68dc5c32a6d0e491074b5804a8,-1,-1,-1,-1,-1,-1,-1
aa25cab61a789adc9db0b41dacff6cb1da38d0428720c8c6554480f22879e9dd,-1,-1,293312,750016,675776,750016,625600
8fff28fb20768b86525a6c0f57f5bca08f69377a570aa8de8ebe6a1cef4d1e6c,608,4096,292224,21760,693888,6528,6528
523122f5f6bc0fb0ed75ba738dcd6147980aed52e1aad4c1afe1ecc68e216655,-1,-1,-1,634880,750080,717824,614912
c42b903d1b6bf8df5a164c8fe85eaaf0bfc82050c423a6d248ca68f1c9809e5f,-1,-1,-1,-1,-1,-1,-1
ed3014473acde400f626024ea219c03cdc205b9fed089e2614badd3d6bfa6e7c,-1,-1,299008,512000,581632,753664,737280
b80f1fa82a90c50b4b2b3eef8fb912555d0a0594c043e9953bbe2fef26df2781,-1,-1,-1,-1,-1,-1,-1
146c80fe2dafaf93dc2d77bf28faa359c369b1bfdf7367134501715574fb56df,-1,-1,-1,499712,561152,667648,765952
bfcfbfe25f6b5f71ee1556ce4ccacd59ccd2aee4c72331394b88ea4371649060,-1,-1,-1,-1,734720,-1,734720
eb3b79cedfc0a27f814f2a79f7daeaea7aa1bca13ab329c296d1e4ae013bd376,-1,-1,-1,-1,-1,-1,-1
fd216715940c560ce2104b14d699904aa93269f56923119cc6188fe47f65ce51,-1,-1,303104,671744,745472,753664,651264
3cc53c9eb7aa069ce7411cbb63239b22c9e3d4e07a4ef9d8f52e3065f2abb66b,-1,-1,-1,749568,765952,-1,-1
44b58993f03db2ffdef16ef37f64f693f73c37f242ab9df1e684d901329f3bbe,224,4096,292864,744960,739328,750592,650752
1ae176ff7d67177636b1d8f866607197636b111d19797ff3797ff54b3ac1aa1c,-1,-1,-1,723918,-1,-1,753102
ab1fd560219591ebe3bda60a21c39db7bb9d2f4a49fc9bc978da305a599a50ce,-1,-1,-1,753664,748032,738816,724992
160f61132084f84a1990dd07523dec200533dbefaafdf1448fc11d3866482c63,-1,-1,-1,614400,-1,659456,630784
0d2ce39827f699bc0eae64b504ff22377c8f9fef2c3cf97102e71998b33cde95,-1,-1,-1,660480,571904,-1,740352
0cf7878aa374780469153e58f7c0f98f02d704cf41d998428c6ef6926a57a7f0,-1,-1,292864,619008,463360,749568,704512
202310ceee281b682941979a04bcf974a43f25224aa654e4cc65900bf7919fe6,-1,-1,-1,749681,749681,487537,708721
2f956cb5e0ee17bfd54482e5e1322384c4462444731a669c7a7ffc5e08c3b79c,-1,-1,-1,-1,595968,676864,748032
0376c6b19bd0e69e1007ce0f4bc458372a4e03c70d824e23fe27755d29476ac8,-1,-1,-1,-1,716750,747470,753102
0b427e4fd1ffd415e1f7851eefc85445d1c369e6920f8d576152768442458495,-1,-1,-1,754688,709632,754688,738816
54ee0e184207bfb5633afe154d1532b4dbe0c76cc844cc1b5afd6cc27f2b106e,-1,-1,-1,-1,-1,-1,-1
1970951477b3062a7a3aca890a87a930fae0c9ca05b5fe01ca9a58373206c5dc,-1,-1,-1,749568,-1,690176,742912
bc82349adba0ff167542b6260843f41e3a0a8e9e8ddf4d413e83c4a5c1138902,-1,-1,303104,-1,765952,765952,-1
fabe7ad188afa4eb5aededc35483b05ca64ee2049890bda85604b4e15e1e106f,-1,-1,-1,-1,-1,-1,733186
9209a7e5dc1210b062539c403938ea8d7c4376f1c34252c2b7421174e7a6ba11,-1,-1,303104,708608,-1,716800,430080
849ef8544fefc210b1d8f2f38fe76d257c6f58da74a842f5a8cd08595d96ac77,-1,-1,-1,701952,723456,632320,735232
6ecf8751ce90a47985105c58c88f5474997a6c1c7f307a11273e228420efd5b3,-1,-1,-1,749568,718336,-1,749056
c372668078ad42a57cc1c78fd5423db342e0d8b911d9dd24aff9d316cfce89b6,-1,-1,281088,749568,749568,749568,749568
15cddc68e4ee50ace6a6ed96258f305b216510f2c9278a748f71e0d678e3daff,-1,-1,-1,-1,744581,749701,745093
4e34228306335adadf2e86117130b54cf17b05ba062d738b66616d70d639370f,-1,-1,-1,-1,581632,528384,589824
eb87669cde34d368fd66d311b035d98bfe0c4aed6ce9fd865be7cec03ae82fbb,-1,-1,-1,749568,749568,622592,749568
cacb99bb882ede69be7beccac0bc7e948cf194a3cfe670efc879eb81e8712879,-1,-1,-1,720896,692224,765952,765952
37720eca19b6c3eef2e4396e3fcfcc02e93b81f5111073e5f17183cc4abca757,-1,-1,290816,630784,573440,479232,462848
e9fa84923d9ad591f1465896e8462ed1991387284fab9e581a8eaa2fbfdf17f2,-1,-1,290752,744896,714688,746432,748992
0b19e46a9e21125b0a0ed24f702b48bd98f42b1677b7a600b6fbe5d0be6fa27a,-1,-1,-1,718848,747008,747520,720384
8813dd60036e56702e868663aabf2ce68cf9bcf4a9f17e4995248f36d00ad12d,-1,-1,303104,528384,622592,765952,692224
8cd0b53777ccdad980d4204954cbac96a51d470f8e099838c442c24338210cdc,-1,-1,-1,750080,750080,709120,665600
c06e4e19cf704c5f3bb5048ee1ce96e49a5353bf6f69e77396dd30c75fc918c2,-1,-1,-1,733184,696320,765952,757760
450073fc49734a21acbe1439d2540a8c23d71c4dc133ac125ff86de343e1a975,-1,-1,-1,671744,675840,741376,745472
b0d85c72ec5d2ec94a6a067490f5015de5c06c6ad643cb8de8215094baa6d712,-1,-1,303104,765952,729088,430080,733184
d8b4751a3490f66f801b13a1550471d02e8049dbf9e8d93dd9cc4ba62913fcdf,-1,-1,260608,687616,714752,702976,744960
ef2d6b6fc260ff468d81172dcd707702d94f402211e59fb42ad2afa798d8b43b,-1,-1,-1,-1,-1,-1,-1
2740cc4acbce5ee6b6f050863a0b4283620c9c7571eaafda7864f9a71d60b4fe,-1,-1,242688,700928,734720,656896,719360
664e6a39282029fd01cf07bf5e86fcd071c53366cb217ad94946d59258d4bf75,-1,-1,-1,740864,753152,667648,677376
b32bc85f49ff3db4a2d0e83ac88dea49f705a9c3f7c01750866392a70f302ca2,-1,-1,-1,528384,675840,745472,741376
0246e4a6a1b09d1e4d3f6f69bc6ba926b91d4ab8b6f185121d22ba6d0559ccee,-1,-1,-1,703488,645632,749568,742912
da45e4e763f9baacd130055ccced5520c5c5a47e1b6ddec1b10cd5012e246e24,248,4096,292864,502784,748032,750592,723968
6374d4a579c99efaa6e17f65eb09518921b579d9ce058ea3553abf6db3cf2a45,-1,-1,-1,726528,747008,753664,753664
179fa884d5136116b0ff1ff7fc688565bae9b3daa3f96662de57a05807adc3db,-1,-1,-1,749701,428165,748677,736901
e0e9ab34bc4b96af84c3111b373e181924a080953ef66eb595f1b6d16ae4c0f0,-1,-1,-1,749568,749568,749568,720896
605b4892b3419f79001979b6b8fc70db69b31776b5549a48581dfe6f5a2a72d0,-1,-1,288768,650240,754688,646144,687104
0a7ac25d6b44071626611bfbd4d0c52045555521b5604c50f30265874b107f60,-1,-1,-1,-1,749568,702464,730624
fbe9364c6f97c0fe70be4f7486c3e22c7e5bbd842019673ab3b65d8a82d5b24e,-1,-1,-1,577536,765952,684032,765952
24e1ba3190c197a561046487af54180ed4c7924408316216d518de6470f49065,-1,-1,277504,615424,749568,749056,679424
3f43e2bc93cf24a2bdd9c078d054cf8f73a2482310c8da1bed430babc7e5753a,-1,-1,-1,-1,-1,-1,-1
296588ce298187cc55830bd1ae3b72615cfd618526b29dda86e65614f1faede0,-1,-1,-1,479232,765952,684032,692224
31eec7d98fadb0a5c2eb6503ea1c8b3d48eee1ce21ab0f58c2ecd0b970473960,-1,-1,-1,745472,703488,674304,713728
7b66eb0f580a5b7d8f4a1f92af4807b689b2a28c6b36c4536990702bf8a4dadb,-1,-1,294912,446464,675840,761856,745472
e5e6954f9a2974fe1d2e94e97021df130e0d01e466b0a13ab1d4ea1917f18d78,-1,-1,292864,749568,689664,749568,687616
44d2793f5cf9483325ce4293d7abf8e7add05c13ae60730abd9192bd9ee50b01,-1,-1,-1,749568,701440,689664,736256
6b33d2e6c864c532d2519ef3b8823623a43c9023f384f10e7aeb64a4da83a2d2,-1,-1,292864,607744,749568,744960,749568
c667218873f30918fd87e0e4119e63f79e1061d29ea5384033c9cc634cffda9e,-1,-1,-1,753102,753102,718286,753102
22bf78c9ebe1756fbfbf65e3fb76137dd089f7a7133afb32517325d639b413ac,-1,-1,292864,737280,749568,430592,693248
e0b68f624d49b8cf9f0f5b41d5135d7bd9b13f67c9b0648b5421ac5c5903b083,128,-1,17920,495104,577024,736768,724480
f87db13d83cd8cf8cbc02fe2f66117e13287e6f616557227bbbd9a54d93ce116,-1,-1,-1,744960,749568,-1,747520
693795ef6afd2bafb53cae73ef24cc837f9afeeed5ce8d0a3db25e7ce0f2ecd0,-1,-1,259520,634816,686528,709568,623040
cbd3ece934b48aef7914095bb827a880c3d238db4cfdcd42953bd7d90aaa6d79,-1,-1,291840,674816,743936,730624,754688
b300de66658e5f1f53d6e9e766715eb3893a61f136943ad8314cc244e1c62b93,-1,-1,-1,-1,-1,-1,-1
fc358390be4bf0d72fc4ef17d3f6f5b2e9bbbe6de5542bb5f5e2b5ac69bba618,-1,-1,-1,643072,667648,765952,765952
5ef24c6c4bf7b4973f18d73db595ea02ae2dd54255381560bef0bbf3fd214d2d,-1,-1,-1,-1,-1,687104,-1
69ce06bb48e8d955b93ae2631cfdbfeaedf43c5e6e3ecd704019c00578d161c8,-1,-1,-1,749568,749568,746496,634368
b1f1c0939a10795238761cc7df796502c7e41263aa6c43153b0c5ee6b80c401d,-1,-1,-1,585728,397312,757760,761856
4fc87ba5c92fe5aec8770023242e46d2cab79c95d233f69cbf9e3ef31a3866fa,-1,-1,-1,733184,700416,-1,708608
59015d8dfb7e632ea24a774a5b9002081d628a464c23f90150399c793e4d9c5b,-1,-1,293312,750016,750016,745408,728512
c0ff64785eb588acac2ba7869d39b8b64baff8ce79c138069d14235a39e7e5c3,-1,-1,246784,491008,680448,659968,744960
1c85392aa339a0fce9b3ed19a738e60590dd2f807e03c37118da556480ba43a6,-1,-1,292352,676864,740352,734720,716800
c23362a6731dbeb46455e78789948633a213907bc3f8f1d3a4b582743321a094,-1,-1,293308,750012,725436,687036,750012
d1181e06f554acb1ea0807dfce466733be666f1536f9c5b9b076422f29236834,232,-1,289280,676864,743936,750592,748032
ac6205c6363a31c4e446a440e8cd2f6b0e2b7ae99d5db9a536a96dd74d4b75ea,-1,-1,-1,-1,-1,-1,-1
783486dd30ca43d3a6c6807530c023f61631e4b3e6f2e6c2830b5209ee384e13,-1,-1,161280,740352,747520,750592,750592
7ce8da88e8132a0a21831bce6e3da413a29bacd6b184f5af64ad2d7bf13458b9,-1,-1,287744,657408,703488,748544,746496
c1804bb245a123fc34aebcdbf4275f3acd9791a0f8595b5c53aaf969d7053f3e,-1,-1,-1,753664,614400,737280,-1
b7104f1c2bc92f0a1ebf5285dde7f772b94fa48d6ef8bfe1e8fc1760a9373d5d,-1,-1,-1,754688,754688,620544,-1
285c2cfd43865a3687da129d226ab21152ee1b66d75758b1acd5041eef2b25ec,-1,-1,294912,737280,765952,688128,765952
4c6b3eb41f450ac18b4bfb3f4c4cf00d054a8302be8856118bf329413045ad98,-1,-1,-1,735232,750080,572416,750080
28726c6b6d4cac1fe3d7a6ee55bc054aea1c4c9007f2fe2dd8c0d3ebe539647e,-1,-1,-1,-1,-1,-1,-1
aaf77b339a3ecca43dc24245f413fb5be8701881e52b37a97f4a120cee2f013b,-1,-1,252928,750080,672768,704000,747008
f7ee6223dcbe1a3c7b2a548ea2c7fc1f1aac98880f413783c6b6aa5896976507,128,4096,290816,718848,744960,563200,741888
277fceae388a890f62b735f0defa143c4e6fa9ba7315fe658af064349927fc5b,-1,-1,193536,-1,291328,633856,741376
372a93ed53812072f39459b38b2c155fb84e2a8e716688daa2696331c26c4c79,248,4096,57344,651264,765952,765952,704512
ca24f243e4f2d9f19e187a643d9f866173e2943a9841492931be86b1758fca03,-1,-1,299008,573440,655360,745472,581632
acb3045043be9a09d7c31ebdf28af877ec31e87c20c17a98756b31a3e575db18,-1,-1,-1,729088,753664,704512,745472
838cec036dc7bab2bfb7459b6194173e82ffaa2bd1502fb6a0549320c72d1265,-1,-1,-1,749701,741509,568453,714373
95ef9769d3275e8f375d43abd2a9e647d43a5418df8abec71051b248d8f01ec4,-1,-1,253952,565248,479232,389120,684032
b5baf2beae64730aa9853d547b81bcdd3937500c2cb6b0b3f1b9a6145e374f81,-1,-1,-1,765952,643072,663552,733184
aed1158eda2c1d49c2630a9e774a8f58a7f66896a30d62cbc3eb7299aec6316c,-1,-1,-1,765952,503808,253952,765952
a7c49d7ecfeb2184503aa32c5c29eddac4c91d2370ac5f1f1cde197e4fd8dd34,-1,-1,-1,-1,719872,697344,713216
1a7364327fbc451067e35d5befbae8f6300cb6fbd7a9d8c0c3a0d87438db30c2,-1,-1,181248,471040,749568,749568,730624
80ad1fc0a8f5e42bb9317b803c310b716d99376119add0b11f41551e11cb711e,-1,-1,-1,364544,700416,708608,708608
f3c60e0f33700476f77e399c502096fd606acc655213986b9f70de5b5b42e6a4,-1,-1,152576,462336,-1,504832,-1
79513142e5974e8486ade1367b7f547b731881891d1bb3e476545068dbe7bc7e,-1,-1,-1,704512,634880,737280,757760
05e3856618adb6bea41d79186c0914f448632cb8d53fcd6cf692de05e48a5f55,-1,-1,-1,-1,-1,-1,-1
b545eed17d6b4469e9a6e0f41d66c2965febbf1d2487756c649703b7ac16815c,-1,-1,-1,667648,614400,745472,761856
03ee832a79eccfc94378b8eb743754216e4972cbf02e1e8c85aa472e29176483,-1,-1,293312,721344,655296,680384,750016
9374c53437edf12b7cb5e1346124d157bc0c0bc9ffcc31cd866e90bfbcd21a17,-1,-1,-1,757760,581632,-1,352256
57eaf5db98554e7582224b9d95765a92f438037982bbc0563456993da94ec3de,224,-1,200704,540672,757760,765952,749568
0b9a9fdd030a53f0275fc240422907f70f8e8bf9eefc949782f752312033781d,-1,-1,-1,-1,-1,-1,-1
821ad3da8a741814a2516eba1f51d6dd5c3d0a58e6672db8f0c4d45428ba58b8,-1,-1,293312,750016,750016,746432,748992
258ec0ea8cc004772163ccffda803a8248fd0efd941c10b413cd4fbeba8946d5,-1,-1,-1,438272,765952,729088,761856
99a179db30a21ffd47a4f7f3aaead23b6e29a5dafcf74cb9df280dfc1ea79721,-1,-1,-1,747008,711680,638976,673280
cebe84428c348cc0b3cdef705d782f86cb8f6c8be72d2bf65ebe825d6df7e457,-1,-1,303104,466944,745472,761856,716800
8324878823441fe7a5e2abea20c976b60b34faedc3a0b28f16acfc020e1d4347,-1,-1,-1,724992,573440,712704,700416
5c4c9a29bf297f59b23f2d8baccb02d6bcc8fe6ac238bd0f7eb680cff661cfbd,-1,-1,289728,603072,745920,611264,748992
fc7b433f931a88de66501426c3df84621d0c21bfcf7082137a4be3cc4def34d8,-1,-1,-1,743936,456704,-1,743424
f9774c92e3f68847257003eae72852d163156fe700dd044e8d0e82996d864181,-1,-1,-1,507904,589824,729088,765952
f97df04eecd0fce021780f85d98938bf93b1a511a4a33321b00c17a3c81b84b4,-1,-1,-1,765952,741376,753664,-1
cf5a4f0f188009699e228d104478e5b7d1cbc84dd82827e0b093b61daba74415,-1,-1,292864,729088,578048,737280,744960
72e4442c364fc807b435aa72891ae1a2c9cd0dd5558046f3a1c0fe45c8c5d9ea,-1,-1,277504,563712,722432,733184,749568
1384f0b8c92074c60707d93772ab5eb58dc04254e75c3adaee175584267a95be,-1,-1,279488,490432,720320,701376,681920
e6ab73f5d9c429553f3577edc09dcf624ce33ab6ae23c2c78c5c7382a46fbebf,-1,-1,-1,753664,636416,753664,700416
3c8314dd42d644ae3ff41fbda8e6a9a21d294e7e3274b3fee8c8985f638bf467,-1,-1,292864,689664,749568,699392,749568
a444890faa7c27030405c3694ed44a01dd6129f483f3580c41cb616b1edfe078,-1,-1,-1,714240,-1,703488,721920
a5a151fff4cb32b5b70486a0e927a0ec3498f7d1500d7484c0413256e21c6393,-1,-1,-1,737280,520192,716800,757760
61c706f1c02fe7d474c0259080020067b52ab9fe065c1bfae317b7612d9e6f58,-1,-1,-1,716800,757760,724992,737280
1f1fe8561fd5f2ab1ab96e68783adf055fd51dd733817dc6f1ebaae9c5accba3,-1,-1,-1,556032,560640,753664,751104
48c0916e81502ce369b779acebd7fbfb930dc354aa28c8f2c6c00b27d931d71f,-1,-1,-1,638976,696320,663552,688128
33e083bd3fc3c813bbaeaee873e7259e50c12da0ef062565309bb4f53eb4c2bd,-1,-1,-1,737280,-1,-1,-1
a41dba549ea8cb6aeec1c677c97f04712ddf5a9246b49da38560a8c0a805f14d,-1,-1,292864,745472,715776,655360,749568
040c0a363d1ef9a622041cbe9b043d83c07ac2a600a449422e712b9a74d5064d,-1,-1,303104,765952,634880,-1,679936
51bfafd2771f756e642fc788a14810c6d24e2521165e7d03cca450592f0ad075,-1,-1,285120,733120,644544,750016,742336
d0a98f1159f7925e12be7573f6220547e59618bdfb95dcdecfbd56e63273f6a0,-1,-1,-1,757760,745472,753664,765952
c9cd4ebdb665429c89f8d40c0076264867db14883dcfaa443e6135bc707a0cce,-1,-1,207872,745472,693248,744960,728576
4cf8dc22794292c73c72b15d0e560bfc2b0d9a1a468abd76ac1a2833f733b4af,-1,-1,-1,679936,-1,737280,741376
1ae8737cded8e250884fc873ef8fca91c6685b2fcdbd6f4720409ffed5dec8b8,-1,-1,286720,684032,704512,675840,430080
c091069d47b1b56209bf207054437070e67bd851f69d75bd932502b0f2a3c4e4,-1,-1,285632,709568,750016,745920,648128
c7e6efd0cb1ce008f4b7b424b9c0731b14e60811d34fccfbb24ef7d374cc2573,240,4096,303104,421888,765952,737280,741376
d077eb0bace28df1a209df182960e9704f8e2cc7c1ec9a0f2fc70ac6e2412ba8,128,-1,237568,732160,754688,750592,674304
ae7683aeb5a2680c10a65617b099b1f776831cf0dd58c862865d1d1b35bada37,-1,-1,-1,757760,761856,-1,-1
17f2a82e11d18b073d4243e2233f6751c79074875a6881736f2d4bf483c4be33,-1,-1,292864,749568,749568,749568,749568
81b8aad983d2629e0f55e6f10084ec7755b9eff3b4621f7e64f26adfaf2b7d34,-1,-1,-1,-1,-1,-1,-1
0007f8bbd76b65572308471d8b48a32e8f0dcf86ca0dabda6039007d39df4642,208,-1,292864,632320,702976,740352,668160
2d7a738fa97ec6bde6e8cb34f46f62f7bb32b5a6b46ba259b8084849c1a27e23,-1,-1,292864,738304,742912,677376,749568
3381140c7e2a5013ed3eef1ea68e59623e7eca9656ec2660ce8a708ce2f5a2e0,-1,-1,294912,724992,634880,765952,737280
9339678ee53eb0967dc7fb292eb439cb534986a47106e3bcb2939d8b5e0bbcd1,-1,-1,-1,605696,751104,753664,753664
7ffc30711f79619b71626c2bf6d42f2a4205ee41782d38dbc986072c168982f6,-1,-1,-1,741376,745472,765952,720896
57175f4b0a41252c8a7cb8b802b743de92e4f8fd199d82708d5fdeb510cfcd4a,-1,-1,282624,663552,750080,681984,750080
974cc87e95a8a698833f0fd426a3857568cffe74b09f7f4befd13703eb81806a,128,-1,239104,654848,378880,745984,744960
dc8407aa1eabc66e2c9ef86ed8c9484e52b25a090b7d24493de9b42fd1946db7,256,-1,292868,749572,706052,745476,650244
dd460840efc9bca9cadd2a3851d3f5a120e7865adec3ccbb7cf9065db3f980ab,-1,-1,-1,708229,749701,749701,734341
62bbab4ec246193260da5849736f10ecd3d15c0661b27947d59f916b92fd73e0,-1,-1,-1,715264,728576,734720,-1
e501d74400846b5e7cd7cfdcf5465f4ffcf545a3d6862b87bb62dcd516923daa,-1,-1,-1,-1,-1,698368,-1
9de2d17ab377b3fd3d65fc19ae8274f39f02fb1b31bf2797b9736fee63572cb4,-1,-1,-1,631808,622592,703488,-1
9f3bf035f3b79536936de64e1480ba9dc69df858c7dba8a7cc678472fba5b0ff,-1,-1,289728,750016,750016,746944,750016
bba914e07473146d10fd278fabb80b59a39d66dab38f1370e8c33bd029a9f9fb,-1,-1,-1,503808,655360,729088,749568
2251e5db697ed297aefb817300289dc3d2afb5f7232dddeb765e95cac9c168bf,-1,-1,303104,507904,733184,765952,675840
8353f4dc3855d8faf780f14cc8044266d9f71a79b428abd24855606396a2c790,-1,-1,-1,471040,602112,610304,679936
4907982a0a4a1a2d3b2821994a4fff3c53d9d2c4fbdf5bbaa0a6699ed4370477,-1,-1,-1,438272,765952,-1,757760
929f4bf90cb067114d2899a9ea52e59c06b9543baad4e16c12da22782764740c,-1,-1,-1,-1,-1,720896,765952
eccf6e19c76158de0c96bfea31423a29ebd696de88d16cc4316062e1d24ba7fe,-1,-1,-1,522752,694272,689152,377856
83a6b55d8c64ac0f7b1241c63b4d1564b0707ef35ed500c76ec167be9ce6629f,-1,-1,-1,708982,729974,753014,-1
5e20d9df6298e2a355f195f882079979a255f92ee430cb1c40604f96f11cb498,-1,-1,292864,736256,715264,431616,-1
ba4f494ffd0487f94b69c31a85969955c2c03182c4111b34d32933f95a6eba99,-1,-1,-1,479232,749568,749568,749568
8a1ff7c45e0d72b9ea3b0259258673725c46273a5fe8230f1c884c53fd931330,-1,-1,269312,727040,613888,754688,707584
eddeb8f1e54944f836137a74664787c85f24782393b5b543df96d4e4b2c9b02a,-1,-1,-1,656896,750080,-1,725504
4775605e1e193720aece4c89beecf822723de2f1e9a71534e06803aa92c51ffb,-1,-1,-1,644096,749568,749568,736256
0f9870c9abaf120ff0ab58c4b97bfff2f90f2e00c5273af96abdf07fda45fce7,128,-1,303104,765952,741376,749568,737280
d691ccb60b0e8b7c734f47a9ad4ff748b4a7cece5307bef2995d7b0e72798c42,240,-1,303104,475136,753664,712704,753664
4410b01a296ebc6df95b573f0e651fd100b2b098b79e47db2271824ed3aec538,224,-1,-1,678912,634880,744960,747520
377be2c71ef245a9e38aed1cc8a9704808f6ab9816dcd4b8ae4b43fdf0e0e97b,-1,-1,-1,721920,712704,640000,749568
f2c2d7539b1e8c1197911387728a33576e53531957312dcfd7a449de7e80cee6,-1,-1,-1,-1,-1,-1,-1
16963ab3ac540bcf601db2c26290be1a6ccf66bd2d2f55e60c7839f5f420844a,-1,-1,-1,565248,-1,720896,-1
c0829da75aef6007f2aa04dc10908ae95948eb71bdcf47f4bef4c098060f23df,-1,-1,299008,765952,704512,765952,684032
55fb253c15141b65b3819706cd2143d1db6e5396cf448adf6a04d67583e9203a,-1,-1,-1,634880,761856,724992,692224
b93b8146c4efe90ae1ef86e4e58739e002e88bff1aaefab469b684c1102b0fee,-1,-1,-1,569964,741996,696940,754284
920f7c2c4d1bbce73c33c468eda5010b682840658996713cab38bd3a36127afd,-1,-1,-1,736256,-1,725504,622592
cb90a7493f376aec528492eeebcd5eaf967eceb508ff3c294d65759e47656bce,-1,-1,-1,-1,-1,745984,751104
3cc29cb87850628dc58146da6cf972f1a99ce07e56b96ec5c2e89e4a6a4da196,-1,-1,-1,-1,-1,-1,-1
a88c381da61f566944b52c9ad90775ac49152828e2db19e93d18014d464fe3ff,-1,-1,288192,746944,750016,750016,719296
90a140741683880fd9b5fcb9588025aa3c1adc30114aa36b9acb8421cfa8aa3a,-1,-1,-1,-1,-1,-1,-1
567e61fc313d0b75257bdbabeae101617cfee67945ed349b409f98048177c24e,-1,-1,293709,735565,746829,428877,747853
14ab4dc9ff8cb40c98ca18f95ab99d85fac4fd91db4e2e7d23b5f399d2e217e4,-1,-1,-1,724992,749568,716800,753664
da5ce01bab7371e8f11c7dd672d70fd7ba3654c17b787c07273b6cb412411592,-1,-1,293304,665528,688568,744888,738744
133e54a88683d88bd3289d25f3a092f55d770a235bf48c1de2d6d19df0319e8b,-1,-1,-1,749568,747520,733696,747008
832ddb13748d09821b75acffcf2636a5feca26749bcb28233d8f9107d25b6c51,-1,-1,270336,602112,757760,462848,765952
0b1d87d9a83b04179018c1830f0ed359b96fb89c5b3c70c46410173e32e5bc23,-1,-1,252416,738304,737792,193536,750080
33c5722546221935e04f4fe6a0cc40f85c25207269617a063a9ae3717c4d9f05,-1,-1,292864,749568,685568,749568,730624
15ba5cc98ab14ed11d110bc990c90060bf71c6aec5fa4bb48beb264d05a09a4f,-1,-1,258560,714752,741888,623104,723456
c2df17f2d03cd66d3afe377138773f8a40d2c8cc6aa8e4e7f7588bebdc66d0fe,-1,-1,293312,717760,750016,718272,628160
2fe4d8c62396e40e008e893066c8ab4edf3caf79767327b7fa62fb0616e17d56,-1,-1,292864,668672,502784,720896,743936
8f154ba90de029910f43323fa79bcf82c254b7705a2c97b76c89c009da9e7df9,-1,-1,-1,753664,444416,753664,730624
8955a4e27def5fbd728b257826efe8c4be5ec8d89185a11ed4cc4ca00d4406c7,-1,-1,280578,750594,750594,730626,719874
e4de4641c9f36edfe036793d962928ab712bf1e33f97d129c9227427878d66bb,-1,-1,282112,473600,724992,753664,744960
ac3e5904d723eea9e06d3291b658bae3d735f7957c166eabbd5dd46292b5445a,-1,-1,-1,752128,-1,-1,751616
55fe2b0a3bc0d0964a47882448c656bf34c56aeb0a1508c80e321526014a73f8,-1,-1,-1,616310,629110,-1,706934
b72c7e5585e4e917a8e6228ee3f1684e54b04fb54a2eef670c79bf8fa965e683,-1,-1,244672,750016,750016,750016,746432
59bf9797d1052f1325c5f28a526f82367687ad1d4a06a16aca748d802174dd58,-1,-1,303104,581632,638976,729088,692224
578c5bd7568c315ec2a277cff8563959630f81a41910b82b49244eb7388fa24f,-1,-1,264640,659392,721344,748992,750016
97dca4ed08aaa94889c5138f643314e65f52f14d42784bfbc54e416fc6dca1c2,-1,-1,303104,765952,757760,630784,692224
1ca917338a9351957e8095163eccdbd2682ae17d74d5160af7d7c6a9a9ccd29c,-1,-1,-1,704512,729088,577536,765952
861b0e7f825918f850d770da6a5133aa915e9efe674bbcc15426daf0b5571558,-1,-1,-1,556544,722432,-1,-1
566d881100145efc9ecdc3c9600fa1ab8bdb48a14c9c8ee186dc4f02b0a7e489,-1,-1,292997,739461,533637,748677,732293
daf1759acb14f313a61a340783d925e02435c6cee0d3666fa17399e0b27e1d61,-1,-1,-1,623616,749568,741376,737280
90dd577717cd4f4b0b4e61f59562d2c1a893508fbb83a34245585838d2d09d43,-1,-1,274944,618496,742400,736256,-1
da1eebae770caaff56ca6051b7734e342d4f5ec9cbfa62fdc37bc80eb44db22b,-1,-1,-1,745472,679936,749568,749568
091eec31fc3b8ff4115ca081b85ef60dd4841520919b7233b3e460048e1c6678,-1,-1,-1,-1,-1,749568,-1
466a75ab89f1c025b4ba54b9a2942bf31f822d3e79509bd804cd0e01d51aa1a8,-1,-1,253952,765952,765952,761856,741376
438085c404155190d8181fbe8c7f101912eb794057d02c61d52923e9b0bcaa87,128,4096,288768,387584,577536,745472,750592
239f769bd06c38eab000957b90e7eabdada8a4d720db181108b57f0f2cac3f64,-1,-1,289792,628224,714240,654848,689664
65f51ee1deb73c41685ad6ad6634d682fccfd26a78834d79b76113ec8812c4f3,-1,-1,-1,751104,-1,-1,621056
8f0aef0cd4280a7372a7e5580c86a1a7e65e0b3dee575fc5b22d00542f7ed6f2,-1,-1,-1,-1,-1,-1,-1
3060673c68a58f7d959237108d3eb403479faa30cdc0a51c793cc2d434fa8dbf,-1,-1,-1,462848,724992,753664,671744
6c40e7f0b804fa8bb16c46705d21d92d2815958b544a45f8f84a663b2124604c,-1,-1,-1,749568,649728,456704,630784
3a3df33bc6caf3ee2493177aad389016865b01cb451792ed7eda75061597b57f,-1,-1,-1,-1,749568,636416,669184
0c93b37ebb60abb851bed46a235b32191f195fbca2fa7beda052b81ceed1153e,-1,-1,-1,-1,720384,742400,749568
e0181ad592e09e8ef7d60b0558e31427cd20f52a5ed408d22819cb2de7dabe44,-1,-1,-1,749568,720896,674816,749568
fb8e41f6e521fe71ea8b6a4ddeb02439776d50d8ab164d5b90f7dfc674864c93,-1,-1,-1,507904,593920,761856,651264
53396aa48cfa31b3173242c625f9f9477b533b8e859b58d8abe22160437d6e0e,-1,-1,-1,649728,706048,743936,652800
363b694cb23645befafbe2981337bb2c314e35ad3087697900c29c9ee3459095,-1,-1,-1,753664,751104,730624,753664
f6500d17059151505ff9bc0fe09630734b8943dfde5c032d70375c0e2e5a0d70,-1,-1,295424,738304,461824,617472,690176
22a3561a48a3bf623de3ddb063e7d79ad05e437fb0b8b7e9e8cf6a2ad79cd7c8,-1,-1,-1,-1,-1,-1,-1
52bcb52c61877d8950fd136777db8152d0b27f9c27556318ac237b4fcf83b9e1,256,4096,292864,512512,675840,750080,741376
1fb5b270f4ee071fa386edf531c8bfd1a3a0ce9a398e45a3ebe00f57a86596a3,-1,-1,-1,611842,-1,750594,745474
042d4d7816b019fed2bdde5c12dc08970fcd7b6ed195b32e2c32c6a97c026173,-1,-1,-1,697344,-1,751104,727040
4d304857fddcc587b3424b41a9b904c90433d5d4fb930dd5b157e4d2e85565e7,-1,-1,303104,765952,765952,765952,765952
475d8a6264bc12685f9f83ba39a7012b4186f502c58e6b2c62a9c51591aacab9,-1,-1,-1,589824,421888,761856,704512
a3fbd298311c7b434f5a19a4fd82495ce1c8494257717bf7fafd334932eae4dd,-1,-1,-1,742912,714240,749568,742912
df27a2e739faaa32069922ad6a07ffc75aa2a052a2ef91504cc757c0b38c1f9a,-1,-1,303104,745472,462848,-1,765952
0889e58ea3917d3b3c18f7a59f9fd75e7fba33367321c81895e89577d09b740a,-1,-1,-1,-1,-1,-1,692224
7e91a03de2d57f8ebddf17113a04ae7dc4806bd9d89579adbe43fdaaf333a78e,-1,-1,299008,466944,729088,757760,716800
39c344a619bc0e3502f34552ebe11291160561f422ae98504adc315921cf9c0e,-1,-1,-1,-1,704512,757760,-1
7938ae7fc4e5802d76b4fc464a097d8b6c96992c1e88df03fd67e21165929910,-1,-1,292864,749568,749568,749568,749568
a4825883de5f3e5ff6de151a99e4fd7addd0d52c54b90f0f4f9e5e0975b7145e,-1,-1,270336,753664,733184,651264,724992
8f989835334b30ee5d6bb9335411393ada6ca065e6e5977c384dadacf1c6fd2b,-1,-1,-1,-1,765952,712704,-1
a4288bdfbaa577a27de262dca249d151dfd48a938b9e0e2bc6d781b4cdbf832f,-1,-1,-1,713216,745472,722944,749568
b258fb65ec7856759df0015bf4a3a3ee106919a6d1e35bb39b81600fc508746d,-1,-1,-1,749568,749568,698368,749568
5a1166f516234940da16a309de4fc964cc8a397833ac90d7f5510b15ad77f7e4,-1,-1,273920,707072,681984,676864,710656
09abfc0a5826c0440adbed0aaf07f05a5e23c2f7321acdb4f4cd2b43c17c06d7,-1,-1,-1,565248,581632,761856,581632
ea0514523ef65fbecbf2104bd3f758cf64507e936d58e1acdbc5d5f203bca0b7,296,4096,184320,720896,761856,761856,360448
41582a6abccd9dc1fd244c077a94f8988a6c8d9933f25019628cba9837cd11bf,-1,-1,-1,650240,749568,671232,745984
0bf53dc738bc1b3c2f108cf2e3ee92e8fc14d17c80be7219e79cc5e8600f3f36,-1,-1,293308,750012,724412,750012,750012
d91036c01dadf6e77819f398c97c6002959a957a41ffe88ba2d93070e4b29262,-1,-1,252928,617984,688128,656384,749568
7045145353d06c04bd63ccb5713bc737081ee5126f3e9aaa7d7fd3becbcc4fd3,-1,-1,-1,647168,684032,679936,692224
70d78e514664c672a56d2396c4bdfabc222d1564a001890c2e377218f0cb9048,-1,-1,278016,750592,746496,-1,748032
d5808159db076eb36942eb37de35bc4fda9b878ec792ee60eb7004d50feeae83,-1,-1,-1,700416,430592,747008,684544
e42f4c4d3944a0a985ae85583110f68dab7cd3223b0de15141e940c0e639f3dc,-1,-1,-1,747008,-1,703488,695296
4f110dfc0f28daea37c6474c2ff28d03e0c1c5d12b7a16b1e6dcabd2e3169504,-1,-1,-1,-1,-1,-1,-1
43c387d253d6c53213d286773fa68259e201dc4fcc83bae4a50fb5ed7cae2dc2,-1,-1,303104,520192,757760,765952,765952
e44dbfe6b58f7956486bd2c0bac99e147038f9b25cbf5b8a7eb0a067c7ff18ec,-1,-1,292864,749568,456704,730112,749568
fdfbe2a2719b419f3d929ac26e385298722564e01992df945cf08fc82b2ad52e,-1,-1,283584,693696,734656,748992,746432
452a8b888050b42fef41467128ba8c4afb08408a66e23fdbc913269ee67ac7c7,-1,-1,292864,749568,-1,747008,749568
092452158ee4a65ed5c0dd812e33f1ac4315fc38e2dd169e5257f83a4aa86fdc,-1,-1,-1,716288,707584,710144,745472
f8e4c31bd72a3cd0b08460845d9afcaa5dcefb08f889c13f6e254ccd1c36ba9e,-1,-1,-1,693198,-1,701390,-1
e9ac2e56bf775cf2ffc86ece7801859aa2923676df360b71365b1faab82236a3,-1,-1,-1,749568,708608,-1,733184
b3a22da291586e6e87c4932513d90cec10adeddb9a2df4d0fc675b75513c65cc,-1,-1,292864,674304,737792,677888,689664
091d026de9657bf635c509834dbbbc1b0cb83a30f4bce398b2f4df64c8e92c35,-1,-1,292864,717824,687616,679936,430592
a74784d16f1d417676e8fc9cbf6ba24d1cc88194be6a6ca6f0085c6bb2069888,-1,-1,294912,722944,750592,627712,754688
bcf95ec632758b6bb9dd3864046a0185e02c62231cbcb5073e1e7e426daf4d0f,-1,-1,-1,749568,704000,726528,678912
c20bde88b8cd36f9e4e0396b321c45eaf8ef2cff9161b17aa5c11c6614edc9ac,-1,-1,294912,752640,733696,345600,754688
f4c6afa53c286e6d43b355bd539502a07aa48012b6b815db9adefb28bcef1450,-1,-1,303104,479232,462848,761856,729088
7140a71c6017223eab2d88bdb1730b3bc633cc154ed6e2c06978902520f94856,-1,-1,-1,751990,702838,753014,739190
571417ef195c6139a18463957eeef5035df5cc3756c1fb9ba5a4c771ea7b1ed0,-1,-1,293308,750012,750012,750012,750012
d8cfff829fdbeb6a98b5ffa9374161edc18b4e805aec06dd002c00693f31009f,-1,-1,293312,750016,750016,750016,750016
5bd57aceaf026ef2d7e61294a260c83a44cd3d8316ec5976916be6d110576b97,-1,-1,-1,-1,-1,742400,727040
8daa2f850a8b5fe1834ddb98f2531f2ee28164bcca97d581f045d6fdb9ec53c5,-1,-1,-1,614400,507904,765952,638976
902f3f0e2b479fdfd9defd6304f8826b4fdc6a214d01731e34f74194e4ae187e,-1,-1,-1,-1,749568,704000,749568
d2c1914830f9be0cd44241cda15a61325e345d593c8bf6b93d6a42f64c417387,-1,-1,-1,-1,718336,703488,673792
6c83db8dd1aa3326d2ead797b854cc06da10009e67bf38c6cd667a6f54971254,-1,-1,-1,668160,-1,-1,749568
40db943e84a9eb649495361ac4dbc0bb15c0d689a92c951b1cca4b23134db66a,-1,-1,-1,568832,720384,729088,749568
db82325f8001a23793a5a9f39e9a7936d190028724b4d78f7a46a5fa7db653ff,-1,-1,-1,-1,-1,-1,-1
2c2804fb29f1df0b09c7b51a21e65456d4796b6f51f02e0286f774a3bd26928e,-1,-1,-1,733184,716800,737280,572928
1a66c340905582fa1bb2a4a48fe6a38daee29e5c13faf33d21ec7da9739b3342,128,4096,-1,623104,680448,715264,733696
1c0b634e63dbe435be0ab7ced0b5f887dc1f2311de72e134a2b0ed2cb220d318,-1,-1,-1,737280,737280,765952,765952
49244a51975ac6bc4984d828b3b6ba8b8080e1d91a1e3afe6170f6e6f4d4561c,-1,-1,-1,699013,745093,-1,-1
c788ce01e8f9f3744696b124c9b70882fa847eaad7c1c35c041fc81f801f87db,-1,-1,279040,628224,556544,749568,630784
7954787b0df6e5bebf66775e8320bcf9d5f8b5671a641b62a8c7f95266f06d03,-1,-1,292864,700416,-1,-1,-1
3b6226c68b89b16cfb4eb37a0e1993725795c01f923a3dc0386d9853a40a14fd,-1,-1,-1,-1,-1,-1,-1
0d38538a1b4d924b096fef9c57b4e4fdc3fa228c954e8c38d7563c5290625f7e,-1,-1,251328,750016,700864,750016,750016
9136394d41c8c66d39e97f2d9b277a5f5f44c2c4a05826777ed482bdc1f26d83,-1,-1,-1,625434,-1,-1,588570
105c95c5cb920aff87a9361afd616f08417a3cac36eced141b12bf31b47737b4,-1,-1,287680,745920,750016,750016,744896
8d9c7efda3dc9184c3eb30f380a04690daf5e5b0679d0a7aa3ace6724b2eabe4,-1,-1,293312,750016,750016,750016,588736
3c6f178e7dc007d3315c64f6c256792bb839a8b0f8e261765897996173b5c516,-1,-1,-1,-1,743936,-1,749568
1ee43d00938b51fa45dc1307491f077c06ee42e840d684be9431ec55adede170,-1,-1,-1,-1,-1,-1,-1
13663dac3dc124e903388a284eedbec7a934644043797bf31fc053a600cab0f0,-1,-1,-1,479232,253952,737280,753664
02f67e5aa90fe3de2be75a27ffc796931b6c3689903ac45437c3184defaabae4,-1,-1,-1,761856,659456,765952,679936
cfaca7dfa7545712e2f14af9d125831fd667447e8aac7128ffdf3db4ad3b05af,-1,-1,-1,663552,450560,724992,741376
3c58e0aa0480c74a3f2f41221e758a06226f555d4686ef0f52057271a93c1f5d,-1,-1,277504,737792,677888,749568,749568
e346119c5cfde3b1772a1acf42423b3e20a83e94dfbb83b1242decabb3dfb5bd,184,4096,118784,65536,49152,389120,176128
e1467c534829694eddb6ace558ed2bdd82ba8f034cb6f597149782ce6bd1db2c,-1,-1,-1,656896,723456,744448,748032
74545fc6b4096f5b9a0f50bff7dce970e1bb53cad60ff7efb7c19fb9776586f0,-1,-1,-1,-1,-1,-1,752128
3f581a0b1dfa2ee587a2113c1b67b145004c488297842d1ed31e88fb6963fe76,-1,-1,-1,-1,-1,745472,733184
d2348384e646569749594904920b25075d4d3d8244177104834d2cbb88ae2084,-1,-1,-1,765952,724992,-1,757760
f495e19a8237243e130eca6be22c475e733e72d490d1b73c26d6fddc22b22efc,-1,-1,-1,-1,-1,-1,-1
4b256570fb65711ba34f64dde02035be1799d180b1d3e565dc16ff16eef564eb,-1,-1,290304,690176,731136,724480,749568
d09183e2c2fcc1798d64682feebcd59aff1ed0ad34cd694ae52ae9e9d367dde4,-1,-1,294912,745472,647168,765952,618496
c26365314cc1a58b8e323e70d1999a41c92e597412881cf1230e31ae021d9728,-1,-1,-1,-1,-1,700416,692224
0f53fd65f3d88c9ebc8e6fe4d29eb4a2adf8a441d7b3a144c8782077da8f7a20,-1,-1,-1,750592,750592,750592,-1
e377041b8b92c978b11b48cc28946a38913be80b09e2e6ca46797b6702252c2c,-1,-1,303104,757760,765952,716800,675840
e9cad1db6c1c2f4b9f6fdf41cf1fee57fb6941428087004eac168e2e52203b31,-1,-1,-1,667648,757760,765952,761856
0cf81a371935c0c753057d9d351375b33475faf5cda892513434795993e96169,-1,-1,-1,-1,-1,-1,744960
a9e8aeb8d7cf7a671cde334a5f390b070c4f89ebe703adb4de5a1a8b33c1fee9,-1,-1,-1,749568,749568,-1,749568
c25a456111057f8c3f55590418d487d660938482c50269dc251a2c0b2219a565,-1,-1,-1,-1,-1,-1,-1
02dea93edf44413d993bb12a99c5e8f6df79c3bba831782b0376001f837f0303,-1,-1,-1,749568,634368,749568,676352
b78d8f137eba8640dff18e8eaac900ebc30591043f2d46b06134740710552b96,-1,-1,-1,638976,-1,765952,708608
2b2c620f7d48cbfb4e23efebae412126146b931520f934b445bf083d8ee8673b,-1,-1,-1,716800,749568,749568,749568
7c549774656d41d3883b1b479a1170c08d7ef0d9f133e8e0f5a796503a5d3d47,-1,-1,-1,749568,638976,765952,761856
d91c2acf23e16de4ca6fb66830902c63dcdab6803cf6c6d5cfc5954fdd5e0cb4,-1,-1,-1,-1,664576,-1,726016
461fe886a7ead5e29b11961f8025c71dbbc29e223264264075bec58c8b22e238,-1,-1,-1,675840,765952,589824,753664
131f2b18aba2979db11f6f47fa2629da92dd7ffa8cf88b7233ea60daf4455e3b,-1,-1,-1,747008,749568,692224,749568
d255679b460cbe4301e6f90b227a3f72f22586b36ea8fa3ada82e79cdcbc8c79,-1,-1,-1,413696,462848,393216,765952
026d7d7c03748e0cf7e57451d4a9590499ea35947bb3c5b69d13971fe5bf1ed7,-1,-1,-1,710656,749568,747008,749568
d1174c62247785cd0eeb02e34e827057e205e8c8e74f4da99e5b5464d6ed6b7f,-1,-1,274432,684032,704512,450560,765952
7d33dac7f3789ce3bb3ed3f4a0bd9a1d8abb83d6110ecd4ed1e899371b64acbb,-1,-1,262144,761856,598016,720896,745472
641e0f3631fc7e976fc4ebfd86af0842b9a33ca664a3602c95ecec1978b4d9cf,-1,-1,-1,753664,667648,724992,765952
6ca78e6c7e40dfb5f31cf6ae78b1e6613817c06429ab9833b5ba43db10514e0e,-1,-1,291328,749568,678400,749568,746496
e8df78ac02b550c17860e914815f4138f9e579dbc908d359b94f31ee74bbd8e6,-1,-1,-1,-1,663552,700416,765952
a8c6cd862a8b39fec629aab8b80a2ad4e2f6e7544eed918ab3fcfe666a8eb905,-1,-1,195584,623104,685568,754688,754688
b498b1f8a8a102a10b999cc0eaf3d11803149640017fe988717d70568152bf83,-1,-1,-1,716800,765952,737280,638976
5b906240c8c82aa17d3af9351fb13b88f7aaa56b4a7fd7cf3bd0e7f26d9070ff,-1,-1,-1,672256,656896,752128,748032
ba77c6d0dfbdbe6ee8539a35ee86c5c6fff309ea6e0297a1c2766d3d306a06ae,-1,-1,292864,711680,749056,742912,743424
472071f6f384021a7a506b2270ecb5c5e9827ff0c4a81dd7b219fd9b06d12d50,-1,-1,-1,708608,765952,516096,765952
3d37d01d9f1aab2d7dee0be490e66f533c83d481f13eb74aba07aa788539032b,-1,-1,-1,750080,750080,750080,664576
a603222ccd1b16704928f1e8d365f7c8c59345696dd83c85f985203bbf15c0f3,-1,-1,286720,647168,720896,765952,749568
3be095fdd280eaf2d42857cc9ca707901d474886be65b0f689e86bf6cba749cc,-1,-1,-1,-1,-1,-1,-1
d820e4f5e4e430dd9a937e5e1c445355ee6453d92d8ad5c4cfaa97ff5ae0622c,-1,-1,-1,745472,737280,761856,765952
73b2338c57d7816f763c9f5001519e67d53ae8050b5388ce9c91e754befa28c9,-1,-1,-1,753664,704512,765952,757760
b6d6957b4e70123be97dffd36d9d12e2b733dd26f9a19c58e064f047fa72472d,-1,-1,-1,750592,750592,750592,750592
91bb41f6cc51d2ca44062e7c0bda1efe8daa548578720fe7885279e4f4d7eacd,-1,-1,293312,443840,750016,744384,693184
90b0556edc0cf5c4a69b7523d457ff6d7a738cdb06ffd474cf1cff9d90c943e0,-1,-1,192512,711680,724992,741376,749568
e221781d24c3cbb73d78cc4b4d764e9c0771630201439a20c152a20c856a1988,-1,-1,-1,757760,-1,430080,-1
585b533be4649a1cdc1c74d9ce03d17e05066908986451b4e5988f5ffa30a976,256,4096,-1,742400,128000,713728,629248
4c8589912edf255aeee2050e35b45ab959676ebbf4cba2e8b70ec80260715f4b,-1,-1,292864,749568,689664,749568,749568
085eaf7bb61020a80939c34b2bd58acec3fddc80de2c151428ec477eb63677de,-1,-1,-1,610304,712704,720896,724992
a29397e3070c18b47f3dc2bc4ed8ac9f4173242f08e623f42cedb6ff0fac9197,-1,-1,-1,629248,-1,752128,752128
a7fd1f67cd0a0680594c2dc4878af947e83ff6e66ebc4a563aacb95b64cf02eb,-1,-1,187392,666624,749568,717824,717312
753e850dcf7b63d8b4cd1af4d9939d97024d0e141843c3df3e4d70742f47bacb,-1,-1,303104,487424,745472,692224,712704
47059e444d975537ba826424da94a9c2f4cf31ee291594f4be5df2caf5471a27,-1,-1,292864,749568,731648,749568,749568
c886e7e18f6fa9a1dd6a185305ec2fe84248e3e95a09d4dfc35c7ce30f536e5f,-1,-1,-1,-1,-1,-1,-1
12ac13e3144846cda719cd54471b10b40b631def0f6b86132af397ad8ac2bf5d,296,4096,279040,724480,753152,753152,752640
e0c412bd8c65d9b01b289890b881ce813355427fa464dd2de4555b9888f4cbc4,-1,-1,-1,745472,765952,-1,745472
fde3ed1a382b6e848f5e149e9db0d273c1d67757e236133ce8554bc576700bb4,-1,-1,-1,-1,-1,761856,765952
3faf188a9fe2149b5d77f5396c7e321df82951303cd24aadff783db31341104b,-1,-1,-1,549376,744960,747008,728576
0e7557877a84eecf5fad1f7dcc6e6f78070166c383f6774066a7db6e211bafeb,-1,-1,-1,749568,689664,749568,749568
bc26f86c70d06cf346283aa1b82d1a3cca112f4eb54e96a77ce47bd3c068c1e2,-1,-1,292864,749568,738816,749568,721408
2a40bb93b42bc98d85100c5b3deaa2488e608c0412fc5c3db482a031182696e7,-1,-1,-1,-1,-1,-1,-1
4a3755f2001b6f9cd0981f05576d1d575de7e1331ccb64c3ecb0a5336a42087d,-1,-1,274872,750008,714168,633272,657848
16f806f2c49bccb2e0c0ca1af52e9caf0044acfb251ed46575d02bdc50e7a39d,-1,-1,-1,679936,749568,757760,765952
5405c385083d53e5913bfd02a51998c2b1c5ece01cfb35f397b0ddd533db3a1b,232,-1,-1,750592,748032,578560,750592
2f5c6182a70cf89a02e7f9ce3f05901db22ee0237e010e531e6a8701aa188e51,-1,-1,293308,750012,645052,750012,750012
8078fca178b7a0c7f483189e897ac78654e0db76b96b900ec37882030b04fa48,-1,-1,-1,720896,-1,716800,753664
7716a390514d514948714de783af1988bf8ff86b92edf3e2abab21fe82e4e2cc,-1,-1,285184,687616,681472,662016,654848
9178cb347fc30d7e5b9b4365f36e645e2d23f5903772ad3d0f38be081bac3275,-1,-1,-1,647168,741376,747520,753664
467b078c1d5ccbf2bf2c44ff13329049d8cfcc2bf74db103804a7e4ce7671aed,-1,-1,293312,750016,750016,750016,741312
86e2fece2c001cb0f402c8b6491fc220682e1b277124763c83df35c487775ad3,-1,-1,-1,475136,581632,752640,429056
b468a5fbbd554a631935653d7b2cc0bc202945911ee0f651fb325ef8589730fd,-1,-1,292864,672768,665600,623104,750080
8ad02ad3ea88a3311ff654195184481c6c44e23bbe84f4dea751c91e5913f1f8,-1,-1,-1,712704,679936,757760,667648
1311cad6a4f128a22b89d3f7172a2a418ebb9411f8005b1c5d1aa09b9390c937,-1,-1,290304,730624,742912,742912,753664
c7a400cfe3e94d343edcbfcb6ef2848b75981dfc0d2b2a92671f4c3d3bc0d229,-1,-1,-1,571392,-1,749568,747008
ed1c94b1731d9a3676b7a082ccd474c85d3d2fb23c055eb6fd811ede7b60be40,-1,-1,266688,717760,715200,744896,623552
cec9179925445c4039a5f0ee1eba203aea53d0b8d6262a65acd605ec5d6dc611,-1,-1,293312,750016,687040,654784,750016
790b16021f71799b15e39cfc892339370400c3e6f4ba4f3d2298812e84201238,-1,-1,-1,581632,765952,757760,765952
31184d1c1c00d3d936452d5887a7faeaca10a0493c4a6debea56b8270103ed5b,-1,-1,293312,750016,719296,750016,730560
0143457e8ddb0076f98b5a4e8bd0171668ee79e4d5fa0fb8e2abceac8e97cf09,-1,-1,293312,603072,750016,703936,650176
a050ab8cfa2a74c0c7d1fa6dddf42502135ef1aaafa553781f50a169054d1791,-1,-1,289216,750016,745408,738240,645568
7453b0fa91e10eac196111edb935e4d61fca8c0d02e658123184babc3abf7f28,-1,-1,292864,745472,536064,749568,628736
8ede1d6f33110f7b764d5a032ad21646fb4b1a1b615c4bc8d7822a573dfe02d0,-1,-1,-1,573952,697856,564736,739840
65423f39b438acb3a6295951aa989f406b44dcb7a73ffca93d0e7ed5b5f93766,128,-1,114688,740864,754688,753152,713728
ff4776f674cf367052cd4be852fe6fe41b7f70817807e15f598bffc2072f333e,-1,-1,292864,707584,741376,749568,726528
1dc000ae5fd864a55c9f1a320bfff6d210b7056c800464493ec1893c69de9445,-1,-1,-1,746446,675278,728526,-1
cc873eb2f924d049f75f31737bc6fb26fe423acbf7a85bf90b197f9e7e0a2192,-1,-1,-1,750592,686592,750592,642048
cc422c297ae7857b58c657baf2b3717b12dd3824c714af1768b9dcffd897ea06,-1,-1,-1,700416,737280,700416,741376
10bf206c5611330f35c7e304d3fbae48c7b31b8d647d7ad9b654c3d44246a935,-1,-1,-1,700416,610304,704512,737280
c1364809f54a04a880e673fc4dbbcb30107339f5fb6c2309532c73f13979cc55,-1,-1,303104,720896,663552,667648,667648
f0854fa9227abc109e855ac570bee4a7003d2b58d702fe00ac721407b4f90a2d,-1,-1,-1,675840,765952,692224,765952
498ac7588885cfdedb1799827ac6527a50bc21326e38fb83d5eb22a4929ac397,-1,-1,184320,434176,708608,761856,741376
b9eee70d5f59c70ac25243b1d91d3153ea3d8b1c36da93c19c74f0e89bf7fbfc,-1,-1,292864,573440,745984,696832,424960
d3db0e441144d577e89c6f3bf7d3ecd79fcc885039d04ba1158cc5592ad3a8f9,-1,-1,292864,341504,-1,341504,172032
26a40c1a873c2564f279ecf4a39e48b658e442ca34278b7a310e1728ff15073a,-1,-1,-1,-1,-1,-1,722432
9a75eee1ccbbeaa4928c1ef7bc574dfb6dae79796c4105906445f7b058b83ebc,272,4096,246784,746496,749056,747520,751104
acbde45b0a51c580a948ccd02b99066921507cad00c1a266a67f17c68f82b079,-1,-1,303104,765952,765952,-1,737280
17690625acd297fc321e2dc2a9ff25ef67ac9f7d5fc029bddb075ac7f65d3237,-1,-1,-1,681472,678400,749056,695296
d726385afcd60e400a0b19e3e66ef820c9e07eb7e9d877163a96b83b943d86a0,-1,-1,288704,721856,732608,703936,722368
ac4519454b4c62d52c9eef49316a82d8d3e7f33815d607d779ea3a773ee4ddfe,-1,-1,-1,-1,752128,666112,-1
63ea5070188fa7a626b81050a01cdd51709ebaeaf59272f862b44d08701f3808,-1,-1,-1,-1,-1,-1,-1
2af65d4dd3f65a059ebed8adfe6722d65c809511389d1579090a4ebf30663486,-1,-1,290816,737280,765952,565248,765952
24767e2eb54d3c5b4f045b4e0760db6cc99529147f1f8e7d2a0105bc9c411239,-1,-1,-1,749568,632320,730624,747008
53a186b16cb3c3ffce9941a5a820fdfb628ee236a4400aab8e20758286d42294,-1,-1,-1,749568,710144,747008,741376
ea220fd9269cf0dbc25dedba59d742c860725f76722cfc218f995c0484c2989e,-1,-1,-1,726016,736256,726528,750592
e4ff4708fe623509c75383184ac54236f46528c4010723abb48d1966da627d35,-1,-1,292864,646656,749568,728576,728576
85dab634cb48a222a5fee81c3ffc3f40c7d3ab74aec80e771230021e3d899147,-1,-1,261120,749568,749056,692736,611328
6cd67d3b9fb4fdd41c55d62566047ce4ec3ce1097f9cd89d71d9c31bd55d6b5a,-1,-1,-1,747008,749568,749568,744960
a8fc8548fb54ea6a183b74da95447911c9bbc43fca370d6df8e0f5d2fc568641,-1,-1,-1,-1,731648,-1,-1
f2dda0855a931a5706eca358dca38856aebe8ee8afeab7801a95df3d3a273c21,-1,-1,-1,-1,-1,-1,749568
558babd06222ceb30245bc35d94da443576d5b8b07bcceed32bcb0942e234160,-1,-1,292864,721920,743936,-1,710656
00b3ea05cf3a096bc11973414c5a592bc0f210162ad0bd472456749ea6b6c252,-1,-1,-1,471040,614400,765952,679936
1c591129828a85350ea06512e284d62c8930d0d299b3df99f518fd55616fd09a,-1,-1,-1,749568,677376,-1,730112
e272042e3401e322370518b02f5e4bfd825d9b83dede42316a1b3fdbd05d2bc8,-1,-1,-1,-1,-1,-1,-1
9cabdee31bf2b2123488ebb6d3301ce44d449e6a420a1c52417fad1e3f2ce4ca,-1,-1,-1,711608,733112,556984,638904
d9cce5d7dd98db1145582da69b1f41e2d8609c5b5f18bb5d9bc9d81f12123834,-1,-1,-1,737280,573440,765952,741376
5db6cddaf39197559eb10b679784df9bc1031175d9929c775176167db22de883,-1,-1,293308,748988,750012,750012,696764
64f7d1b74dab4a3d7a3d034c48eeb8bbc9f75f9f2b5866584149bbfa16d34a9d,-1,-1,292864,743936,749568,747520,739840
8742f124a4f2b7b303aab68b91f16214dca51809fa3858ad47326319433be325,-1,-1,293312,750016,703936,750016,750016
183404e0bfe232a495bc6857e849e8a0d96ef8262d57ec45a72787010d456dea,-1,-1,193747,485587,743635,-1,637651
6a6a93bf9a5d98e6ee8ccb723090b32dada6da83279e19110ac516611649b15b,-1,-1,293312,750016,750016,738240,635328
5c8cda44a8d841468d6355a7deb81a17160ab6ea981f2a2b1f24608f6ee84661,-1,-1,292864,632832,749568,456704,749568
4068b18579178a11344925349eaf70a734a1a8d3176f8539169291d1df997261,-1,-1,-1,765952,765952,753664,761856
537bd2471ea896d97cf0d2fc6ad4616dd8616a4f72a6f2b4f75fa5838778d21c,-1,-1,-1,647168,-1,727552,696832
c3d974995c957dc88a6ab31002f7d884c9ece2bc685edd1fb9ad161d059e1940,-1,-1,-1,512000,421888,462848,512000
d591d1de8194de6860c47e3b5546d71bf5067ec0c3bf1a836f96dab1dd5655c6,-1,-1,292864,694272,745472,703488,574464
bea76333a4b4e23113e37e954a13aad2e0944c88c4abf134e5b41b83838d58d0,-1,-1,-1,671744,657920,654336,743424
8df9c2718fea0cdf00489fd62c5d8fed40be411914a37f6a99b73a66e934fbb7,-1,4096,107520,680960,666112,692736,749568
962c6c21e5b26302382b2ca11d36c3db12cbd5b0ff5e2f771bf151ae8bfe454d,-1,-1,187392,749568,677376,749568,749568
38876b232a6c68b9453d15f02fbb0747dcf40ea0d5c437176b2f797c41c7f1e4,-1,-1,291264,740800,750016,480192,750016
3e117688c524116e082647d88bf312c75680645bbfe4816d988ace69e8f874bd,-1,-1,292864,-1,-1,746496,-1
dedbf37e935a027cf84592d27218dff246c980563973ed8d5e3e78f0fc5f2c8b,-1,-1,287680,598976,644032,721856,720832
131afbb89cd70ec2501d4a9ce3fd6b830d84abfd168fe74c772ff673506e81ce,-1,-1,292864,540672,640512,736256,706560
e04feb43f0d2d8091532ab78aaffe8b657229d11d7ab8bef862aec5d2fb799a2,-1,-1,-1,617984,737792,737280,691712
44b20e52107f62f88a2e0eb4d978bca23e2d32741134117d70acc9bb064323c6,-1,-1,293312,745920,750016,750016,714688
5e272010fb209720a70d9fc76aa5db49204dc6a54acfa5913031813334ebfcca,208,4096,292864,704512,687104,502784,742400
41a2d2a27461d30048d6953c16bf5f193a21fda05947c9e440a3eed63f5a77c4,-1,-1,-1,749568,729088,565248,712704
d36043a6dde6802143fd5892d1f4722487339701275417e0ec02dad181dc6ec8,-1,-1,254464,750080,750080,750080,750080
74cc2764672964cba2f33ddc717b1eb83f9ae8767c4fc03eeff20431753ecf99,-1,-1,283072,703936,634816,734656,633792
fac0deb9bd1e8aec01ef425799d4fac53398ab8619923620837b4670cfd153b4,-1,-1,-1,765952,700416,765952,700416
4a71018286c1b8e95518d25c0c2a92a98df9c97e7c3f0f17e8cac2a1a540d2c6,-1,-1,271872,749568,717312,678912,740864
7be770544d35749b63996a43aca62a687e4b351ce7b1efe63719156c809405dc,-1,-1,246784,749056,720896,734208,748032
2c02e1f88762e3c19871e4092bee7e4f0b149e3a4454158d6caac5e34ca081e1,-1,-1,-1,647936,-1,573184,-1
de25d6f22405f4d0d0a3ae166c8d82e638be897a0c404878adeb93811c6367a7,-1,-1,274944,507392,736768,605696,749568
36fe59027d83e08cf5b5c0b9ac0a18ca4c70366d55f586a5ed45d3a9a5582783,-1,-1,291840,702976,628224,662528,629248
c81eda2219fc73819ce68dc01822d29a8ba2e3314edbe91e91e2d141141d9c21,-1,-1,-1,-1,-1,-1,-1
d70b38ad0d1984e037a26f256be67f51da3e1593c2004c18df58f3b3d1014a73,-1,-1,303104,729088,724992,761856,733184
ff0df54dbbede8ba0af2a62344832a6226d48ab8910359a1d4bd7cd7efd7beff,-1,-1,295424,551936,435712,674304,674304
e5a8554cd596859e7a7fb2503ea821b8b73cff7d1ced3d727585b9676c1a0c67,-1,-1,-1,753664,753664,726528,720896
09a246cdda60154a85eb91bdca7f3373666435f9be81d325b54c1a53a412f2df,-1,-1,-1,229376,761856,757760,462848
5e347b50d7a9fdff3712204303c629ec073298747b4d83b43623a2a7b25d2dbd,-1,-1,-1,720896,724992,-1,-1
e828cac29081414116a6d5c804999bb212e3e3f497bcd557374a3bb792f0b334,-1,-1,-1,-1,-1,-1,-1
2e381fc32ea8d3252510d6538d7106982f0ee1990a44d90f2513eb19705ce312,-1,-1,292864,749568,749568,749568,749568
9353ab287593035c01eeb6786a2633c0203421a6117e985384848a0c7f50c0e2,-1,-1,292864,749568,749568,749568,671744
9e29bb17eb3ce7c82be987577e823382bf353d853ab0032fdbc116488f961475,-1,-1,-1,-1,-1,-1,-1
9589ae1932f7b3ff045cdc6f41e9f36df9957f77ba1b8087a648593bc46eeb21,-1,-1,292864,749568,622592,720896,744448
d6e1ba8f484e04732496333420d6a2dc99a366af5fad4f60f17128eadf0891e1,-1,-1,-1,-1,707584,689664,750592
6026babee3e2eb9baa3d7b60a4ac91c715bf071a2eb8f6fc776e1d7a242e4a54,256,4096,-1,750592,430080,604160,-1
de114a4ff1cf54f9ce37008890a64ca6d1b665f8799a0eaecd5f83803caa953d,-1,-1,-1,-1,742912,-1,713728
3c959a75dff5aebf59ae1adbe4c790e58c2b28225f37c061a50a615f77826f79,-1,-1,-1,749568,749568,676864,678400
0eaa541833301473566b508b3e15b5fa848ca65d0caf0e40e66c39c950bb8e60,256,-1,292864,751616,747520,752128,752128
82bf6a9df9780c6d105e9bca388b9c8aa745e8a173086bf8c8a35204a669cd89,-1,-1,-1,729221,662661,720005,748677
dce97dff24b1450e1b2038c4cf2713d17ed3de1f3bb4ff702efd2756ff8bd5bd,-1,-1,-1,-1,-1,-1,720896
bc12a537bf8b33383ff1d77f9d411ad07ebfa63fe26987c222dd151d5a21d15f,-1,4096,-1,646144,710144,-1,743424
30eec4432cb824b121443e07f781db439ea3334a49751d9bad4dd7d620a26e75,-1,-1,-1,-1,-1,-1,-1
c54268ba62391180179ae2035d324fcbb4cba40b8303bdd16c6b05ae7d3a9c22,-1,-1,-1,670208,-1,741376,749568
9713b0c9c3d65eed11bb393a547c6b07e4858832de825e6a0d3781606daddc9b,-1,-1,-1,573440,487424,675840,733184
d2323d8262423908f2c21ce1e6ff50372417b72e740cb74d43fe274cb92c6e59,128,4096,282112,743936,749568,737280,750592
fa283dc14704eb79b3df81ac2024b212446d8c782f0e406248be152845b0aed8,-1,-1,-1,620032,739328,715264,735232
3b2324098c7a1626e1ca8c8c3d9fc1710705c4feb8fb0b5c8410e2b7e9ffae97,-1,-1,-1,749568,742912,726528,692736
5a07bc239b3628a3848d1eceb7edcdc273d6108b54c1e1de9f62fff725b491fc,240,4096,299008,-1,753664,708608,675840
2f88edc8b943e0b3e9f7a8e44491713e28bfd1ddda991037b3ccd40f423dc826,-1,-1,254976,676352,752640,748032,731648
640f4418c87b5d2c7efcd41a051e9d054053cb719d01bb09c2c8430c8cbcb1f7,-1,-1,-1,749568,669184,-1,652288
57e38d7d06ec8bbe6ca6622ca67d39083fb97e00e21b2d2f69d1face624e758b,-1,-1,248832,749568,667648,652800,730112
47ed4a3cad50ae2d78fc488cc8d16b045fa3e85fd29948f82db8395913c74c2b,-1,-1,-1,581632,761856,757760,684032
524f05e72b3a9937a309cedfbc500bba3a485efc992046da661d3709c7d1f0f4,-1,-1,-1,-1,737280,752128,752128
a0cc2d8fb7d0d5b60cae8eddb8ee21608eaa746f9dc44fea6402aba80f8c710d,-1,-1,303104,716800,536576,745472,-1
fef452450063630edd85c54bc7a534fd143307299b0382dbedbc7d6b1a1f4414,-1,-1,-1,745472,765952,675840,753664
e4d685034444f14e6ed8ddb86e652f38efb624cfa939dd0e7400cfb23d3761e2,-1,-1,287168,740800,642496,750016,750016
8af06f3f9e2f2d5a77acf2565235401a9ac2afc454ea3e7663f77ca65519e6bc,-1,-1,-1,727040,-1,-1,706048
b812a65a090702142f3eedf52d633babbc7301ad186700a750c6bcbeceaf0b1d,-1,-1,287680,748480,696768,750016,750016
1b42b9b80482c16a57f1eaba384c084dad070d0d1d1397cfe3a6d31ced53f886,208,4096,239104,731648,453120,171008,685568
fbb04edeac7f05597684c5209cfe0d7fa371950c5aec92a3bcbb5dd617b4b5cd,-1,-1,292864,746496,-1,749568,749568
95b4e6185635b6fcc5d0060dcdf6767fc80f32c6e4e4f48e66d994e0fa5059c9,-1,-1,-1,438272,765952,462848,753664
0f8d582570d7b3a3ebe365b4416b8f6010e11ceb1dfdab9a3c32e661b7a4cf0e,-1,-1,-1,589824,765952,741376,655360
8a6ddd9769da60b277676a971c6927e0ab61fd798171186479aa26ffff458c95,-1,-1,-1,663552,761856,-1,512000
4b702ff1103d3eaaeaac675bc58c7458bd993e9518e0a4620a5d41a668f5585d,-1,-1,-1,638976,729088,692224,688128
29e359a876325c8fbb735f709f91ae9b02361f462386b008f71255ff99e10eca,-1,-1,288768,750592,413696,731136,754688
1c3c1e6fbebe38a46282bec768628c0aab7ebbb7d9893d3a5ac600cb3567bae8,-1,-1,293312,720832,709568,750016,670144
5f6be3bff5d4fa9b1cc5fe7365745229374b00939b92d0f3f5294cb4f54c17d8,-1,-1,289728,745408,746432,667072,726464
b8b0aceb498b5f56ab42a815277ceb25ef99f23fcbc312505bea7aac424fc16f,-1,-1,-1,-1,-1,-1,-1
aea805e9e7c207007ee9f4e81923434bf6155310d81d7569bd5fe49e0f178b1c,-1,-1,-1,475136,753664,344576,723968
3e4f65c627c95cfa637d0f7993f1a8b4a60b10f73c8fa45f0e577e7e0c938014,-1,-1,-1,-1,704000,745472,731136
304bb701c310d60dfd51d63f2d21141397442875f963020775b51fa426d1e11c,-1,-1,-1,742400,750080,750080,750080
66e90681e6dcdba208e359fc05f1fde3cdbb3bf2219a4235d70d33aec8f9301c,-1,-1,-1,739328,-1,745472,-1
0e4d63ff5796c801ef361192804e239952bf09eb6f7f21c6042b572ade9bd217,-1,-1,-1,-1,757760,765952,638976
7ad78b4db6a0b45cc150f1f041fd5090a17465d231b8c105c5cbf886231182bb,-1,-1,292864,748032,750080,750080,706048
21ae5316f319fa8f7f0c7f2f3a030de614907ae59477269606a4e17575bb7919,-1,-1,-1,749568,738816,749568,749568
0f92b45582d3360f349e0fc4eadf983f3d5e412dbca9fabaa50b6f0455947771,-1,-1,-1,710144,753664,440320,753664
55ad2df8ed69ed1bb3f99fef34d16ffe2623f8f0b332c17278d4e216a85d6c98,-1,-1,-1,560128,694272,681984,752640
d545197daf52f29ebb2cdd80c830e04d10a4d9058bd8bb516b850d176c5f702a,-1,-1,278016,749568,424960,571904,707584
52257117b3d7a177ea7403f8854265f3f0234a2f3a5d3c52b505d2612fb2f585,-1,-1,-1,667648,471040,581632,430080
839c6c8e2d547da2345d9b2290e98b4cd36c026ba808d46535caa28dc3918c40,-1,-1,246784,502784,641536,745472,513024
0b173b8e56ef90e5dc7cb9a5ac5d9aaa17998d3fcd139feb62636c1756e8c8c4,-1,-1,-1,-1,721920,663552,749568
5f5e16642e21130b64b3d16babda8dc8a40cd6a81580992ad0df7a109ce289e3,-1,-1,287680,721856,744896,748992,734656
a8ff6b5417c8eb5fa93aa9790e68e8f434055263b01e92b163da7f90c7d56181,-1,-1,293308,750012,628668,639932,750012
8087b0f293a689f1136934e011b617da0132de74f762740eeb414e572294bf60,-1,-1,293312,748992,750016,750016,750016
7de864e6b0bda347c6c217f3dad3873d3e1dcb2cf309622bfaefc49eda00ad0f,-1,-1,292864,519680,-1,746496,253952
d6ca10c246b98591645181b9e9fadd9bba88caf7fa30dc3f87c1704a761d8d0e,-1,-1,-1,447488,750080,503296,730112
ab47e2228f341d8707bbd8a78530d0b96fe0b9419480449563bcff7e0ee14f93,-1,-1,-1,753102,753102,732622,-1
ae5f0b29407f87bc8c97a09633e1d00f1f9a6863510fcf12f879eadbc27f00a5,240,4096,292864,749056,748032,750592,629760
1ace6f372ca976e993083a268693c6edfdf5e0b34879d7d901dc2c2e2d23d7aa,-1,-1,292864,694784,700416,623616,699392
08a02f8b9305c96061518d35b5f9a917897a9cc61acfd1f0192b6d3545a80e01,-1,-1,-1,572037,572037,-1,718981
6849e74fd25e99cab84082897fff5af0081ee0e2da703e5aa9ea753f44e9869e,-1,-1,247296,465408,749568,749568,689152
a5050f6fca70b60859ff2566517e1168947f4b758ef0df9aa641badfd5a488a8,-1,-1,282112,749568,742912,753664,753664
ba2bf79b364bbb08456b228df66a172fd68ab6085221edc0910beb1f0ffec382,-1,-1,282624,606208,716800,757760,749568
3990a31e03e397054c32290976ca733f52ebb619083e12cd6cf0edc3a2e936da,-1,-1,277504,749568,749568,748032,661504
9786eb1c5b3d7a56477b38392fe80a2eb28c0b4864337166ba3194e2d80d895a,-1,-1,288256,750080,739840,653824,739328
f71d5c78b7c868af0e7b70b1b6fa311e2c36e212b8665590cce15e2a0d923e80,-1,-1,290816,593920,747520,726528,495616
05ddf7b2b93726ff70930b604c192353b8197a8f138ca983fcb03ad71b150614,128,4096,206336,645120,632832,670720,727552
d5a3fcdd643729c11c1f31466c46128ea4cbf6045bc2fac7560d09ee82e1336b,-1,-1,-1,-1,-1,-1,-1
9dc4b2d04640b729cfc7b89c7f48ae1196e807128076c011f894d248054558b2,-1,-1,278528,438272,700416,729088,634880
c3dd904e07c9f7c76086df543827e230d55a157ba2d91d4a8165a57ad0e1e8d0,-1,-1,-1,-1,751104,748032,-1
54eace7bd720e516af96f2bbf91bfa2786f28760e35c460ee594d5b6761a19ff,-1,-1,150528,720896,738304,690176,719872
52c7bca308fddf7bc9dc9b547fcf64aef19ba78afc20cedff18969de1374f88d,-1,-1,-1,720896,745472,614400,733184
1b0bb55bcf016ce7571e08c6e9ef3bc3935ec6f3b42615bd0f29413045d6b91e,-1,-1,-1,765952,704512,753664,737280
b8f1ae9c6eb8622125b0298f35b9fb7d68c21f2df85a63be02a7d97dd478fb53,-1,-1,286144,750016,750016,750016,717760
ee369b4331dfaafccb41171b08b53f22d4c91e1e0f7ab6d77731dff96aa0a010,-1,-1,293312,742848,750016,750016,750016
97493729fca3d18669ae3aef1fe42e02b71241f01e361d48fd6d6fb3c87e87ca,-1,-1,292864,688128,-1,-1,749568
d94ebb3678c1440e82cc507c2a020bdf3e320b6db45dd073255bf4505ebb8bfa,-1,-1,-1,-1,-1,-1,-1
e462622eee5944b33083d5118db5ccd8cf2617c74d0d3fada5f72b0f16bd70c0,-1,-1,-1,686030,698318,745934,753102
8b2095f09a95a67572befd35a95695bff3284c7180500db366241dae833ce259,-1,-1,266240,741376,765952,667648,729088
5e35c9e554890454f1ed6779d36ca0d86f7ae0222383e7f9085c99500e4f8b0d,-1,-1,-1,765952,765952,688128,761856
c7f84fed5258c14ee1abf4a7452ffc6634d30b80c31aaa6937880dd0a42e335e,-1,-1,252864,687552,680896,704448,672192
dce4f274cb49326b28143be5605afb048589e6cdafa29db725990afd234b3833,-1,-1,-1,735744,602624,-1,-1
ca7015b484f5160aca4c7ebc72b758ea4882c4759f80282aae8f4192bef351ea,-1,-1,-1,765952,696320,581632,765952
182cf5b6ab40b8081100e5ede9d06b588a12ef25b89c2d01530ff5b88bb8d576,-1,-1,-1,-1,706048,749568,749568
ecfa02e467b60d7d271c0fa18310da0f19731e73e75e7020e4be0801ff917347,-1,-1,-1,-1,-1,741376,-1
25a1549a3cd65e284afc65ecabb23df02c716c9f0f808d810ba8cd6db68404f8,-1,-1,-1,-1,-1,-1,-1
4f678518b38b0b4dba55d7bd2da6c15e165755684bf79436292b4f64ab6cb32f,-1,-1,-1,720896,704512,716800,712704
a20cd44a9e5ebb21b1f91d1f7e52109ac7949fe64f8f6087dda43832ed9b06c9,-1,-1,294912,-1,393216,303104,634880
9b1c54b9e38291b2cdbc9b0ca9477a2d8175a6d062002c566a1530bfe189423c,-1,-1,-1,753664,729088,753664,753664
0b3b00e74c292db853d9e8104bc40f7077d130543732643734cc4b680cd00c05,-1,-1,-1,602624,748544,699392,745984
26639e2726da7d34b78807fab7851830c354bd941e2ed25339b0ce4b91213360,-1,-1,278528,479232,765952,712704,696320
26a86730ebcafa6749caceede08e4d0a6858f0ef3b3e3f842ad020e0668450fa,-1,-1,303104,688128,733184,512000,761856
84a499b3f4861d303a0c0a1c390161a7c878d67f4cbac26d14315930272242eb,184,4096,286720,733184,737280,724992,0
208331219e50216a22cb95d5fe09a74de62f1e54eeb916906e938877c7b01c49,-1,-1,-1,711680,749568,742400,718336
ed2a3c4f4d2be789b24e6892df4079eca408b340c193062e01d5045c9c728213,-1,-1,303104,688128,663552,557056,618496
26031d4503e367a2a618a8c25502d8cc8b2d59b9ce842359fa3cf9c21572c9c3,-1,-1,-1,749568,753664,744448,742912
dd85efaf91f29ca86c910b01ef6118be6b6b89c8adbe494ad5010f731b76b285,-1,-1,-1,617984,745984,743936,742912
a72a7236d7165401296f7d3537f9c21c59eacea65ca310667df9b0502682a175,-1,-1,257024,747008,747520,749568,644096
5e6c431f99f7b35c745750a8fa801e0b15ee542e456d638315a8358463fcffb6,-1,-1,-1,-1,721408,-1,-1
cb73ac0b427f9705c3154422f83b057fb35df1bf94ee70b234907da64e111e48,-1,-1,-1,724992,692224,638976,765952
5fec07f363126ee5397687adc53f2742d5295899664084e748c7c13d82c5cc1b,-1,-1,-1,430080,462848,733184,-1
b1e39d76f0398b796b5d6bc234f0a17d8e2f5959da679e022a145360ad777f5b,-1,-1,-1,551045,710789,742021,734341
1255fc7179c9850422a6591b5cacbfbe655189b95d93c538f6104a76c2b7e654,-1,-1,252864,750016,680384,750016,745408
6c45c21a497be71dc8bbfb08bceff512e4599aaa78b2bf3a297436dcd49730dc,-1,-1,-1,749568,749568,749568,681984
8bf6db730ec93aab071879a17c18a67308e9de5f5bcaecc00595aa271a06d751,-1,-1,-1,-1,-1,-1,-1
a2534b18c943bf97653c41765ef9308885a41974759d643cc64892babc26dd17,-1,-1,-1,-1,711168,686080,749568
7405384980cf2d8be88343a4dbd3b3801932cceeafc05de650e27c4d14112c46,-1,-1,303104,475136,581632,765952,761856
78e588e049b0f387e3e583f5e60c6c9b1bf06fac4f16ce5ee731bfdf8cead59d,-1,-1,-1,749568,749568,749568,684544
f0972189513a364fec7bd92b75abd5bf11eaa7253a1ed3db6155f3c6a61e6513,-1,-1,-1,671744,716800,716800,-1
a62b0440fa17b7c04ce6543e69b4e27046de1950faf73a6806819b683f2a8672,-1,-1,204800,749568,765952,765952,741376
bb32f9cef9faa48aa867ff7da9b51378a4a5771d0c44ba0f213db292e8930434,240,4096,111104,456192,501760,729600,653824
46fd75152c57d5dd81954d6eda8024948ac7b54508b179464e2652547a65d9eb,-1,-1,-1,-1,-1,-1,-1
f427291a4a834347a81eda153484945b82f598f1cd9756a035db07dac07cebfc,-1,-1,-1,700416,753664,614400,679936
9c612df902a30254ed47460ec6dbcb15e548e3a53fbe626e9fbbedf942220208,-1,-1,-1,573440,417792,741376,630784
19e3b7e9c5b3977964fef6f316499927afc75dd6ad658f84b52387332695353d,-1,-1,-1,-1,-1,-1,684544
2f8145331b8e37b6bdba5a610d34a15114ab5a179aa44da79b3aa4ce94bb9c1c,-1,-1,-1,-1,-1,-1,708608
14bb779dba2f308772d790527d75f21945aae81b553d12bffd8d48757a468f75,-1,-1,-1,750592,750080,666112,735744
eab83e60f0276b57ae96ff509396523d37e928d958b7113933b17d3c227055af,-1,-1,-1,749568,723968,-1,710144
66f91d3779c903ab10920ccfe7c20488a0aa71a8b40099cf2c34bc575262738d,-1,-1,303104,741376,765952,757760,753664
4e9512d88eea499a5ffadd2de3f3e8aae9ecaf66f5dd7a4bc79ad89c27878d38,-1,-1,-1,-1,679424,698880,732160
82c3d319031059150dca8cb24d95184fe5927beb900cee05b0ac9f82e1a77fd1,-1,-1,-1,479232,729088,753664,671744
c38e5946549c96996fb0339c0c9de05a0d19170ea4f760182ee623c16012dcd0,-1,-1,-1,753664,734720,753664,753664
9e2c22e37c8ee0ea4f0968bd4cb400986a2b9b7eb31f188b4bacc34dd76862eb,-1,-1,280576,682496,749056,693760,424960
6bae35a12a40c453b92d2ad7dac79a5ef6786ea36899782b5f14666a935576ca,-1,-1,-1,-1,705486,-1,753102
0a6a948bd563624c3fe11f99e72ca1458787badd7bb6b08283a1cb8fd948e7e2,-1,-1,-1,744448,471040,749568,749568
29cd3f4ea98db97d1f6bcffda322acfc3006ab70c4e98f4a11be33fefb837d91,-1,-1,-1,-1,752128,752128,752128
f948f76737e4ea87ae22c6917b4705cf57bc4336da1e2b9deb791e8b73b42b3b,-1,-1,-1,741888,430080,722432,-1
71455396fd27399f9c754b8afb7d8fab66ab09234f6e2eefd9db16b451e80523,-1,-1,-1,-1,-1,716800,749568
5655b1147d82d55b46cbd24270538bd49459de8cc9a64a4b257ae235df7479e3,-1,-1,303104,614400,462848,745472,724992
13bc630773c6bc36d72c15ea9df961133675e5a404bc60adafde016b05b49728,-1,-1,254912,721344,638400,721856,746432
705b6547d28daff3effc82adfa01eb95fbb7712975b608c39e8d8d747a402985,-1,-1,-1,684032,765952,712704,765952
e0f62caa5db360bd8bcdaa0a815fa770c762c9b7e341b854a777cc85fad2b9e0,-1,-1,288704,750016,712128,750016,750016
e70d827ab935942d1594a97102a5a063269b3005da861d986203cc0fc74a412c,-1,-1,-1,723456,571904,712704,744960
b0600bff413992b5e7850a82728bd400a4399da09a95b50068ca6ceca9ec84a9,-1,-1,-1,733184,751104,753664,753664
8f51da154edbb4d30a0499fcc6de5451fd6326ee2b99a4b96f8cb3cc3ddc9246,-1,-1,-1,-1,574976,700416,750080
e6c1936a44a72340baac8fc44bef739236e3ed7eb93186b573a2dd8c32265c26,-1,-1,287680,490432,750016,750016,750016
f592ea2a2e5be2461c4fd7816e06f16a94704bbf99d9283d352089b9c9e9b4bf,-1,-1,299008,479232,675840,712704,745472
130e02afef19e6f2f5c33d0b6556a835845740960ada038a030498ed7e237486,-1,-1,-1,741376,471040,589824,745472
13b54d206194d334acaf5d4af85028e825d3513470a843bd2d387e46365adb0c,-1,-1,292864,742912,749568,571904,424960
8fed354a0bab3df14c8d09595944e04c5291b944817c8c98e056ed640fa7ab68,-1,-1,-1,-1,-1,761856,-1
8a10388c7a89c2969b2991552bde472616f561e1ef054190c8f2407ddb545d3b,-1,-1,-1,750592,743936,670208,642048
cdf5c5389f34b7e18dbac23e4e58232ea53cb92596470f16ce5098d58955a4e4,-1,-1,-1,664962,742786,767362,722306
7dda92e76c560c424f6bc45cf85d515a1a8486921cfe60252554e013db01d4f6,-1,-1,-1,-1,747520,-1,745984
dbdea08e7b970d395236b8e0aada6fc07fb23e6181485d86f65da1e73ab2ba2e,224,4096,131584,117760,1536,1536,1536
ab07618e1aee73366aedf56a214522e879b30c0ed1c3579e0113204ebc8e33e8,-1,-1,277504,749568,749568,749056,716288
40341d4e7a07f90c1553e2b2ee2e954fcae26294e7a4a27ed504ee63ab1d6d08,-1,-1,-1,-1,-1,-1,-1
b93bbb88e555911d94cdfa80aa325cf5df845d2338a9fdf0542601f0df341b1d,-1,-1,-1,733184,765952,757760,757760
3142f48e773b766e53dcbff513ac0bf0b6344af12f0e96fe7bbe3e37186e88ca,-1,-1,-1,446464,765952,761856,765952
c77b4fbcc18d274f99ef4ea6883591f9e69bfef58477c45513b0278db510830b,-1,-1,292864,650240,749568,-1,677376
489b68f7d2c6abdb1f99df577fb45307e55026d750e2cdce43e606954aa67c02,-1,-1,-1,-1,-1,-1,-1
f7dc1edbdc79e7c7c0af19aa0a649d3b59e4de7012aab0a2d812b40c61c02e4b,-1,-1,295424,507904,752128,751616,654336
7bc3b6dbecfd7c2d34c4b60a46355e1b32ce1db466fbc245c61df65a2302b420,-1,-1,-1,581632,-1,405504,745472
a51f06d29cafc5a6b07fa88c4494e192832c71dc8cfc38507af878a34c7a1ecf,128,4096,295424,733184,723456,577024,674304
45c0de2b6bd6021d4cbdd9ba84e180680e3b747fef69de6fc5c8c5a484b17142,-1,-1,263616,663488,750016,744384,556992
1028662187283e06cd5845983e031cb0b7e4acb08d306e3cd5726bc45972bb7a,-1,-1,292864,712192,749568,547328,623616
7cb8d2b52e8ce225a8240ac2e31891f9d49fc6e6573692d3f066fd1242bdf85a,-1,-1,-1,749568,745472,746496,728576
023cfac02a2468c87caa61693b0d79bb8fd71307154d2f34cf8b4ccd6de7f908,-1,-1,-1,611328,-1,734208,749568
0d11b6b16e975825d8b7ab030142849d890fa706bceb61adf9924eb602490db4,-1,-1,-1,684032,749568,-1,745472
14f5bf46027aecd1a47e11c768da88225f0e8ca5616bd84502b8e7175ca0abe4,-1,-1,292864,748544,736256,722432,724480
7dfadfac318371008f42ec171a51e6b39eac2fb1b6c339cc5a81deb2ecc61155,-1,-1,292288,717760,750016,629184,744384
bf21a41b7fe6bc37164be042f39b2638f59443816e2b58bcdca9f7c478ba388b,-1,-1,-1,697856,-1,644608,647680
d660eab32410ca55d7c5a12aa580aef839c05ffd4909e67192739f4d64f48183,-1,-1,252416,715264,726528,717312,703488
98fba75a9740dfe22cef5de3b7c88bd9a4d71be13c9401962277c478ffe23a92,-1,-1,-1,733184,765952,737280,765952
a1c66e1769c43379da0270f896bf6075c411b30fda5fa6e6e2ae607ac79b2480,-1,-1,-1,741376,712704,647168,765952
8556c3785f13e4ab772cf84e42fa831bfb43400bd6a530639a8ad267918f42f1,-1,-1,-1,720896,734208,750080,750080
dda9339bf0ccb21e4777d754e7840f0a53a386cf6b177961dae16f470bc43e5f,-1,-1,259584,749568,747008,729088,749568
9fde5e27c66c7c2f2b647e94896bf0c467b6f36dbb9dd843157535bdb66d60eb,-1,-1,-1,650752,-1,750592,750592
09f016f1ce79059a14ac2e6dcb78eec82a23fe24a414857e4a47941c037e6c78,248,4096,-1,747524,633348,750596,726532
197749b08a796671971368640613c293260adb199efc28ca9532a58a93ad917f,-1,-1,-1,585728,765952,720896,765952
15626cfb972335753404f2bdd8f332c2bbaa887067cf5aabf627a38f4bedee23,-1,-1,-1,-1,-1,-1,-1
b92c9a2be533bdfc3590245aa5699d28e6522145bc3e3baa7c5493a3f6759d67,-1,-1,248768,750016,750016,750016,565184
56675441cc1c471c5a0937c9d64afa447943fc7cb8457a1751b36fff893e0a8e,-1,-1,293308,750012,750012,750012,750012
f980e39bbcce2bfa962949136354baa400eef1d8a9679188cef7811f09121697,-1,-1,-1,-1,-1,-1,-1
4236d4ff22243084a48bd37e631777d64d3d329e2bc9690296ed925c4a71022b,-1,-1,-1,598016,765952,765952,753664
d95ebdca272032671510f8de49f40a116da8a64f95f29f6bfe58e04a041a6b61,-1,-1,277504,749568,687616,732672,734208
f92f16bbff74e8176b69ec296cad88c5cc65308e263068a2c562080fd34d3246,-1,-1,-1,750080,750080,745472,690176
35955958e978785d901214cf5f04ccc702ee3ac5c9b9ecb73289e12f669dc5a0,-1,-1,-1,-1,747008,711680,744960
4daae9c0d60641175dfdb8526a8051562bea3a4db36ac2a264ab5b5c36bf9f16,-1,-1,-1,720896,733184,-1,688128
69fcdc551ccde0692efd546a580f81d6cc90c90a64a1f33440d54fba15700dd1,-1,-1,-1,654336,695296,676352,715264
c5f14f9aa9316b561b64bd18fe07905def275fddf3bedcf0c87a446f5c0bfc22,-1,-1,286656,703936,699328,457152,750016
cb0c3974bf24d30850d416fbe49732c0b1f31ef1eceb658cd4392eec9545fa8a,-1,-1,-1,614400,647168,765952,-1
cfb3fc3ef664de15b7f9f941e898ed8699560a93e8bb032cdfed9538e75aba99,128,4096,291840,754688,479744,646144,708608
5cd82a3a45c14c6cd0175d84cffa93776eca838eb4a59dda470fe39cf7e1429b,-1,-1,-1,-1,-1,-1,-1
55ff307e84e7e9420527446a12802343b1b67b980181fd2624162111d9062fee,128,4096,99840,531456,720896,749568,743424
2dc73f8628ae1749fd0ee460dadc7e7ab41d268ddb189996818daae4656e9b77,-1,-1,-1,650752,670208,750592,681984
eec5793bb6d81f2046826fc5ee3f57769394c43dfd40dd4c0096966efd25ed41,-1,-1,-1,-1,-1,-1,-1
d3d48263e9f0556a2e979e16c3901a4427aaf3a6236353f6d600c6899233f60c,128,-1,280064,567296,691200,691712,743424
e7458b50a5b7942024e18caed94db99dbff9398e3b21e1b557ef8e5af1edc581,128,4096,155136,695296,749568,749568,749568
e4234a49bc9fcad2fffac0282a468ad880f2656bb095a4f47bd8887c0e4e85bb,-1,-1,-1,677376,667648,749568,749568
73e6a237f3bc86389a0fe80590859451d9a27c69f7f353d23897f01193260821,-1,-1,295424,754688,748544,754688,686080
608251df4d750e01fa5c63c2dd8653928026232615997e37b0cd278678a47ec8,-1,-1,239104,747520,657408,736768,738304
3b4855a429b2b77da3181cf4e4abd609bcc26b1a6e04dfd65e2b71c1eaa4122f,-1,-1,-1,-1,-1,-1,-1
5feb974cda60408cefcc625994fdb064943678929f19431d555e3e0197329bc8,-1,-1,280576,560640,-1,-1,748544
296fee53e18bececb6532e527063b42b995b6e53774646b3fe7511a27cd130b3,-1,-1,-1,729088,724992,663552,765952
2fbb9893c789fd48c6ee3eca290ab11fa858231037390c360efea8678a74f1d4,-1,-1,303104,716800,692224,-1,704512
a474a6a2b4cb01db9dcfe4d1ab0c0499c74d58f9f3a7d66addb3f033e79a61cf,-1,-1,-1,702464,751104,751104,653312
e4636dabe833702ce99c5731496bd3c4bd6a5577aa660de14e9638974a76274b,-1,-1,-1,630784,438272,765952,638976
d32698c7bd058d17e3772e55ff863376cbd0a8b21eacf61f07976bb985f60c82,-1,-1,277504,744448,562176,713728,713728
e90e772cad015423478ba31d37f746c68083e6a7c45e2d45436b73b18b052595,128,-1,163840,351232,679936,713216,642560
48ff2cee3096f0f35c87c9eb70f6b714cf0c5b8fc00de24176fa586bee9f6273,-1,-1,-1,-1,705998,753102,732622
a7f6adb1183e0619f1e70bc1ad78b4a1c249a6b1e8899830b165dbb0e57a80e2,-1,-1,-1,-1,-1,-1,-1
cee73a74ae27870d250e3f442026f7eb4fa6dbceff899b02578e3ca2980583b8,-1,-1,-1,741376,729088,753664,751104
741a54d69b4398b268e4c4a9749b813e5bd9bcc8aed27b1241d9be0f85a123bb,-1,-1,289728,750016,748480,720320,738240
a158db8ca01d0184e1a2929f7ce633ccfe7dbc5e960c9de975798115ba3c1b19,-1,-1,281600,559616,744448,741888,749568
07de116a7cc16560235a04980065efd12f3037211957473939a57fb33193daf9,-1,-1,-1,655360,724992,765952,430080
9527d665ae83b4152b92f5cb74ceaa2f1ba82d46bc908863d713c7774fbe85cf,-1,-1,-1,512000,720896,-1,692224
310bdf6c50778b6b36adbdd53183b43571bcd985cb538f80b4d31d07450c8b1c,-1,-1,266240,724992,753664,708608,-1
731e173f94e9890752888ee40a32ef4345b770c16061e355f1f6d314bef82fee,-1,-1,294912,626688,-1,667648,667648
9c33860e2d951c1d9c822dd5d5e715754b94fbcdb53109df4263a2a9dab2651d,-1,-1,292864,749568,701440,749568,656896
50ff67689549d145bdfa5b017a8e749341ff067879d27c475530bc8ac93eeda1,-1,-1,293312,734144,703936,675264,738240
fdb9a1ec68d0859577920819e587c07f35a63fa26f5e902ff38e36a63497f0d0,-1,-1,-1,750592,669184,750592,669184
da5f163b01a06bd382df2f6d84c8f7e6069e3d3554d568b83709507aab92d162,-1,-1,-1,542208,710144,713216,701952
76caa632156e1598b81910463ec618201d1788d4da2b416677cc7d99789804c8,-1,-1,293308,750012,750012,750012,750012
bef14c6f3692486e6c1254c2d37d5e4df8efa5fa39dc5dbdfbc530909088dbc0,-1,-1,-1,-1,-1,-1,-1
40d50457f27b1d8d3b37b2d35f6de7cebed244c27f8472f06567fa31d509b573,-1,-1,-1,-1,743936,706048,709120
81b669608b2bcc9a78804c8787a28f5e520bb5984a2efb23655986efab3800bc,-1,-1,292352,704000,723456,744960,747520
a4a06b36ba326dd30d45ac77e6bb6a7d32ece7817a0307c7c5b74a281d830992,-1,-1,-1,-1,-1,-1,709120
682bc2d4305aee42e8e1f1706a48c5fbe61e28d6417349250e1d46ad0b551abb,-1,-1,-1,712704,724992,700416,667648
202e1edcdcde5db0a751ff6c5bc3e621a08fccb0331018a1effeebda268d3446,128,-1,-1,585728,757760,753664,753664
05618ac4d74a28db1fd29373baddb8ef6022b2102b4057452e6594dab5bfc415,-1,-1,-1,599552,712192,523776,716800
66656697abaa48b6edb5180e9675bd5911952ad679aec3e192c67efde649f717,-1,-1,290304,460800,460800,753664,678912
b057058339ab09694ac4bcb412d3daeb9888c2fb807b02d21ff5b5f5a893bf7f,-1,-1,-1,737280,724992,700416,716800
fba10bc12872f150959e5bd452436cf8253b59cb6f274572f48e7e3dee0afcd3,-1,-1,290816,749056,736768,667136,744960
2977cea549b12427251add2a71f4f9bafd512e7a4999da5ab0e13e2066eede7f,256,-1,286208,742912,734208,747008,667648
d37326be031cf3faf88f3746ca09bc3da757340ec6ee8c5aa2a6cb079b9438d3,-1,-1,-1,483328,667648,757760,753664
9537ae23bea1fd844c223bc1100038182d38d4af881574ca595087444731bb91,-1,-1,-1,-1,-1,-1,-1
98ef17609af48ed36761ee84edf74cdd12fc70dda5ff4951a389f750fb5a4165,-1,-1,-1,700416,747008,643584,659456
e2ff95f65502d32fcc9cb0026102dfb92f32ff8a98dfd5d2aa4ef8a796597324,-1,-1,303104,765952,512000,765952,761856
8f6bf4b18e0b6b7fd616fdc95d756423970b3fcca018ae3918f35b308a55c185,-1,-1,-1,-1,-1,-1,-1
933edd07aaeffc195ec16e3583c6cbd915ed641d6d41323a06bf398c390aaca4,288,4096,262144,765952,712704,765952,765952
fcbf5fed7b383dbd728c7e2e0e34848f3bf91ef0b7ccc0a3583e55cfdae5a968,-1,-1,193024,503296,750080,748544,748544
51a5b0629f005b8c740427a97e11101092d9c529fa57b1539a8d87071307f5bb,-1,-1,286720,622592,667648,720896,704512
ebddf6921bf49c4f69bbda7e93626f73e192f8ac0ad1e661426fbd3db7169e85,-1,-1,253440,703488,653824,602624,731648
a26554c64e58cf9f924744d2cf9a1c3224160a57ffdecb08514b722ada27eed6,-1,-1,-1,-1,743936,-1,744960
4400ba3e362547bd92cb979133dc170d734c702a803b57a2114de517b87a4bfa,-1,-1,292864,587776,653312,749568,712704
053384c2944587c9b8dd5a849b7620de6de333ae0a2d31236aeef3f9f677c966,-1,-1,-1,-1,-1,-1,-1
17c524832d8a2379a66fc113757dbd9f8335b0b631da033b82b652fdea93c625,-1,-1,-1,749568,719872,738304,744960
e9379dc504aeec376a735920d457e4f8c57da2beb83a0c9d15fa2a9e9842a537,-1,-1,278528,741376,749568,757760,757760
2ce71b04fa049f819e0b2d443d2fe1c25bf967db114e8e9c58bff03987a98f8d,-1,-1,293312,733120,747456,713664,740800
538210cc41487d3f25e3dbb3daeaa31a61292355231182ee77f29a1609989d64,-1,-1,-1,741376,741376,745472,-1
267c1ebacfb0386b5392d40c67d38ebf0ff20553e9ed2792373b7fc88c56a6df,-1,-1,-1,390656,753664,730624,632320
f1339548c953f85df98fab2f11d17671c24cbe1b3605208bca79fb986529211a,-1,-1,-1,-1,-1,-1,-1
9ffbe18816b637ebdaf02020058b01e2d022a89af17b34c30e361837c02ab925,-1,-1,287680,750016,656832,750016,639424
86a707512a4e99b466d1f4e2e05d029eb62461dde5edfdf6c445512441522ccd,-1,-1,-1,745472,749568,675840,749568
1770574fc7fdbd66796da63bb29fed4bf5992d28ae947206f10e1204dd0dacc3,-1,-1,-1,716800,753664,737280,761856
87fb0ea07a67d62a21c024eebaaadf1a7b2f6b008544f4cad0492e2bd9ed5010,-1,-1,292864,749568,622592,749568,749568
a98eafcad99a6572c9b66e929540f0bbe7e48f568080a9e130c7db3bffef766f,-1,-1,-1,635904,734208,752128,-1
87af7681a83c6e60607628d38c67931b9e85cad5363b27bc5e8102e982123c43,-1,-1,-1,685568,749056,749568,724480
a11a031f15a3502f5cc7f9971d123e8e5f9bc5c19135d04af9ae4be5033ad676,-1,-1,-1,750592,704512,750592,750592
df31c4144f9fc94322fcd55a24959d7a5914e0da6548abe8952f9181fee7ffba,-1,-1,-1,-1,-1,737280,753664
74c6a743cbf763e71868c493065289daa2a89721cb0ddcc25d5b941b8050f84f,-1,-1,-1,-1,750592,672256,750592
0bfb998e822cb52076b584031fe57624491a7332f8e24c0c406e6b9948a477e6,-1,-1,-1,-1,748032,-1,749568
eb27bb3d579a37df40cb9a8bd137fd56d9f5e166980b2e33975965b2f0ca25a4,-1,-1,-1,753664,745472,429056,720896
5e4458814c9b8e72c6844ff4da59ab9a3800ca523d838060c6c01ee5fe7c5614,-1,-1,279040,571904,713216,691712,687616
6f0c3ff99ebfec475821f266ab3ec0427e995a223f843fd6a7665faa64b0a127,-1,-1,193024,727040,650752,735232,704000
ae666b51d38c54f92c8bf8e01ac0e9f66ab06a6b87841c77cf3aa0d3bb3b95ce,-1,-1,-1,503808,-1,765952,745472
e97a4ff92782574808af957109251de9c0155615249a0cb071a10184c68b1e3b,-1,-1,292864,677888,749568,749568,749568
df8337057338be3ec5d276355c9fb2b6b639c4c0889ded1bb012f0c2f335f4e3,-1,-1,292864,749568,749568,749568,695808
9483b1bbb74772af3f5709b5ebe843f941f5d70971274f3ce52f915ea2d609fb,-1,-1,246784,749056,660992,749056,749568
2153db3e05a25ab9453909eeb81602efe1c95aaabede5b0a36b662900c74414d,-1,-1,-1,716800,749568,749568,667648
b76abbce48eb8cf75a8b9758f9985e350ee9c3bbe32188e15337f36c2d7ec0c8,-1,-1,277504,744960,734208,743424,747520
4430f3778d95c09216fb736cfe0534a0808d7a14fed1615d89da28362d887012,-1,-1,290304,750080,629760,752128,708096
f396b0822e0625120dac85f38c38f18821979eff5964b8b77b41028864bef9dc,-1,-1,-1,635904,706048,433152,711168
7a3f3e893b0311ab6b088235af460390edcec5a2b2e9566ba40940eccfe7d569,128,4096,271872,749568,717824,702976,749568
9066c95ac8d17e7ee3fee18e5de0391ea698fee74f819977a3705b128cb87057,-1,-1,-1,557056,700416,638976,753664
c5055276db32e4f04694db10d9ab906aa6d72a8dc4293ceaaced89bd2b9ee8a9,-1,-1,-1,-1,-1,-1,-1
92e43f063f1b8773f4e2af58c1eecc731fa770fc349b0fe1f8ae458e75f27de9,-1,-1,261056,560064,746944,750016,631744
c42db1a3e071b5dd2b031c06f8d26fb1a877f35ab36783be48f7d64df1e8506a,-1,-1,-1,-1,430080,-1,-1
ce624c8e63938b033f027a9352dee40ea5f8f019f58e2546060e20c5607638f8,-1,-1,-1,740800,738240,738240,664512
3ee643ec04900578bee976eea021e95eedf357574af86f5aa5d2c59a1ebcbe45,216,-1,275456,717824,709120,715776,746496
88c34fbed4ad623ca7b53a4c0e186ad7bc27073aa31a574ee778859736d2e5e7,-1,-1,299008,663552,761856,733184,622592
d23f6b6deed56fa2e3465ce673e57bc3ea93d655a142b4862e2b0ea735d6b705,-1,-1,-1,-1,-1,-1,-1
fb6ad72950870d9564e5716ff8dcbc37fd7e37c49d145aebb85d910b1cd09bce,-1,-1,-1,584704,748544,769024,433152
e9ea274453f9a4e39d250d36b26e4c1242c2819c80993b81a96d383485ee4230,-1,-1,252416,649728,634368,742912,735232
2799b5465a553e0f43632dfb38ab99bab376636402364408fe757cacaf62ae19,-1,-1,-1,-1,-1,-1,-1
9229c5f026c2c4a8564de7995125b558e4f08b299e979a433ec7c4b2a620d8b5,-1,-1,-1,748544,471040,728576,741376
e7a0f2c48dde6c579a10085c408516c47edab7a58ba5f9d5ba595b8a2eeca4af,-1,-1,-1,-1,-1,-1,-1
5a89af79c54c15e90f1b05872163b979f68ff30b200f922c4ab9d860aaa7b926,-1,-1,-1,581632,765952,733184,761856
512c08bcf4e27ef416ac10ac61ef5e40423760490f9f009524bf093342d5beb6,-1,-1,272384,453632,750592,651264,748544
ff5e05a3840ffdeec84d41690bedc0d9e93b5ccb967c1cbef776a66cea0cf6af,-1,4096,-1,496640,-1,-1,165888
012646389057716d2b2fbe65d548da5774a1990fbd05dfd894e729818da2d91a,240,4096,50176,-1,-1,-1,-1
2a72ac9452f91db00385db01a40e5dd07b82c9997d7529f1abb749460650e4ec,-1,-1,-1,-1,716800,751104,751104
e7660834cf77be3f7ab963dd177d67bc3cb6ca200d9f79ddb844693a413fba7a,-1,-1,-1,738766,712142,-1,-1
54be1617365804f9369c725dc916046475a6460ebf922b308b1d786780f40f5a,-1,-1,213936,606640,739248,658864,753584
8e98e1fac8057bed89d4c7ca7f4bd386c02895bec86cd9943d4db387b0fafee8,-1,-1,294400,499200,560640,654336,753664
98377482ca8f689f6d26236bd8f5dfaee7c547b7d16b75311cdf5c1552dea35e,-1,-1,-1,-1,-1,-1,-1
62a23f2df52809f2ed01244d7b48537d3923cc72966d533107b98918adae57a9,-1,-1,277504,697856,711168,639488,741376
8c15ba1454a73eca450456ba5bbd80d5f3120dc086b402e3e75cf7cc7583a578,-1,-1,-1,393216,753664,757760,753664
fb353c6f2cb2cf0b2d77715dcfb8c21e13d28991a77b4e431884779a3571a06b,-1,-1,-1,-1,-1,-1,-1
994d04276f2433d2d1d6d5ee7dc59d8342918506301e35aa7a0143b692f20996,-1,-1,-1,759170,464258,726402,451970
8e458318ba9d605cdb35ce4428ae83dde5ce4c9ccd97a2602ee983ed2cc2353c,-1,-1,293312,694208,688064,750016,750016
9ed331ac42cb1c104f1d8a59f4100ba28ed7646fed3b8c0c3c2b7ea4c3681192,-1,-1,-1,708608,-1,-1,638976
23bcc851d959bf588b1d5ea6eb1ef09023b35fcb0f35b436d12eb03a8471b813,-1,-1,-1,715264,750080,750080,-1
4d3876bebda5870ff98d2f684571640cf6bdd78a28d1d1e9493b2e19a35a9cf2,-1,-1,-1,749568,686080,726528,749568
e61a3d474ea07c0a343f401394dfcf14e722444d4305928417b4e4fcfb07433f,-1,-1,146944,672256,710144,744960,747008
8ea52c3d0824552110d1b2ebbce8b215ecc90187bc4096c1f97363fbb327506a,-1,-1,293312,750016,717760,659392,712128
c670bd3081c548d5eca1bb0ad863fe857386ae5ffee172cc74ef35f376d1b391,-1,-1,-1,-1,-1,-1,-1
c79c76bb1a43af8569fd42aeac3a9319360dd582506af2042bbb7640c21e2945,-1,-1,-1,-1,-1,667648,739840
a44462b53c5b1ad966ae86e7535115e604dae0c6b416b7b9b40911fac64fb31e,-1,-1,293312,744384,750016,721856,655296
bdb93a630236966b4dc1642b6f3b6e939132cea2dbe6b82891ef630ad3212572,-1,-1,255862,-1,716662,-1,683894
64ca4b29b67cb73b3e22d5753469c802a7b64a4265dd6c50e3f6ba0ac61f2b75,-1,-1,-1,765952,688128,753664,761856
c3d04638aec1051361325fdbacde43e34fb323c9a473b3dfa2e859304b337f15,-1,-1,-1,-1,753664,729088,753664
11d807cb87a31d7061b7c4132f1b0f3020f414b59b129a418c5220483f6ddf5b,-1,-1,-1,-1,-1,-1,-1
ff7e064b8a93203f47e79c660dafae32885a9743a8a0b0b813e40917a61e3010,-1,-1,-1,720896,698880,747008,694272
276656bc4ebeabf9787ebc1018898782d8583ffddaec4c5b770dd7e2d6cf77a1,-1,-1,-1,675840,729088,565248,712704
c5cf944fb9657913a60782db846c52a9a423cd859efa2366bfee95b0fe348821,-1,-1,264704,-1,732160,456704,748544
67c17181d8c342dbe7cae7a91afc6178036929acae125214864d1b7b16abc5fb,-1,-1,-1,618117,649861,526981,744069
3365edbab831a5016d6189af93a786354d535bb47c007d10a2d7fb0f89379eaf,-1,-1,-1,741376,711168,749568,749568
4be95d6a0c8937a6970209fea39f94e60783aea7fa1430c0559ffcf08befce5f,-1,-1,-1,-1,724992,-1,731648
0d0f1534cebdb14c5faa0b44fa53442611175fd1d418159e7ed56a3e5fea1033,-1,-1,289216,597440,431040,739776,750016
61bd1ba5b378461cf66ce41d9151837c56f131565bc9c6ff35a752ead372de29,-1,-1,292864,734720,749568,726528,734720
9c0ad882a495d571890e6576ad0a5cf00dbe0d9752a1e058af63d8d8f4ae34ab,-1,-1,292864,503296,673280,693248,643584
16450f76e1a5d012cf7fb48eab333c9c61e034ca070edba5d8ba9e0c2269337d,-1,-1,-1,647168,765952,753664,704512
97b1b0ed9377c8d785eb4d6871f034eca21e67ce45f4ddcd0041a184de388214,-1,-1,228288,746432,750016,750016,696768
ca98cee54be2d77a7a756d6ef1e4822e4712b866b5f6a60d340730960da037f8,-1,-1,-1,-1,-1,-1,-1
8578198d75f839d8f7600e3ef431e4c09d36a859c67fd8b45cdcd6992239352e,-1,-1,-1,724992,712704,765952,765952
a0b7169785197692a63a7ec9137639519ae619a0393b8f9f98b1815a4f3284d5,-1,-1,245248,689664,678400,727040,721408
a576e901d9dabaabab10f7bf14f85b5faee22b6c77bbb00cad90d79a659722f8,-1,-1,-1,-1,737280,741376,696320
6973a7157b13aa1303a95f74cc42a92cd3d5a7760fe34aaac73e76dbeae6b470,-1,-1,-1,601088,-1,622592,617472
2570b5a6d81ed234a29bd008d3df60156cde43962c7639386f4c28a48ae60ae7,-1,-1,290304,598016,672256,728576,748544
9a277d29ffca5cb71a55cdb1ebe0a4ed6c3e8628835f3e7095d8236bde05fed9,-1,-1,-1,757760,765952,708608,667648
f27756313e034c0719ef81143e4994c1c7937c18b532a746b706edd08a4432ac,-1,-1,-1,-1,-1,-1,-1
6cbe08d3ffbd310f47e8e8a5452e733276632d8a1dff86518e46d32e1d975b64,-1,-1,281536,750016,748992,750016,748992
4169f7bdc0ee36c85c6e158508405c039bae69cc87f8c121fae6d682fefc944e,-1,-1,-1,-1,-1,-1,-1
cf631593b4c720e69ea63bf70ca085323ec7321a5ec4ff5a03bb62f4fabbdfa9,-1,-1,-1,677888,749568,737280,749568
c3513cbfd4715003a5c390496996caa61c5427a642dca150c03ff64e07e2bf8c,128,4096,295424,753152,743424,740352,629760
06ed05f51ecf9e6a4599c148275c6459a3b594883542946724f72127474237af,-1,-1,-1,757760,679936,712704,765952
3e085d557ec2c81a4345464722e6ed518697d24d4864e87fb727d3b8214eda46,-1,-1,-1,692224,675840,438272,737280
9df7e69724c297f31ccbe5f592a2ef33fbda4bad6160c518a8b577a23fb6b92d,-1,-1,-1,749568,-1,622080,749568
ed9e2774a58ebc3262777f979475e54f6e7229bfcb713451bb84ee96cb4f1d16,-1,-1,-1,-1,-1,712192,-1
15b196e90b607ea68d9f0aadd44d1a885cf04777b5388b004549a86ed4819377,128,4096,289280,716800,754688,710656,750592
d59a31c6e76d60b707ef8e041d15a8a7cc8d8efaba15fc7011f02907384fd689,-1,-1,-1,709120,-1,-1,724992
08c46c19de4a81049cf6d1cccf0a77813d36f68e41c4c969761c9138c59ec726,-1,-1,-1,662528,736768,688128,725504
f889813f501d8f21cb27c2871598aec31a4b2e7b2dc13f9bc1a214e4e554955a,-1,-1,-1,750592,705536,-1,752128
fa1b7e8610c58d04cbf62460eb8da9e6538075ea43a38ef6e6693d7b27305344,-1,-1,-1,753664,753664,566272,745472
d56f4910c92eba4badd5aa7a7fe805ad5368b4268a43c826f3ad151470997937,-1,-1,-1,-1,696832,-1,746496
e464b8c82b08feb3881063b41783d0d494e9df8a6a1d5b9d39de418aeda0fb9b,-1,-1,-1,671744,743936,703488,-1
1d63663aa186591f7b5652b1c92ad0890d5ddb85dbca807d5cf9bcaf8ed95ac8,-1,-1,-1,749568,748032,749568,749568
b5fbf18a1e46133377c0948dd177f6d4234a244a6d4e2ae617d7175a22457dbc,-1,-1,265728,707584,722944,227840,177664
c5fa736bfe33d85fc103059c513e267be567566b15bdb9b14903f8ab7581afd7,-1,-1,-1,-1,-1,-1,-1
b890e0e35808097cbce88090092cd09cfb7f5f76cd1989cc1ff43f58ebb30aa6,-1,-1,-1,-1,757760,733184,-1
c262e6ddd4f380e547ab83e399b0c1629468c68c3b318de18fa8ec5f57ea4dad,-1,-1,115200,612864,46592,425472,747008
3a12dbcfd9307c3117bc87f2452c4cbf766e5d2b7f27bff07c3ae17f43042233,-1,-1,-1,749568,-1,633344,-1
afebba6616c25f9513044346eb80768338c1fe8a12b00f690aea520eedec6f0e,-1,-1,-1,626688,-1,581632,757760
1d7ee95d4d73f03222ec394e61ffed60571081d96b693ccca3aafcff5ddc1f1f,-1,-1,-1,-1,-1,-1,-1
b7e82edd33ec2a7da15aec00ab8509e91d3b7a6a30c7eb2c63b2895882a12dc0,-1,-1,-1,718336,749568,749568,685568
9dbdc25e45b6b5c75c63e36b774f8682da0a43067facfb5caede5ebdadd9560c,-1,-1,-1,734208,-1,745472,-1
ddaee5d4e83c60c013a1bac8adfd2d2eb79bad35cfd94802fe303d4b6e642c0d,-1,-1,-1,750592,534528,681472,750592
7bda05d5e2ad2b5cd798a1f97f3f1de54714d548f26d810646bb3f40651c3a37,-1,-1,303104,741376,663552,671744,700416
9c425d64c5a5fbf950e3e32966da8296272c13608c586882736437229cf2a10c,-1,-1,-1,559749,746629,712325,701573
3083f08ebbb4e322cc783b696fb55ce209c26b34ccb40da23afc62bdc9560d7e,-1,-1,-1,-1,-1,-1,-1
0fbc02216563e0de6426bf4ded891da09d28c829ed3995f3486a726b4a4d722f,-1,-1,-1,750080,750080,750080,665088
a3335850a8b209bfbc7a1367b2798f4c36aee5cfc0feb18dca798c74dde6ba10,-1,-1,292864,676352,749568,749568,749568
b03666b4c8b2e6736eff15f304a0c5f81ed8cca15d283d3d500ed6dbf5f919d8,-1,-1,292864,658432,669184,703488,739328
0a7c1b3aef1d0d404351af13a2d1e61f48afabc8840d3fea99cf2bd3e36beae4,-1,-1,-1,737280,765952,720896,753664
eefb2ab10788d6c6201c733b584cc79acebfecc42f7be9d0ad08ff567677b66a,-1,-1,-1,-1,-1,-1,723456
73da6afdb4ed27656b78b0b4cb6b0541dad14bcfff888dede2790cda2e7c0295,280,4096,-1,417280,716800,728576,740864
a516203429073ec30764ef366aafa3938af65fd0881614b64f7cede651017fdd,-1,-1,99840,713728,660992,340480,749568
8aae60de8e44e3db4b58e88b4be076875b23c49e7e905e8905770c67462e973a,-1,-1,-1,-1,-1,-1,-1
97ecd576ee4ecaf13249bf94d52cc31d78f96edda7f006ba7cf74438454a043e,-1,4096,292864,750592,651776,751616,635392
cfbcdec2af48f9ee68e7fba80f24e5565217eb8a7aaee769f273f167bfaf5868,-1,-1,252416,573952,725504,751616,751616
c12656675dbb33b981934e04c3ba1525bf2385e03182163aee8ddc5dbccc640e,-1,-1,299008,598016,765952,757760,729088
2e6514fcea5d8cc5acf5b4b8e6051a845d8a7fe628300c726ee1a5a014911482,-1,-1,-1,-1,-1,449024,-1
7d019d589cf8ee85476c8dceb8275796b6dcb48e9f831baee53f575f258ed60e,-1,-1,-1,638976,456704,721408,602624
acd413f4b06f716c162da1d7fdc564ba59a75cf1615e7ac0d29ca7f897769cf7,-1,-1,-1,765952,765952,581632,749568
df767113fde52eeabf738ed03943b89b916ae91482673073c98f1f60af1fdff0,-1,-1,-1,749568,749568,749568,-1
f74df66d198364b5257e56fcf3dda13e9be9934593bef056a36fa9bd9d89a52d,-1,-1,-1,634880,456704,747520,678400
b17f46dd4b2b320ad49ddf6d74098467382a343dcda0348ae617a5a63d71a0b6,-1,-1,303104,765952,626688,761856,765952
4a9381f47f3315adb9920f634579f6919be1cd7fd120d2f35aa18e96374ac082,240,4096,262656,453632,129024,129024,2048
060cf2e54d14dba251f0d8d5b7886c44eba6d14fc2cf2711a93f059de4263729,-1,-1,-1,-1,-1,-1,745472
b6a13470ea1d11310eeeb889d801fee0ec99de83119651bcc154208b57fc33d2,-1,-1,-1,671744,720896,737280,-1
12b766f30d7474ec61b233285a4a0d0274c5d3f1e071780af64e14af6b9b49d3,-1,-1,-1,583680,708608,667648,660992
f35d2f7039e0fd5f6d95be4771d8f7274ee34b229a3b3fdbad49c58da524f872,128,4096,292917,650805,562229,683061,734773
d3a225c4dd6af56eb5ed31dd4dfd63de0e809823470cba855bec7e7c3f41b72c,128,-1,163840,754688,659968,754688,677888
8a6e4ae7eded072683c4a1338c0fae8f0596f8105dab47493bcf5936418d3d24,-1,-1,-1,602112,-1,741376,761856
94043500a93a03c3a8ac9f2d5d7ef3866b1cb78d914ceaf4c0904dcc185b897b,-1,-1,294912,698368,706560,754688,747520
161e9911ef0f74a36f64f223a2746776adcddb476e3a689221d54383cc33b82b,-1,-1,-1,700416,659456,-1,729088
5abf3ef4e7a38f8ab53c93a18259d22eeee717464a2cc286bab2cc742aafd841,-1,-1,292864,667648,503808,689664,750592
48f3bdc6b3c7de7ed3eacf277c92756ac44ca9b62cf3815121cc1ddef01854e9,-1,-1,-1,697856,749568,749568,-1
6fb6a087d78a5b3667a4ac293ecf59d39448af653ef99d1659ce1eef17bf3adc,-1,-1,294400,562176,630272,753152,737792
ce42f0bcebb65ee60ee603ca4d66019c9e995cd2a6387ef3b429f7f9c5736e16,-1,-1,299008,692224,720896,479232,741376
2857afbd7feae825661ed6448cfd65220d95e4502ea37c2c734f380274213e21,-1,-1,-1,647168,741376,753664,765952
bce4453db9cf392a3502d383f66a6066053ad940dfc43edc72706ab98fbfc99c,-1,-1,294912,516096,630784,745472,765952
b3b8bbe3b1ea9d536fc754ad430fbaf6c25553d0e33867a1f5e0172458b5418a,-1,-1,-1,591360,734208,717824,541184
375ef7ca707024ed2cdd796be209cca3fada3107f615fd1a1145e7b9680caab2,-1,-1,292864,745472,717312,749568,749568
258ec1c6ec797a8eff01c6dbe4984f3b1ed02a6c2f5ee76d64df59893b5f57d3,-1,-1,-1,-1,-1,-1,-1
884bff6eedc677bf7b35b3c7fbfa1f0ab982ced27746fc0a9083fa1d886545b6,-1,4096,288768,750592,580608,726016,716288
4131a9bdc4eed5bb9520a169ba1f7184aaeaabe757811f718e77862857a13acd,-1,-1,270336,643072,757760,487424,745472
97dab156cc3fdfab624b12646f8c7ce9b61adbd7b4ee49aeac6334085f489178,-1,-1,-1,617984,634368,749568,749568
adee09d8c192428fb39cb512d305c3ff816f6731989e2415800f6347f229a9dc,-1,-1,293308,750012,733628,750012,657852
204013e0c7c3a39256c4c8cfb6417ced4ac4f79c6223f93ea1319325ef8747cb,-1,-1,-1,749568,-1,749568,665088
8e49ded1a3febdfa3770f7ef0f74b3536fd427b06c642106b2a0cda3b5a34c6e,-1,-1,-1,688128,512000,745472,757760
7c265ed2aac16f18b1c197ec088685f950e8e38bc66877d5d2ac584821f06f93,-1,-1,-1,642560,587264,750592,557568
171c705087588d4c56cb798f07be08229a01e392b0ddee322d958bc7ccd3f700,-1,-1,-1,765952,716800,581632,-1
8781a12f0ecc0b3c07aea11f46d3f680bcbad86ef84a807a83dfc83b84dcd471,-1,-1,-1,695296,662016,711680,723968
d44ee67748eb5c4b491f02aabc812bd9383dfd80c0df752b2945b56ed3144fbb,-1,-1,252416,718848,534016,631296,749056
fa8c379376f5e77d500a3518b2e083ae3b306c0227a6ff646cb3abbe640ae116,-1,-1,292864,749568,749568,691200,749568
0a4a174f4e079a723593f496bfebe3a597427d769d0ee532bb37d6f639ab3dd2,-1,-1,180224,658432,750080,623616,708608
bf6bac356245ae601506e25ad032c70353a11d2070006e25b327202fd1ffa235,-1,-1,-1,546304,659456,344576,747008
f5211d49f8cbcfdc022a8771020472d10f937ed58014372f6407ea0f01cc6936,-1,-1,-1,696320,712704,344064,606208
c86db6089dc430b5eb001e2c5bba254a83fd3659d395b8efdd1744f0e732cd2b,-1,-1,274432,663552,745472,765952,741376
04c44ae0bbc2cc0c10fcb4bded7eb498be1b8154ee3f6bb9813de0d57cf80818,-1,-1,-1,633344,734720,749568,749568
3351806ca0734b8aa282ae358e5509df205d45f8a665bcf04870845a4dcd6e2c,-1,-1,293308,700860,750012,750012,750012
f7a225819ec88f6e78b2e41a8cd77fe489033239ae20e98b52e982ac4cd783e0,-1,-1,-1,-1,-1,-1,-1
4392e58cc0f72521cd4b6c9ab36c243e70f0ea356ee03ff5c98e81ca3a7dbfdd,128,4096,252416,609280,743936,696832,681472
b9cafc8935790907cf430b3c6912f4b8e42f4c6fecd938217c9523cb3fe906ed,128,-1,280064,688640,677376,753152,754688
3c74518861cd42fd0594403c52c06a496befa96201ef8ad1206a63cd06bdd737,-1,-1,200704,757760,614400,765952,765952
2019095229940da0f337d3b344bfe7cad4ee955960445b98fef3ee81d3db2526,-1,-1,-1,757760,741376,765952,753664
916712509468b2b9c4f76b1225a720645bb252d2394e7bc3fa6258316509a585,-1,-1,-1,692224,745472,589824,708608
4f3398b977ded637deafc9b6f03be071ea1335e0a627a8c2b5fc5c13352c66ff,-1,-1,274432,761856,741376,565248,700416
a7024a8463ac27b200aeac4fc83c043a983a9857f25e341d8efb87632fe42849,-1,-1,-1,-1,-1,438272,-1
68e893835bb7b86b727be387305cc183fe22ed7bb4c60663d803e3577d50f113,-1,-1,293312,750016,746432,750016,750016
0cb522382cb0cb21cd15d540dc657994dc141b867b6446e02413c857e9bdf2e6,-1,-1,-1,479232,761856,704512,761856
1dd78b5b573eac09058a5cee2b4d7bc86e53b1d9cd188f2d91b1cb4c919f9ba3,-1,-1,287232,709120,709120,705024,340480
896bac6d7d8c89044f1ff9d98b29f29919e80c95e9240c8469b2916b1ecdd1c6,-1,-1,-1,-1,-1,-1,-1
d4a5da0652aa7d891236fb0bcb28d300c1d6eaf7003424e51910c9dec32a074b,-1,-1,-1,512000,-1,704512,757760
85b988322a749fc97b1edfba919a228513ee074d8e577bd10e853466430a6795,-1,-1,-1,753664,753664,737280,753664
2d7408c77d8bf2b1baa29b35f733a92cd6a13f1f2c8cebce485e69085c07a400,-1,-1,290816,750080,750080,704000,675328
ebb33b75d1a8bd75699310812f9212ad913954431279fb38adc2660dd6c57d2e,-1,-1,292864,749568,749568,734720,729600
3467d563b917e959d1236e83cddbb9795c0456a01821d6bb2914e2c62b56efe3,200,-1,286720,675840,765952,548864,737280
f9ee3979dccce51b2a70d87cd2d5884b49d6958ee21a5ce541f2c8bfd72316e7,128,4096,254976,733184,739840,747008,726016
a2aba9c1365916e451f8aead2a0837358c72e883e84934d0f46dae400c776f80,-1,-1,293312,750016,721344,737728,750016
6d1fba7169fbeed3427fd75ab4075027c092bd945722551978b6b0b482fa497a,-1,-1,-1,-1,-1,-1,-1
95bd0cc563e98609a01982b93e301199604d66e4771fbab8435b99c051793f78,-1,-1,292864,-1,749568,-1,749568
2fa4ea02a6cf917f1a1cda7ce362f88069383c40b04374692f586a304536ab69,-1,-1,-1,-1,-1,-1,-1
97cd094bdea1a36cea39a5bfaaccdf8f85a9ad0d8b8980a79a49bf9874c6d6f1,-1,-1,281088,750080,649216,750080,727040
d8cf8d2b38bdfc83807f443c0adc5d1fd53b4ed2ec2dfcc50633555344a81640,-1,-1,-1,633856,734720,622592,666624
21f69d0fc99eb9c7ba117f8ef84487610ec5d6e152b3790c10b26a0a92be6ba0,-1,-1,293312,685504,622016,750016,545728
c8af585f1759b86171fbdbf4273f66d5af3ddc7949d723c481765a038fb36b7c,-1,-1,289792,734720,749568,583168,-1
7bf6392dd69a1b4f54c47865a3995d9db948d8c5beac730c16a8638952d7860f,-1,-1,293312,742336,750016,740800,750016
de90de25d3c18879b439178419cca37e4569fbeaa9bd11caea919dc56f54b083,-1,-1,146944,462336,491008,749568,682496
d07211c0472e0feee66f0b801dc6619803b43b7fa111c9596b1742c10f6fa9a0,-1,-1,-1,688128,733184,708608,716800
fdd31d6c63209ae5027938d6651d09d938f6d91601127559ce831d2127678ce6,-1,-1,187392,745984,644096,748032,380928
d9e20ac1a69ed615c8134d10ee7cad91dd625f7d3f8e3e6fcf7423c78bdf89a0,-1,-1,294912,491520,765952,765952,720896
0a15aa2ebe8a0d5878a4f8c43da0494bfeb1097896751a8c2a432168dbdb2d5d,-1,-1,287232,740352,518656,750080,750080
0032287ba78d521333c45425685b66f0b45eb0392a717b6a4897976c442dbce4,-1,-1,-1,724992,667648,761856,593920
bc02dffce0cc6c8aef2a75a377ff45b92d5282371eda70f8cc43405dd778731c,-1,-1,-1,734341,607365,425093,749701
5899cdb9d9d9db896d64afcbaa8d8cbfef02c3e95ee1773d07e351f4e69058b8,-1,-1,277504,735744,713728,717312,746496
ac9042977dca84af5eaa326f454f9396a1edfd35507f2e3b1e39cc66d8139778,-1,-1,-1,765952,757760,-1,733184
fdbd79540d9b52c53631afde6fcbc5e2fd38ff6709c517e4bdd85c1582db1cc8,-1,-1,268288,504320,679424,738304,633856
b5129b7f71cfa389665160c8744a08a0b65375574a534b90c81fcaafeecfe192,-1,-1,-1,-1,425984,729088,745472
fde4684945143b8f3f073fcd8bd1d4a399b9c07890bbffda81958365f20413bf,-1,-1,303104,765952,737280,745472,745472
8ff3d615a54b0e2a0343002624d7ec0fae5417aa93bbb2d98c00719cef75158b,-1,-1,292864,726016,749568,749568,749568
ff295c657d19a86fb5b1407394184e657d03b6c23acf31593c538787695eca07,-1,-1,292864,660992,707584,749568,746496
212b472d5ed9e6b25b8fef7dbd5dbec083057d82e806d072f587ee2ee612a500,-1,-1,292864,749568,736768,719872,731648
b9ab2ffdcaa20accf85c764d81d2fb01aeab637181bc1b9f81cd57400bea3d7e,-1,-1,-1,666624,722432,749568,749568
3360012c26460b44d5b5511621b32a84fdb8b022cab3e58220276ed1d846e42d,-1,-1,180224,709632,638976,664576,753152
54c5090a2a8accca9e55e5cb786eb65311469da1bb4f94a0c1f76c5c3ce5f9ab,-1,-1,289792,717824,654848,679936,744960
43c6d3184c6fd20d1e14c263e957360a6dd2186c81dd15d38431352340db8a08,-1,-1,-1,757760,462848,614400,692224
31fe8bbecfc83d1414f57ca1d69c722586c79c9f343bc84357a526de92d45b8e,-1,-1,293304,565176,750008,750008,738744
927f5da460ee1b32a45b8ff3e050f69f6baa4fa8015759cab79d683dd9e50fa0,128,4096,299008,610304,737280,667648,761856
c562a2e32cd60e08a02569f78311317c7f3f5ebf95d5cfa4b6de11501d8917e3,-1,-1,-1,471040,696320,737280,708608
fd743fcdbf16d839ce3058271b744632b7d5eb12c329f26981535760d69687b2,-1,-1,-1,765952,561152,765952,565248
9de144e5300d10f059574579ede705bb307be6e5c2aeddb1c361899c33ce723f,-1,-1,-1,749568,-1,749568,705024
25f97b868c210897b099b1376d25d732bdbe31cf80345ef7f09c58bf75c7d6c5,-1,-1,303104,520192,765952,614400,765952
d2a0e61b032fa1168cafc5d57b125191443b19799a23d945af2aa75db8fbcc09,-1,-1,-1,733696,-1,736256,695808
990a73aa41bdbd6373c9521b723a3ac86ab9ebfba08aefb667422d3f79d838b5,-1,-1,292864,749568,603648,720384,749568
a7af04704bb41676bb8e750d55d8a7712edc8c173bcfeda8471d0a4d80e2ae13,-1,-1,292864,633856,711680,740352,574464
9100387a1f3890d9ec71882afddc19024b9490b0f897436c906165a3b5bd1278,-1,-1,-1,685056,-1,729088,749568
82b1129292f1978843c6a2be53d7ad451b997a71c858eef9c7283473f5e22eb2,-1,-1,-1,704512,749568,737280,638976
37fbb019f33a57fa1f3a2de91a91d1dae2690dd1932fa4574ad57a68d053d4e9,-1,-1,-1,-1,-1,-1,-1
50414770a8e09dc3fa11fa888c93e071225307dfdf0f4da3fb84f9b858c677c8,-1,-1,292864,649728,714240,724992,691712
f588d413d465e8c7820d20f604413bf8b96300a4c590eaef80744cef1ffbc783,-1,-1,293312,745920,750016,750016,750016
304e8ff5bd5fab85f81f38b430922e13dd388bf8046332c13c8b2479e32455ab,-1,-1,290816,744448,713728,472064,710144
9e8fed7f9e92676730d69387ef2fdae3b6314949edb3d927a66052e6e051ba76,-1,-1,-1,561152,430080,761856,737280
316e1dc8b3875adc4868e44122de650ce2ac203c92bca976c61bf48b97e5bfed,-1,-1,293312,725952,750016,696256,750016
4d0ba0242776810b90911f2c9f935f8505ab87f68dbdfca2befdb29b5e2cb9f8,-1,-1,-1,717824,677376,650240,718848
f213a685c3f5d883270b2ff08aaf79d67b42633636e2e20a3f7d50fb9104d196,-1,-1,266240,765952,663552,626688,598016
838de8489f2ec3e51127e2b4ae4db01ba672a87305beb1555b98cdc5b350c54a,184,-1,303104,450560,565248,724992,688128
538f525e99aae7d59968428fa1dff996f360511e0c89878870a96fd999461777,-1,-1,-1,670208,742912,749568,730112
db215d0ae2a0b129a92b4ed1d6068fad362ae1b18a01e507c721a84d58b6ba23,-1,-1,-1,475136,761856,454656,344064
259951566dd1914bb63dfa2fbbf88a433dedfacb899b6e5e99c62239a94e1cd2,-1,-1,-1,625664,663040,750080,746496
ea49ceb9917907b2e8a688c0622bb82aa72403972604cb779bd9b384383edffb,-1,-1,-1,684032,765952,724992,700416
faae7d87f12a00f83689f34d6b57e29ac4949e2cd17d7c999b339500d95246fd,-1,-1,-1,-1,745472,-1,-1
a5bb3d5acf1170e3eba91c721c2fbc3e26238f74dbf5dbb8a3d6f7299f35e231,-1,-1,-1,765952,430080,581632,720896
e0700db449a564a5e85cfd7bf92d05bd0f1a033bf2dbe4db239dfb5f3a863087,-1,-1,-1,-1,-1,-1,-1
31c3e8660078dc512b7dcaeb00a289c4a47ba467866112ede0ce4b906e2c2984,-1,-1,278528,527872,748544,733696,705536
1d8de875b814fd68bfc35957c0adc0f8af31f279a513cdc014717e076756452b,-1,-1,-1,741376,581632,581632,462848
36f978f3fd4a89dabb5231c9e4b56575d84cd55bd22e8cec45933bddf3a2e595,-1,-1,-1,512000,712704,-1,749568
f9bff8d4fd2a7fdfa324a6a56784827ddd607a5908d2c28ad35af8c14eed73c3,-1,-1,289216,541632,617920,750016,750016
d4dcc5dd8beed1e1f3c84a0900772c195136738d19d362142d8d4d0efa29b7f3,-1,-1,292864,750080,632832,750080,750080
0993e2108c913fe4fa562b8a503e63e752e74ce1a8f12c4735ff8c7aa7e939ab,-1,-1,-1,753664,-1,500736,753664
89ecd9f9ab31b4fe92f56838c1d59f0398c19b6d0458e65b686451e428a1f4e7,-1,-1,292864,700416,749568,695296,749568
d95ec69a8793caebd4b18d3851f4d8b406e7cb11b927f073611b07ab35c3c9a5,-1,-1,-1,-1,750080,745984,722944
1a84a823b4ee4ff0791dd79b6316ab1a6f64ab0ddd86a6f96978d36ede74acf0,-1,-1,289212,750012,750012,750012,750012
00e6db8727eb5c79c832f8c3c1d65849c7493057aea205c11637b7c2f0aea932,256,4096,-1,617984,750592,299008,1024
f7c23e1b7f59299955e2ea9d545a594f6606fb691b4d609138d416147d9e8494,-1,-1,291776,639936,744384,750016,748992
fc98548f0f07eea74ee6f568600d39ae614b5d5b104feea8a190c4baa372d5ca,-1,-1,-1,570880,753664,753664,753664
b20019a4bdc4fbbb4cfd6724a0de0669abd8c9bbeb5e10d3d82ead06c935f7ec,-1,-1,274432,663552,757760,729088,765952
e1ac2ca35dc1c431acd61cea6d3d476b55e6505b58ab68531b3a4d981c17dbe6,264,4096,303104,-1,765952,745472,716800
3a578e595ac0dcc9d809b04d44bce6cfb2267710ef3ad5f91f2676ae89a166f2,128,4096,295424,607232,754688,708608,751104
e44cd2f60b5b5b43b41d993cc948d165d86d45093a5a7911f696d42057d22206,-1,-1,-1,-1,765952,765952,761856
3daa0f2f8b187e43cff826082b4e674747ed771f5962c324007405fd3b6cf941,-1,-1,281020,750012,750012,750012,750012
c4ed79587319687a441a1352c87cd8ae6074819583495f497753158cdd88a340,-1,-1,-1,747008,673792,749568,749568
9a3a28441d24a45a43ee022e9f66a64d8daeeb8df8d7da5a53b3e3f50948696c,-1,-1,252864,705472,725952,750016,750016
21a986ddf0e097792ab844000e731ac5c18e118845b8417d0f85873b1577766c,-1,-1,-1,632194,767362,750978,710018
0618abdcb0c06d0b6892eb8af5ad66a3b96d0d635557fa4d80637909fde700eb,-1,-1,-1,720896,750080,739328,750080
65769ce27978cd20fc94bf90784d7b73fb79f13667e7b421c52d97cab1bfcb07,-1,-1,272384,713728,695296,752640,718848
9595938ba635e831eef6a478eeace6b4885340835ff1aedc19bc7f8b3f7c93b2,-1,-1,291260,750012,735164,750012,750012
9b71b2d34387730c5563c58119143196348764bc787ddd47bc664fafc3042be4,-1,-1,290752,634816,750016,745408,748992
1f60dba70e89e65394a10617ca93de6064839cf81002dfa71e2828cde2d41fbe,-1,-1,-1,765952,757760,765952,749568
cf70f4dc23a3e77b16dd4ff0b0b7d7800414a822c6d07e264e431ab967e34a27,-1,-1,252416,750592,726528,-1,732672
a31b7baf5192456d3517735267dc3c2025c2e181af4464c4473f1a22b9d1ee62,-1,-1,-1,757760,757760,565248,741376
997f111a227133816268c72507ddc1c662e69baa6de40906281e2eeff9c8f5e0,-1,-1,-1,479232,618496,753664,745472
a10268afffc9fc45dcc28fdc630e03cdf67623e2dd9f57033ffe934dde68ea45,-1,-1,-1,471040,-1,729088,757760
ba7eb71c3f70a3949916a3c19daa37c871401e4d07d22f3e22a84c94390f17da,-1,-1,292864,750080,750080,750080,686080
0287d3ce026ea73c00bf0fd300aa71a59401a3bb72175752f2132bc2e3ac34ca,-1,-1,290816,716800,765952,638976,737280
a3e221ea865a7087a7ee5ae98fcac27287819fa5e1361005e21b465fbd0d0c22,-1,-1,-1,-1,-1,-1,-1
839f39ec01e4379daecad0f2546f3842ab241c027a4a10efde6c8d43fb18834e,-1,-1,292864,733184,749568,749568,745984
5b204479dce1dd001d88d4778bf34064aaaa2e0a1ea16fbd4b3ad300f819a128,-1,-1,292864,726528,689152,737280,742400
44fcec24f9bcafeb58589b329cd05f13a562e1acd71554539d805912741722db,240,4096,259072,617984,750080,623104,750080
de1e3843f45ed37fa855f4131b44223fbc4af507c299853f95dfb0569697b488,-1,-1,246144,733184,624512,340736,748416
c7b1ab0520c6b3c507c63108960192fa9359ab1df94647bbdf5ce80cef759287,-1,-1,-1,695296,749568,749568,722432
62e62e90f7ec15a99ed9d4a4fc674d100932277168885426407b0d60f46e3da0,-1,-1,293312,750016,750016,750016,750016
5d816a3f7622e70db776d256534aa941601978090da2a07529a0000ddb679138,-1,-1,295424,669696,719872,591360,750592
9e1f13a7fbfdbecd34a7c53671a7a610efb5d1756546531eb0148c6271376c29,128,4096,295424,718848,754688,577024,736256
0abab5ab580c3768c46d85c73cf727d1ab61421818abb93683f3f31280074cd6,-1,-1,-1,735877,707205,744581,749701
f7021396df7121aa9d453fbc6146c022086945a0997a99377cb203a8f492ead3,-1,-1,-1,761856,761856,-1,765952
507669c536b2dae90fb83ababd555e7bf165f9e6a6241929b1fa3ea514eea1f6,-1,-1,-1,753102,499150,749006,753102
0ef3b2166236e93d1b5091f6a16b17d7c74271bd303016258df3eea6bef755b7,-1,-1,283648,637952,754688,543744,748544
2f65604384778ce458b1dc3eb1a445644dbf1de63ae260dd318c15e1e941a386,128,4096,292864,604160,753664,739328,733696
61b4d2c3a3660dfe9790de9faade570dfad3288de362e8a4def1a4764a52a7ef,-1,-1,-1,750592,750592,750592,750592
60438a6e956f2a44e69e631eef6c5a4eef83f2f7e6089ff8125aa1d5ab66a462,-1,-1,292864,-1,750592,722944,410112
fa4804237b6991dc7eca438cffdbb9b7d4e32bef85d56ac13a578c46e4e018b3,240,4096,-1,619008,425984,734720,743936
545cfafa07bb2e2a4a3ac04c8b8615aee0297d4d289e5fcbb42ee6fe5fe3b659,-1,-1,303104,442368,-1,761856,663552
bed9c8ebbde1a72487a2090ae1d8b0e82fb8c0e7c618b3c314bdc923ddc8f583,-1,-1,303104,757760,495616,737280,741376
9d45f04b27c734fd95f662e2498d8aa5164f295929769b68709aad0968537840,-1,-1,-1,741376,614400,753664,643072
69b286a5fd6938a58ab062088bad5a653e77ae10c086b2b00dedcb035a8a2772,-1,-1,291776,750016,634816,738240,748992
6ea3d785153b7fee09a1cd75168f8279ae9b066fd82a38a5172456a4e7cdeb8e,-1,-1,293308,750012,720316,745916,750012
cae4c64998575ccf846eb379e648ed1a4e3cc8b37d3118501d0e8164483aa0d6,-1,-1,-1,765952,765952,700416,765952
2c00c1d6c6b754fb8b302d0aa2e161f1c87f7dda823c752723e69c05fc253143,-1,-1,-1,185365,-1,-1,-1
6a4725d3c5fd8372947c9ca56421152e826081378dfced94da5393ed4b2aa02c,-1,-1,232960,750080,704000,744448,750080
75a21804fd79307c694d11997040a35c81d228e178d5374ff5805bc2c7ea0e9c,-1,-1,-1,745472,524288,761856,704512
a9a24d06d2299f418c8706b4567386d6f8b57c3b0b54df6e2a1f90c904a8ba16,-1,-1,-1,749568,749568,694272,719360
24060840743dbf1af8d12c77d96d78a97c1cbbc693857acea32e4212991da96c,-1,-1,-1,666112,623616,750592,750592
33c3e297860c960cdda58bebb1a28b6e226030dc377e64c275da75d7f172a57f,-1,-1,-1,-1,-1,-1,-1
92018ce4dde9d8eacfe58b728d272a2169c71d1df054a3e591f7f51fb27bf63a,-1,-1,280576,753664,666624,430080,734720
a3b03757e3c95bef341856f37e31eb9c496d72f3e3fa2a813242590ef9a31366,-1,-1,-1,750592,718336,-1,750592
7d10d205e297841e4bb8c8eb1122ea749b083662f353a44bd5668a9a6dda22d0,-1,-1,-1,751616,730624,460800,753664
8788a95203c87b21115b15d797db3937d1d2b5648b4e0d35cdf077b79e3c010b,-1,-1,-1,649728,740864,703488,651264
446b71756b78f4a6bbc6bdf7857dbab2605a17418f8ac18fac32ce2067515bdd,-1,-1,243200,745472,743936,731648,748544
c291c04dda9639164b540e220549694d21cb9858c5da41ee9311f4cc9b10ef77,-1,-1,-1,757248,757248,441856,585216
eaf63aff4c0a2163223b8335230fe3f9dbdfbc95b7b3d6c1566c53ba847295c0,-1,-1,-1,-1,-1,-1,-1
b32f67d2a4a4d6ea585df758277b76db3a8b6940438fbedb7680bb5d3aff9125,-1,-1,-1,512000,-1,765952,765952
6532d1674ccfb4f4e54d4489f744cc1e4f1c8373aefc2a4cc7635c91a15e12db,-1,-1,-1,605184,693760,713728,656384
01b2ef6fcc0672636268e753412815b5dd2f0bb16551e649e13acd253c851cde,-1,-1,-1,711680,660992,716800,681472
a0f8c3ec4ad87d42a5a7a5ec20c4c5762a192e74ca1a3cd8ce9eee6a4b4b053a,-1,-1,-1,749568,629248,424960,749568
0c4b7b57aa86c79990943268f087f679e52591ac8b43d87fe938990153ba162b,-1,-1,-1,663552,-1,715776,747520
482b1c322531bddfdd26354bd5b2cd07c68492cd48eef9c848c157e6cc3e0baa,-1,-1,-1,690176,-1,738816,749568
4106995d7f582b74f7a3aadd7c8d5a868734475fa53c909a0c9d5655e227f2ea,-1,-1,-1,743424,745472,518656,471552
8849380cc34836e98d999dfa7ecb862619cf17dafa9d1a311c5703d8819b87ae,248,4096,292352,704512,705536,704512,717824
d8af6cac7607cab4236e3fa4068ea8e3daf5feaafed1f38a91d1a0d147560119,-1,-1,-1,696320,630784,729088,765952
3e2023228b92cd768b7f98906717d242ea9e24087b2ef444e31853acb7ed2481,-1,-1,287232,730624,701440,721408,731136
9b7d23519410bfddfc0fdc2a9e225911b75e7ce79cf848faa7b913ad4960e8ad,-1,-1,264640,741824,750016,750016,750016
df9c447cabbe86f114740a5bb0a6fdfd44a1aac7844f1865745ca366817ac650,-1,-1,282112,714240,435712,435712,751104
4cea46b6fb68326f7f6c0d552da2afcaa86a99c5f2c97382f28d454d39acdc2f,-1,-1,-1,472064,-1,-1,745984
73e0834daa45f2a8598f02ea12952ba6986c32f349570da2acb3a716faa72ea9,-1,-1,-1,-1,734853,749701,735877
f00ed48321073813120957439434bcf772fbffbe2e90e4a2b9d7eb3bf807f93a,128,4096,303104,409600,413696,716800,552960
6e2323ef3ff4bbbe7de522550a9f22a8e93c731d859c3f96e446d75b87dc9c27,-1,-1,-1,614400,749568,757760,679936
7b554f58befd95db474e7a7cc47f8194d693fcd8384e3e71bac01805bdb351f1,-1,-1,-1,613376,422400,710144,721920
e5456f2dc492d5754792e514513b6f1aa60b79866975e5ba5d2ad5240a738b7f,-1,-1,281024,750016,721856,750016,696768
d6ff1598f09fae8648b7b051a0472e1503d01cfdd9a11d04c5e03502281257ce,-1,-1,273920,662016,684032,750080,743424
27aa15952ae16178922ee52156b484e2b5cdbd870e914181604acb4ce8efd5eb,-1,-1,-1,761856,765952,655360,-1
42414d08b625c142757174ace7dbadc483650052a17e82aba2e85b6b66f87aec,-1,-1,-1,512000,462848,692224,700416
4d913d2b4f3d3e2dceadae2a834739e57562931049554896bf19cd0370c7df9e,-1,-1,-1,438272,750592,457728,582144
088d60aa8cf3453c4c20400aae006efb7c538b36ab67abe6fcc0c9cae05fadec,-1,-1,303104,638976,659456,749568,618496
97ea929da52919048165f4a6860862578094fb87abc1faedb03a14c5848dc18b,-1,-1,292864,749568,735232,725504,749568
74d9678235670e4aa25a4010d119ec271e5c2c2a1dde690c2f8b0a1a94fee057,-1,-1,-1,700416,757760,581632,753664
109d94f079881168a289df39cebe388edf4d5148ec4c057c80ad6c52f136ff0b,-1,-1,292864,618496,425472,750080,736768
0882ec67a8a8f40aa9a0e8cf84960f610740d7565f49ebc995beebadc7e033ee,-1,-1,303104,487424,761856,655360,741376
f1d3c5945697841423c750ee78202b2098f39e956f1fa2d161c9591b65a69c44,128,-1,-1,589824,573440,708608,765952
12c80123ec06f5a9d6fb50d106010d870ec83b7fa5a648ccaeba288bb1239d52,-1,-1,287680,490432,750016,598976,750016
1b8f6549eaa532aea6ce4fc5db8e6ecb62b7b308fc6cef744d9359635d4496c2,-1,-1,-1,-1,-1,-1,-1
62aa4fda720eccef36b82289e0ec2b57fabdc17109402aef3495740bac7efc84,-1,-1,271808,647616,705472,746944,734144
fbc275ea57a24a291f01985e906f2dd7033e0d147354f45acd8c8ec5272dd67d,-1,-1,-1,751104,753664,753664,753664
cd5e154fca5f68afed111f7a4e02fc48f0963aa5aa53bf66455ecb4e7ce27e2c,-1,-1,-1,753152,753152,-1,738304
922d3ac5ae9d84983713b75d14d7b8cb1243c99262d060ff1f36dbdf0c089d37,-1,-1,292864,612864,705024,746496,564224
e5aa367080a1ca1fb8b3c2693634b95fd2eea24ff4047d829a15414c92da68b6,-1,-1,279488,744896,667072,680384,729536
b52534cc4e0e29cde0a88b1d019a01e7ef248331ec5c55864cb0d78490b39ec8,-1,-1,-1,647168,765952,741376,344064
c8e888a62a623ce125828e668fc7db281b64b748e6d2b1437a6bbd776e2cca49,-1,-1,-1,-1,748032,749568,733696
974ca8836ec4d28c50d7be5bb281db4a889c0e2f4dfce53e054be02d3035fc3a,-1,-1,299008,765952,634880,765952,765952
cad3b8e27a9bb5f32b556b19f222e2fb08c5470e837be6e19c2e9cdd797f7c19,-1,-1,289216,738240,634304,750016,716736
1e56ddcbe022d724c37d6b4ed9f14ea18ad9e8484bdfbf77536629f53fa74def,-1,-1,-1,720896,753664,726528,753664
1f187530026f7032bbc834fcc362a5351711fc5d7335f2408a46a664da16457c,-1,-1,-1,463872,746496,736256,735232
6bc4a72dc381d28d25b8a369e7e48d3ee6c03ad417a2dd3380fe146a511b7b6e,-1,-1,-1,573440,323584,716800,688128
0d498162ea8b7b3b06bd0a16c0067b80a31901d7bd5acd090bb65c2a0073d352,-1,-1,292864,622592,744448,708608,639488
b24411d22d08fa7390fa4d2b5844f59786d74374fa52398e5ddda6114b73c538,-1,-1,293312,484800,745920,750016,750016
d23582670e2344f619c4ed0845673f9e70d959d0397340ce22e084c3eda680bd,-1,-1,-1,688128,438272,684032,679936
eb8bcfe75981a5045ab4d1e0737a6e47633d040327fabf3f068616820cdc54eb,-1,-1,-1,649861,529029,735365,653957
c0ddd601d75db876396d90305b62e1e414ee378a5f21ecdfc7c78739927802d7,-1,-1,-1,-1,-1,-1,-1
df4ec94bff94c2de39ce9a50f373cf05baed965e9f3ac745ce6600a40f061b71,-1,-1,-1,501248,751616,753664,751104
3a4a5114e4a69b8a4b71afb0caa278988132e78b82b2a5e4333694a0c321b132,-1,-1,-1,-1,749568,721408,-1
fdc153b907b4449af650d01e7f3181a83f4c1d836b64af64c588dac580ef0004,-1,-1,303104,765952,692224,716800,-1
f47299d48044ba8eac0223f4206bf48417d60d2e90d12f1d51d4496f005859b3,224,-1,193024,559104,680960,749568,693760
8ada1b5e345cb4d113d17a174e07fe715c3a0056b7a3db005a5278722b6bb23e,-1,-1,-1,749568,664064,749568,749568
142a5868535490344ab8def5321da975fc07368531a2212b4cbee648573db0ef,-1,-1,284096,746432,650688,431040,750016
5863a7e30086525e26e4d6e3c7def5a4963208591fe0e1256d88faed0bf206fa,-1,-1,289792,654848,633344,754688,737792
bea5936f37aeaf8cfd32caa0bc0a0864d73b9df93db57057407d8d2aac9f8b99,-1,-1,-1,-1,-1,753664,-1
d12c71e4010305fa83cf34282c5b776724535d981b9e8c44b74680fe00c05969,-1,-1,-1,-1,-1,-1,-1
ae0ffdebfcac1418fa93dbbee7b9825fa771fa44ebae91570935a317b10e47ec,-1,-1,-1,663552,697856,738816,669184
969103b1f71e1db866853649ec5592afb51119c40cdcb52f0bb5f58e8f4062ec,-1,-1,291328,719872,707584,754688,754688
0801fea64677790d21b57e86ba8374e8e11af15c1be3d17737e58cc379b0cfd7,-1,-1,-1,671744,737280,643072,729088
9a903ebfcf1060f25a1fd1d5ec0fcc827e07fd3249f5463924752fdda067777f,224,4096,-1,749568,643584,387584,749568
e0a391e9a4732bea63653a9103e1a3f65d1c411360b5505fc9231731256d03c9,-1,-1,-1,630784,716800,737280,712704
3b6c509505896e6caa3bdffba0eb6f6f347216168206bba264aa476f96362b48,-1,-1,-1,-1,-1,-1,-1
1e41b19dd978933e84c5f3f79d44b9ce10e3cf156219f5d2eac8761e909c8c38,-1,-1,292864,749568,727040,749568,749568
7f01bc2403c7dd4270a3ea8fd70e0577a66e2880905c79d454a8c42eef14953c,-1,-1,-1,749568,749568,749568,749568
ddf26dd582272d6d695b54bad355210cb093bca03112673f447df9e3bf8ab35f,272,-1,163840,692224,573440,765952,704512
5ffb09e9b482db0e0293e5ffbfabd25d68c1225a67b7fb35bc460284d6de6fe6,-1,-1,303104,630784,761856,757760,765952
b28eb0fde44d88eeaaf60f0a58cd305064d56c370e4bac2145606992cbffef99,-1,-1,-1,750080,750080,717312,718848
76c4a69d0e5d521b3e1bc7a753a12a2f7f06b914c17b15ec11d08ffad2274744,-1,-1,303104,753664,438272,716800,733184
1e7f1ead88fd33ee624b0fdf319126d2146a6b0ac6c478d3520f52621045d322,-1,-1,290816,765952,462848,757760,462848
81ddbd134138cd38d43abbe62f7502adf2b313052e2421b5bce7bb824922a3ce,-1,-1,292864,654848,662016,741376,689664
bcee5d855f8bf5efcfa311744594b4b0e844845f995f8d918bf3ee76bf013512,-1,-1,-1,-1,-1,-1,-1
8910c23ce575536157f4fe5ae1eb3d010e34f986e7a3242fb6bbf06e11814f0d,-1,-1,-1,765952,757760,-1,-1
e4ee4b17b2594065b3ba1731dc7d02b92a2daaeb1c37b3de05919ad65efce04e,-1,-1,-1,736768,712192,732160,630784
15982611f1e9de4688660f6bf92c1aaea50f02a7bbd1da0ce096ec80d1620889,-1,-1,-1,736258,748034,723458,700418
c591e3fe771193d8df90951eae54fa5b8aa9cee2a62c342a6017208832b1ef3c,-1,-1,288704,652224,655296,431040,715712
17a16818edb0a2fb6883fbfe8ff14d446dc991e60533e782df9a2976cf54cfb5,-1,-1,-1,635392,723968,-1,745984
596bb6404d9d4889c53b805ebda91b6ab0ba17ddafc1830109496c9301a51b7e,-1,-1,-1,622592,753664,688128,712704
ee4e7f63c6f1e12cadd980dcd65af48a99c7cae33ed55b0a09f393533f78625a,-1,-1,-1,733184,581632,671744,765952
278c1da8fda50d2a60f41b78b341a8c71b71a6eadb5479f95500d15cb413b81b,-1,-1,-1,-1,-1,744962,730114
db0b63a32f72a43f7c2ac03a22d7400371f072dd355e7df064f402ac2d16b5f1,-1,-1,283136,644096,750080,611328,743936
f98ad2b65bb17524b254b9ecdab414016eb36db817db756dfb24b6d7d6d26070,-1,-1,-1,753102,-1,749006,-1
ce98499d93bbab7571ffd0215c8f49b71c77c664d87105b243341c0391631432,-1,-1,293312,750016,750016,750016,733632
896ae35c5d97f77580e7280920c4fc234b6b7cca1837e74f95ced23b6d51dc7c,-1,-1,303104,446464,757760,761856,716800
fd9c8f225a60c9a2c9ee031e808e541de0f3723cd2e1664cf7303c56b78c399c,-1,-1,-1,-1,765952,765952,716800
f72a9eaa1f2815a14086fbcf866dd1b7edcdbd6bd9e8ebf80cee48eed3325d7e,-1,-1,-1,749568,669184,-1,749568
b7ba4e93441dbe618032b8cca4728ddb8128c82eeea044f861e24a25bd4a690b,-1,-1,-1,-1,-1,-1,-1
211fcd5e34778b4a0f3b247cdc5045de588f4876054dbd6562c529dc3fde31c9,-1,-1,-1,-1,-1,-1,-1
2fa045856e2410682e4a5ff96830ac73b01928ba4e839a32eb1fe2054e5c1197,-1,-1,-1,718336,703488,739328,749568
6c9e5dd2c9937313f3ba01f340f716f0a015864dcf3650d12cb5b1b83f0cff59,-1,-1,-1,606208,765952,765952,753664
c2678221d7960f80898cc5eda0f4b4faa809c599ca8095a62e2174ca5942095e,-1,-1,-1,-1,765952,745472,462848
e299742f37b69a821ca548dce2cdd34293e08370d0e625afb47b1a497658dcc3,-1,-1,-1,713216,444416,749568,749568
5e3b999bf01e2956efb7662776d352cd80766074477f06eaa16fedc52d1b25bf,-1,-1,293308,750012,750012,737724,750012
7d78873656879f42ab371828505642b9713075055d88087e2becb0818faeb144,-1,-1,303104,638976,565248,462848,581632
1a63a3b13216e5eac2d80356f4f6c3c53cb5076e554be38eda8f711e878542fb,-1,-1,293312,627648,750016,750016,698816
9cf3b0b53aad3a2b8c9e2cb9f9afd8f4f86f741da514fd04cad43dc13b5f74eb,128,4096,293888,700416,738816,510976,750080
4b3f0f9729a9f7efd2e943442ce6c177b041a51344250354459d4ef0cabd6393,-1,-1,-1,-1,-1,-1,-1
45ef8c16e1460441f0de0072b8f91efcb02c91c2fe68bf71c4d816dc0380c25c,-1,-1,-1,738304,740352,706048,698368
6d56048706e40b115d5660bc719a9fadb5052b23cc50426ef6511467a04d7bfe,-1,-1,-1,602624,713216,748032,749568
653c7d2f8d80557087b3dfa721717a7f06f9c5655faee64ccd9f8f7d341aff8f,-1,-1,-1,681984,743424,627200,627200
beab99cddddac33ffb74930b546af7d7646c9c71c1a33ea95245c2671582d676,-1,-1,-1,460288,-1,718336,742912
9866273a96638d8c2f35657872e9d960be29d7ed78f3c0bbcdaf97bfd3b84f5e,128,-1,-1,751616,702464,728064,-1
3c9bcad909730c5712c8ed43e034a74e3248f73e7c742e683d86893c0942387e,-1,-1,-1,-1,-1,-1,-1
4b4904865894c4f5a17460eb4f67b6615b64ae81190adde1cb1639c4585c170b,-1,-1,-1,745846,545654,750454,748406
26421a619c6033aff93b789312f4d42e52f74d1b19d3dc358f14bcf87a8351bb,-1,-1,287232,720384,599552,736768,742400
8b746a5e205e4b785a7d8ca01f517153d59ad3165f11d8e3d4f6717b94658ad0,-1,-1,292864,-1,749568,708608,749568
ab13ba2e1c6e79aa12c278d9ca527ca3bcfce5bfb0cd5b2eb31f3b5b14174db0,-1,-1,-1,750592,-1,664064,750592
07f30e525efc10f5ce2c994187e84a1d5b5d4a393dd9aa66316b7d8cd51adfee,128,4096,149504,742400,702464,577024,689152
623e2eecf897a46aac46f6e5c4d9cbb050a7c684230d6bfaf1e588f2f4efc579,-1,-1,293308,640444,721340,750012,741820
f3334697fec85300f46f9268e2e4b5dcea6358b014c13378851adf2851be1f63,-1,-1,-1,-1,-1,-1,-1
eb58bc564dc11ad469e4507168e1ee7b6e7e96e5bec8b63d0b56afb2b58952ff,-1,-1,288768,-1,628224,665088,749568
2ddda74ddf080a6257a8fe79baeb99e5d17f2841cfc4fd4a5ea1e39899ed8758,-1,-1,293312,725440,684480,651712,523200
2690383b47e95fce379eb1b9b2859b98f4c3c6be9335c51f475e054ffff67721,-1,-1,293312,750016,748480,750016,715712
b8008a145288e36cc05bf0d586309a5074233fd57536fb31e8ec105bc4595ba3,-1,-1,265216,646144,601600,753152,623104
0468e6b6656a0a085adcf24b96bc096fd3db07af8eb1c9e22c058d0c8e571c04,-1,-1,-1,752128,752128,745984,748032
1960b73ce7819e9bd88f8fd14f4a2197423010ec70708c480f1aef853ccfddbf,-1,-1,-1,-1,765952,765952,-1
b5fa3f7c115b2f5196f78b9e0755fff61934b24649f4a4ffd8bafe73f1cece23,-1,-1,-1,745472,765952,-1,352256
755698ef1ebc0f5856d5d3c4d277f755dd132474abd37911dbb59a9333c32ca2,-1,-1,-1,737792,-1,-1,698880
678ddaf0155c54de461eaeb613d919991398d0de18461d8401bb060d9cddb8a3,-1,-1,-1,734720,659968,691712,690176
56e9eef44a10cb0b04e20d144719de26add7f720e018f15362bf71f75cb13dda,-1,-1,293312,750016,750016,750016,750016
c87dd37871a404a1a6a52183b3d07e1128aae6a554825672eadd174ad316e6e0,-1,-1,-1,732160,749056,750592,750592
e946fe62ae567af277f42bbdc4d70a98f481765208a811efcdc4f0c5fbba83ce,-1,-1,-1,565248,-1,688128,471040
e7b398128459a0404d16c3056c5e333547c7d5cc3c344b8391f077a73e03411e,-1,-1,-1,765952,765952,765952,765952
fed02181903ab665113fe61c44f649c6e28eb34b5a0124d25cf1da0944102762,-1,-1,292864,644608,665600,727040,744960
084292aca3fff1b0a9ef7878499f89f447d91b774b8db13df3c49c13331cac39,-1,-1,-1,-1,-1,-1,-1
58c8a7f7eb8678b7e2cfab34b5792bb8954049e166954cba662d2104563b6b7a,-1,-1,293312,734144,597440,750016,750016
607bf8662c687a7b7da608a8c010dc480612de475d2a5260e31e40b850da6044,-1,-1,281600,616960,716288,557056,749568
8d4b99a997b50868ed473872813fd3bb87a5bcf80c4bf409e66056b53db9b792,-1,-1,-1,671744,737280,745472,704512
7f292ac8599234087f94a31e73991c89f350679c91bed6580ff1dffb6278ae54,-1,-1,204800,638976,757760,753664,647168
747b0b2895f49a0046de0c0d0b807d2c9ff2d8c8b2046cb6c60318a830c35ef8,-1,-1,291328,743936,748032,743936,736256
efc8165d0c0535b9424140c85cee81f2306dd7c42959668078463d4849e696bb,-1,-1,-1,722432,728064,749568,749568
e7c7b9150b308491bd5a94eda0f500d10e8dd40be3a5b49fdec3160a6e656146,-1,-1,-1,750592,750592,750592,750592
16875beb489f8702e70249be10d18d6dffbf29887d90981d017fae5e512b504e,-1,-1,-1,-1,747520,-1,747008
a30a9018c15e62c24436c9e43763b85d29bfcf40aba766e6f4654b83f75b0a17,552,4096,102400,749568,729088,477184,461824
e90211ca7555a9366ca13d8a65762a247001e82e94f3fe5da8350cafe5efc016,-1,-1,303104,688128,753664,757760,741376
6cbdf20b69fd36330ba64aaec3ee376d1776e0608aa69c8f8dc94c3a134e5231,-1,-1,274432,643072,745472,753664,606208
2c9430f6160f424d57c05887b2e1c4428222ff5a72cb691f354e3c38937af9a2,-1,-1,288768,749568,749568,618496,667648
05d5a74899a8fd492360a904202e8d3f6a7ed14344d478e7ab2b289c77d41df2,-1,-1,-1,724992,765952,757760,352256
fc8590c6f1723b4b1f5435585de2121d27a2bc64b01f3401dd4182bebd34d9b5,-1,-1,-1,739840,-1,-1,-1
1572a559493467e2663af79d8e6818c3798f5a88274a62ff9e79bef520934d5a,-1,-1,284160,721408,721920,750080,680960
bdb9d49de9ff8e6781933d71b1cd7316624fccdbd9258d811d1abfa86fc68a46,-1,-1,-1,721920,741376,744960,737280
c9ea81fb55c68d5a032e97b7898d56e6a01d5b99dea2a4a59cbe268779c392d4,-1,-1,-1,733184,765952,720896,737280
aa9c200b60ec2eec3b4130291d52acdd5e06e348073e6c64efb3558d1e643511,-1,-1,293308,750012,750012,750012,750012
42f30347629caca83ecdf688d335888d71bf3eaca0fe9194a99d3943d4947f09,-1,-1,294912,618496,716800,552960,475136
d5760534bf03803fac33b0f1082d22050fe3db1d86c02b890a8e4748b413be94,-1,-1,293312,578496,750016,750016,676800
d57e1e52d7d5399573a0bd5d832c9504b959743d37d3a9d4a8484556feebc30f,-1,-1,287744,457216,704000,704000,689664
75ba3f744ed23f05e85837598e500155c749b9068000dca8701422b8d901118c,224,-1,287232,745472,744448,743936,717312
304efe0b0e26f57081c8bbc16a5280d7755047fe03c6525bd6a8d801f5e6ff09,-1,-1,-1,712192,715264,691712,-1
676ea64a9d19988399f25f4736ec3fa201ce88563028c86f9a3d1a9ce35d3079,-1,-1,-1,752128,752128,748032,752128
c47d2c0fecddb9d98ca9267a1ce1c103b7d2b339344507406e62d16a2328b687,-1,-1,289792,617984,688128,574464,717312
fb9b76cdf41174a8b09c0bbe974e6475a0987019166d75c69259cc703e577e74,-1,-1,283648,710144,750080,572416,744448
210c3137cfd61d3b1277e9ecc5b08fa84f4073afec8b42e22085b5a90464240f,-1,-1,-1,722944,749568,749568,749568
8a5b1f7605184038cb638d765a23f26a3d3270e545ca7343178861742ea5dc35,-1,-1,-1,729088,716800,737280,679936
990e21cf94e37a8e74e7057cefdcc80e0a42e38be7f59d86142d9bdbaff03469,-1,-1,-1,-1,-1,-1,-1
3dc20c442d93419db4d490a04b6a61f64478fae1f733059702ece0dc6ba38d29,-1,-1,-1,619520,676352,709632,658944
2e6d3ab72b45cead331da093325b79684bfb194380a3b68352f7b86758382e57,-1,-1,-1,726478,753102,-1,753102
2f3f562b395750585e22adefe05a0ad11988cc9c2f0979aeb0cdfd182c04edfb,-1,-1,285116,750012,750012,750012,698812
aef5477f396c8dd77ca54367eb6b89b7fb13bc080be3ed0ad4eb70ab0176b01a,-1,-1,-1,731136,-1,705536,680448
84844ce56a6efb99290831ed3016b2b542de18998df6c85ef1d98645255e1a45,-1,-1,-1,-1,-1,-1,-1
a291427850710b5452f992febfe193a0bce7f184f79b865ecb68c01078f47976,-1,-1,-1,655360,733184,761856,749568
df51e0005d79d378cadf2ae521546fb757a3c3ec5ac3613b6227a84f0f6a0496,-1,-1,-1,-1,-1,678912,747520
35cf26994cd69cadf7378272e171981b38ff25fb3888781fbca89bc4b1438a2e,-1,-1,-1,-1,695296,747008,636928
8d38efb7d12a54783a332b82cacd2a005d9a96f3fb5e72558f3436804fb8073c,-1,-1,-1,622592,729088,737280,765952
fae70bc4babe8e3349985fd149e0826adf64144c4f2c795803c4b4c0bdb16e6c,-1,-1,-1,692224,688128,479232,765952
838fe9e3d5213f2ff904b17c9463d82a7f83de8ea9d4c9a634334b8cefe5b2d7,-1,-1,277504,743936,750592,731648,651776
e07f7a40f35538946b9e6db267d13a4595db5cda8a9b18b4c57c1c5adfb69be6,-1,-1,281536,697792,748992,750016,603072
f09453412c9cb0a2413c5dc0f3ccce3b5d9f01c9302fc7df5b532338ba6a6cd9,-1,-1,-1,713216,731136,750080,687616
201c75ce39308d932403603f0846698da14ca4ea28badfdf133571faa0ce616e,-1,-1,292864,-1,630272,743424,667136
810dec4ff5b2fdba19f8326d0b5d16a9715755aad02c7ee480e415eb92533764,-1,-1,-1,479232,729088,712704,753664
c23871cbe0caac30394c69305c1cdc531409bb2929955ff3b447c11fcc6b4c03,-1,-1,-1,-1,-1,-1,-1
b43aaf22b43685e710e2569a34fdb37062087588c849a23a4a0656ae922c7812,-1,-1,-1,-1,-1,-1,-1
6cd4a1fcb0aa8edd4dc683485113fff59f49fe25d9a683591222010513c10eba,-1,-1,-1,655360,765952,765952,720896
5313502a51245f739ecf2b7bceeb819c6a53328a5a7be123dad13cfbc1bd0893,-1,-1,286208,717312,689664,742400,723456
930a4901a53a666e5560ddca507f2abc2c4a3d0b8b2faf33031be464499b8ab1,-1,-1,-1,581632,737280,749568,765952
57d6d4946e344e2709c07f520fd6f49eda3a0ee456f83e1560cc173f821c557d,-1,-1,287232,530944,750592,745472,698368
c45fee74e519604f29f65f19c0e84bf346d3f2811373da25bda088e79a607ecb,-1,-1,-1,-1,-1,-1,-1
6d23615a119e517ec69a33b6787d100015d71c01afab514983938c8c747a187d,-1,-1,-1,-1,-1,-1,-1
c389d01bfd66edf0c67b2b48911a6737a6723be18a0d711572721a46e3dae391,-1,-1,236032,747008,749568,749568,740864
8d0f77b369ba92687d3ea41ac6db3c722a8e1ac113433eb02627dde4af2912e5,-1,-1,286208,629760,734720,694784,748544
67334707846d7aa6d40e674c11c152a415c6572d06f0c0e3895a296b20a31173,-1,-1,-1,745472,765952,765952,765952
002bd120ed19908887e609f68f7bf322598a8a38b4a623179da5b872f4801062,-1,-1,-1,708608,749568,655872,749568
b6f2a5cc32c5b46d4907e72db5d62260e1433c3902d3a5446f25e481c1348ee9,-1,-1,281088,694784,738816,749568,456704
bf0b783cd2ea4cbe5f7728ff9ed3b490c9758687353bf2a7e49046c167141f7c,-1,-1,282112,577536,739328,650752,712192
5afc8e7870e522934c4b09340ca249bc95726a60a22b2e9cdbe5eacb9c3e62d9,-1,-1,293312,693184,656832,709568,716224
e222b79fece7117c096d4ac265334c45b47b1d80bcedb56de3688348c20394e7,-1,-1,-1,-1,717312,715264,749568
de0598a52c6a20737dce3af4672aa3bffd4a34a209b2071adf7d8cbd913c74dc,-1,-1,-1,753102,660942,753102,499150
9eb334c9684dfc3008df2a198e617af5609b340686780bf01c71a4d50f5b9f0b,-1,-1,-1,742400,739328,698368,698880
7992a7652d0b8cdc9f5ac1351e7d85440a3d8f9ee656d118241eebd36f273393,-1,-1,-1,750080,-1,721408,750080
d1dac9e4d3030e9cc5645749af81dc217a711b74685990dd9cdcddc506baa065,-1,-1,303104,622592,581632,765952,765952
a904dbdc479fa8f2707d50d57e52f73d3ae9c0d989d2262013e740844adb5e7d,-1,-1,-1,684032,765952,765952,765952
268425f6b74aa0bffd6a430b2f7dfe0cde132d62b0fac096aeffe9a0a85cebd5,-1,-1,293308,750012,750012,750012,750012
cc804ad5b08fcb69141204afd9ca30bd8ddf1bea5f053295803536dc16ba150a,-1,-1,-1,709120,634368,622592,749568
212c3ba11f1ba4fe4e361ed114c2b2e17708709140eddd687b1f7309cda1ee65,-1,-1,289792,741888,753664,753664,753664
249f19972e9806c6c5812ae01c585543c14159a6dce8b156ad574faef3c2a099,-1,-1,-1,753102,690126,753102,731086
88de2ecfdb6396c4af4a5bb955c757f3ab5679d2f96ad9f3787af108400db91f,-1,-1,293312,750016,750016,750016,636352
8500f827ea4960db2fe6b116a9eec1c7aeff5aec3999abe1d822330ce8954b3e,280,4096,253952,757760,765952,737280,765952
db21cbc21201b141072008147c105d605d5029cb25829711d58af31c9c96fbe9,-1,-1,281536,750016,750016,746944,750016
9e092a34ddd24ca757098b58bb59ef220e1e44d498b6759f4ba2475b9de1415b,-1,-1,-1,679936,688128,761856,675840
d8ab5c636b7b5b17cdd43bcaced2fc33ab57f3a1773abbfe4e34e884bdda577d,-1,-1,251392,733696,651776,750080,726016
d60e494b4eade15328da2311f105d0ce4ce7bf619291d9c388da1eae95c8ab6b,-1,-1,287232,598528,655360,739840,750592
896824f103b2b19d499526cc1c7bbfdce12c1ef1238c52d886d35bcb7b3305e9,-1,-1,292864,690176,703488,720896,456704
05b7f1a56f91d96c7b57d482a6be74506b4b67c974d6c0b3a1382e961e2e9d5e,-1,-1,-1,397312,765952,765952,757760
d6145468889318ef20fef02f578055387c1626a64d73f40955f7d6788cf577dc,-1,-1,292864,749568,749568,749568,749568
e291fada571c7f9f03e2a2ea4fa4e5f6edddd76f00c8920dfd7e398dd097648f,-1,-1,-1,752860,900316,904412,511196
6bc1a7ddb9181f0f757193619dd2dcc9a006f4f6ffdc8ae48ad961dfed179a9d,-1,-1,287744,509440,709120,643584,627200
3021af3d0a8bd77edb90ac103363af858385e7b63305403ebcd7abc0b4994d40,-1,-1,-1,753102,753102,753102,669134
71f3ac1674b7cd2fa59cf969e24817ac488ecb2771fbfb96ce66262f5f2b0e41,-1,-1,-1,649728,571904,686592,745472
619a744fc8e0923a3521db8f547f018afc0c9dec160f46b9229d18d72968f561,-1,-1,293312,745920,750016,664512,636352
8d8cf4ae17c452c4a89642536ecb7e352b781b562c722885d6abfaabde5bd46f,-1,-1,-1,757760,512000,765952,-1
275d65b7bf8bb1577f81cf18eeb02317a6d99eec165e510d790b2b726bf26579,128,4096,112128,754688,708608,754688,740352
bdf5623f43eaf0dcc044f1af6e920976f1127be35b097f3074c3a72e6e4872ed,-1,-1,294912,733696,754176,754176,754176
a07df74a692542a8087ca4a1dcacb810011c832e3a3b01421b3684dcb16c626d,-1,-1,287232,666112,644096,747008,743424
c6f82822ca98318637425a823db1e0dd2fad03790db71c567bf4b37efc72acfa,-1,-1,290816,765952,765952,630784,462848
cdb58f7aeae4368b86b5c4eb6c0f669504a63a783b365538e60a7053d7b13a71,-1,-1,-1,749568,669184,663040,749568
1c73e7b36922743e59dfa85085b3816b2c863c1954925fc67f39b95e404d9e6e,-1,-1,-1,734208,675840,713216,712192
b6a1ee239f8d8cc0b9546ef1ca8d5bb9a8f805e36d66508899db48bb796498e6,-1,-1,292864,617984,634368,673280,749568
68330aae3f0cb2294b909012f99c660f65795e263c6048d4aa880cd1b6ce6c52,-1,-1,-1,753664,701952,753664,753664
8b94db73d26f90fa669c2e5a2aff686058ab488723f3f72a48eb610c8daf02e9,-1,-1,-1,750592,-1,750592,750592
7f8ad4e310532cf0a6c45f2c87139d23b3f2892a823b2358263464707c74ef70,-1,-1,-1,750592,750592,750592,750592
0ffa3029e9d84a4563e1e0cc39a39e62562f5f2b53ade5029789920b220f83ae,-1,-1,293312,750016,750016,750016,741824
7be05772dd3203188ca7ab3bc9df8748f91e26304c448822b563d84a5db55639,-1,-1,292864,749568,703488,696320,690176
fb6c3745bd5521cb8750747697941d738c67888ec1695625e3fcca65de98f417,-1,-1,-1,757760,765952,749568,765952
2fbaf7790aec398771812641b3a5f7214b0e32d10dd25d0ef27ae08912bf754f,-1,-1,289792,748544,735744,717312,712704
a869e4c6d177d6335f1b7bbc9586b3844391f5c8de58512579cce34b3ec9229a,-1,-1,292864,688640,749568,679936,-1
6e1136d26911d5b9b2c276b960159a51a2f2fe4013fcb625c26255d9f885a8b8,-1,-1,293312,750016,750016,750016,692160
bfda771edc66249d8f232c5287167bdd322bfe6359e8dfd60145aa19e57fcef7,-1,-1,-1,-1,-1,-1,-1
4d169f1f729100e7536a0926549b61efd1c1850153c85ea02ab198475b6b6863,-1,4096,200704,430080,344064,253952,618496
a83ab03d1df8da13427f1d3baadd90905ddeeac7ea489e94d806474497896751,-1,-1,291264,720832,709568,750016,690112
864bdbd6f2957941abd04922c6d7b6fda1a31816789b73f2e833bd79b34fcfd3,-1,-1,-1,765952,765952,765952,368640
c45748c6a6a584bb71635442e56aa58a75dee6ffc053813b3d684b3c97a1d887,-1,-1,-1,667648,716800,643072,765952
b881ded7702946e636f68abd6fb4e3906c9fa02a1b77e1780f8cd51c3aedb47f,-1,-1,289280,750080,750080,750080,743424
7bc608be56f102cab6098d5805f04c02834e787dc111a2dfdd64b2c35cbc215b,-1,-1,303104,700416,761856,765952,761856
6c6f55560701ac363eab028ddecc69fdbc6853c0f97eaf50004b056eed97e296,-1,-1,-1,749701,730245,746629,731269
fab14c05fc8a5db793939b73f4a77e5216ea5c14b226878d6005c90428cdd864,256,4096,177664,534016,586240,718848,113664
16ca7694fd7b9948c6d5f62cd7d19df95fe75365b6bdc9289ea8eaafe161773e,-1,-1,-1,487424,720896,765952,753664
9866259049225318507ac04292730b5d947c8a6a07e406b42f32c1991925de73,184,4096,282624,708608,733184,655360,49152
e4adf9e95219ca420b39456270ec1cd9b2d7dadd1d72604fdd87b6f6a50539c7,-1,-1,-1,438272,528384,344064,765952
a65b812f562d7f1393d20a8195f5dffe5969a96cb574e57b6ed0c6eee3fdc7e6,-1,-1,292864,-1,666624,697856,-1
faeff9b238505d9fcb553761cec755110b08e31ea88c3d8a921055958af7ff2a,-1,-1,275904,701376,692160,750016,750016
d7d127b2052dcac5747e445aabc143bdab4b772ae0ed70cd47823bc8fd2f1e05,-1,-1,280064,669184,751616,752640,696832
9a7d67773c0b7d5b7b074d13fc804b626b372bad7ac76880023114be1576717d,-1,-1,293312,750016,750016,750016,750016
f1cf2c27b5456261748db2a3aa0106c944044cd1d108ea36f2dbaac22c6653ba,-1,-1,193024,686080,746496,737792,743936
6d1f841a007f37ad7731536b1cb601646ff0778fde37a45cad2572fda2778f11,-1,-1,284672,749568,738304,749568,749568
58b57a45212637840b2f50c6add5be4c1c26a849fa67735f769bd4cfe4505a50,-1,-1,293312,746432,607680,750016,750016
64620dbfc701eaabc74a30817945d33a6d7a1dece785dec85fa6f01948d246c5,-1,-1,-1,630784,622592,659456,724992
0bf77da9e531275ce4c2b596bf36c1146db7905e4e38103872a44c32565e9e11,128,4096,292864,745472,707072,745472,687616
07f2ff1a04a81db61d523db8b29d82cf340b7bba75275d10dad811c16f6988ae,-1,-1,-1,721920,651776,685568,749568
ced73f548703d9d92dba57befac11f7075e845aabbfdebb700374edf8f0c773d,-1,-1,-1,749568,757760,765952,716800
9a9df28cb69e7d2687e78e4a0841c0e2cc1b9e0a1416cb9a4b6c945ea82b9006,128,4096,289280,461824,731648,725504,259072
99579e147822119d292cd962c2ba7a9b1467f7b1c9ed4be94b8a54eef684b54c,-1,-1,-1,641024,671232,743936,748032
4c91c61770c7d72c6a60f01f40010dcd5b834fe9a80e40526d94b7c43408bd39,312,4096,99840,499200,449024,496640,538112
c5760609be632a8db1e059c8fb7b9f8e6d17b647a61d820b95abfd6e979099d7,-1,-1,303104,471040,557056,765952,704512
905bfa717b1a2e5e7f52f45462cc6df5334ba745398dee31c0fab026f0a9171a,-1,-1,-1,634368,571904,489984,720896
f9aa970fabcf5d1a77bf699f065b2abf83816907f7dd03b562d2c60c883c2396,128,-1,8192,730624,577024,634368,694272
f879b99598480ed8b07939f25a6078a7014755401f4b2ab6cd1851aea5a5574b,128,-1,-1,737280,724992,708608,757760
0a96e33a4d1b3c09e2f61058aabdd91ca8a215e75576a9308f4da1fd38b3dfa6,-1,-1,287680,750016,666560,631232,738240
4c25ac0cddd2111ae40fbf094396df6e8fff0cfcfb68dc2a1edea64578a7e5ec,-1,-1,-1,614400,634880,-1,733184
416353339880e5278aae6bc83eaffac53bcfe414464deebd6140d6e8c82d9454,128,4096,289792,485888,743936,657920,753152
4ed9009b855b280780f39556c38953b88dfbf338e7f55405a4e5875af3c7ad09,-1,-1,277504,743936,749568,744960,749568
575563b086eb5ac0db695cc151c4b27ed3e4a193defca1b73d61e5793d81cda8,-1,-1,176128,765952,765952,757760,757760
e62b20bcb43b97fa67bf4fb59c571462f1a90c5c99378951169f02a357b20b0e,-1,-1,-1,745984,737792,-1,750080
8c57757adf56f65d03fce9e567af0c4efe4c0c2796e3c4c76af521f36dd5a2fc,-1,-1,-1,-1,675840,544768,679936
62f71e4f684e4f72c5472c022e03ee37c06e7e43d6a658a6dda3dcdd1cb5b0e2,-1,-1,-1,-1,-1,-1,-1
93c93faf70b455267a8053cd3bad2f3e731157af14724dbf5cc8acf2e9ea573b,-1,-1,292864,750080,646144,634880,750080
37ae8b3a8f5c2b6efad6a14cc1ae53bcdfb69e9a1873e68cb0e2a52fa09c253c,288,4096,144384,747008,705536,449536,746496
1645b09fc7f61e18e32e1787f69071858221d32d2e86553f34a8db9ab3eb5645,256,-1,292868,622596,682500,749572,749572
6a545aed620b6556345d3f9ebcab146bcabd8527e4e873d0e66ea903a490871e,-1,-1,-1,-1,-1,-1,-1
1ff168e145501aa57d0b805529d20f1ba23adbf4966b94d8aa5e73cf6410c635,-1,-1,-1,640974,729550,-1,740814
a4dc045d2ddc664d1cdd3d5c691975a1b0b47ff9998076d0bc2c68caccb074fa,-1,-1,292864,618496,557056,-1,745984
c3ca156624853932c18b43ab00aff85c8ae4001337115ef6db5ac83d554bbbfa,-1,-1,-1,753664,479232,-1,667648
678325bc8bfa2c75a558cf7efdc9b244a620747007ab3d51ee394dcc298f6a91,-1,-1,292864,445952,742912,706048,723456
f2396bedb4f323b974406b60c7097d4a5b311c9522f8a9b85e7b712968e6af00,-1,-1,293308,750012,717244,750012,750012
378e499339375ae9b42bd480d4c845455cd5bf7da4954f84d419f52710926202,-1,-1,-1,-1,-1,-1,-1
88b1deb638056e5728509614f6675273dc7d90b4265d4937f148650f637a787b,-1,-1,282624,725504,735232,578048,750080
89b39a032230a1676e8519b75f2b7d96524b83d2fe4d2b71ca6b0ad9fd8a9bb0,-1,-1,278528,753664,765952,438272,753664
250ec0c5fc459aacfc351dc1085cc75ffe2d4653c733bb4244bb5f0be2173944,-1,-1,292864,749568,736256,746496,676352
ae382ba6f48da1b2b6d8ce98167d581e7a5d5d5e74c6e461b47de882bdbd449e,-1,-1,-1,-1,719642,625434,736026
573d5ca76947254a5b3636b6c1dc056263c637ab7476eadded33018576c6b782,-1,-1,-1,-1,747008,-1,-1
088708e571dbdbf5b4f3088227e9d54c444ffff7ca3f6752481faaf193921789,-1,-1,-1,-1,-1,-1,-1
eeb67236e724d424d0f2bb512f1f19be0c471ddd908b6a736a1f98fda626eb20,-1,-1,-1,749568,749568,733184,749568
27315533b0a44088d4a72d456092a14866fb431e34d90947179c230fd5bdfd59,-1,-1,-1,-1,-1,741376,757760
f4c48babbb1aad423cf984fc7f76c6baf865387230419c8a0393fedd28236690,-1,-1,292864,-1,664064,749568,711680
98db93e2a3cc078efa79803670beada2f136462400189463497a30fa3808da56,-1,-1,-1,733184,753664,479232,737280
bf8c607f581cca028ab5798f40d3903965923e82b04ff7eeffea18bf75c3a80f,-1,-1,-1,734208,-1,-1,-1
6b1989fc0c05db71404df9d0fe940619478797a74d204d7499de94656676c730,-1,-1,289728,622016,703936,680896,750016
8594289fdd9e815faefaf21dfea1d58fb7ce870d5fa201fa3858b4869b36f1c6,-1,-1,291840,726016,750592,744448,721920
84f8e920ab534fd6f6b4f841934fd644919d3d9d8f2ae839aa4acc112dc7379a,-1,-1,-1,765952,-1,671744,671744
d79a2284773e2fd3be2e91f7a477c4f6d3a0c053d628d8a77e27a980cc5ce4f4,128,4096,288256,696832,749568,700416,749568
927cdd77299c8a3d2c7c7ba6f5eec809fc65ec4cd2f17c8dfebcafb6ab6cfbe5,-1,-1,291840,749568,704512,750592,662016
765d6d990d9fd8bc40e180341661aea912ca12dfd914cb21e133b90304982d7f,-1,-1,-1,765952,438272,741376,753664
5d111e65c2fe558ac185b94b5f255ce152f27e2a29ff06eadb8b9e38bf6f7937,-1,-1,-1,730624,735744,750592,750592
24be89f4c14e2913d65f66d01dc253e3d20ad30f33339324d4d91ba9b9c25361,-1,-1,-1,-1,367616,398336,-1
fd2d413b155e51bb68f42ace3a44677e9edc1cad1d2abc09327303479e27cf08,-1,-1,292864,696320,496640,750592,742912
6a738d959300a5e8ab96018868e3708451eba1ac23ed746c223bd1e160d3d535,-1,-1,-1,654798,753102,-1,698318
0b548eb6b177d5489b9531416ed6bcbae2bba5ca3cd81524d36aed2c0d364b10,-1,-1,-1,749568,749568,743936,746496
d3f7bfb2ac3183e8421a6d6911ae8c9dd8ea15b75ece3a5d4cf052cdf23a53a4,-1,-1,290304,750592,623616,750592,693760
15f13b87c6c78cfed53c865cb9579b805bc2ec2e8602d0693911c905ac221fd8,-1,-1,-1,-1,-1,-1,-1
e285d94697c9ae84a218a7ad1ac7dfb89cad3db7f618a20ed271f6c44270b443,-1,-1,193024,704000,744960,-1,750080
8d51ea670e819898052ec1643d85b42d52a1ab18dd738c206277e20a65460394,-1,-1,287680,748480,703936,711104,694720
6485a1e3dca7c580973ef1764560f5c5e70a56168de49dd1dd773d4ae48f1bff,-1,-1,-1,-1,-1,673792,702976
cb5ec229fcb76c89c6c6fcbf7f4b3cd6c4a19ee96dc348fe852dce6dbcdc7a57,-1,-1,-1,-1,736639,732543,671103
c7148bd332dd059d340c3ebc8cffdc01ae4e92b79b2072e4372e103053fbc488,-1,-1,-1,581632,761856,-1,765952
f87f1b46903f830f82e60bacd63c8d096915a609f81f326d8cbc8109768e95f3,-1,-1,-1,745472,745472,-1,-1
dab7ada829d6335065a6478b63b428c56e36c998c00046f581322b41e201e743,-1,-1,285632,709056,750016,750016,750016
40a3f0153e27a4671adde35836e515798747a64fce7b608e6523d301a8a4a7ef,-1,-1,-1,589824,765952,741376,-1
d0a2f8224a33d4fe38df19932c0cfe0951e8cf0f0209e4f9630a79b31e35ee94,128,-1,239104,676864,753152,752640,654848
1cbaed8d02e56364365b535ea0ebe7ac75d3008726b9169bc329faec5a7a7056,-1,-1,-1,-1,577536,749568,737280
95cb84895a26770e50c401eecf15cf72886e342403324c014c6ed8dddac91957,-1,-1,-1,737280,-1,745472,737280
6ed2ad0f7d931ecc0b866db677595fa8a2828022aec50aeb4bee270495b379da,-1,-1,-1,757760,-1,-1,-1
d3061db02d93415a77061b7439b7737feabe72be1f14bef046838bebe32e3f62,-1,-1,-1,602624,749568,749568,657408
39ce1f62952e12345ff1aaedd0562abc2c2aef73e9a2ded372e50ad46abd3d06,240,-1,49152,512000,765952,753664,765952
26a7ebffd3cff33cd332c19e7a81d23a4ffae591d9d646103f5c870bedda9c9e,-1,-1,-1,717312,-1,-1,739328
4b12534a7ee737a1b787092cc87e857b8213b493266e7d8f4cb0342da4276676,-1,-1,291840,732672,748032,749056,694272
b3dc80a9f312fd25779cbdc805c9f60fec4b726c61d0a1757d12534fdc5aa8a0,128,-1,108032,752128,351232,747520,749056
87d59a9babe4fce1eca7f773d0479377380b233bbd3657a468ef6ab8d3d391af,-1,-1,-1,479232,659456,757760,753664
5399f888342838c3de9ffacb6a48cf206d50c6aafa0db403cb99b78a11785cd2,-1,-1,-1,680960,753664,722432,693760
76c90fe4136b3f6bafe493f62233a7bfd8138c41092f442320185d81ecb60ef8,-1,-1,292864,713728,561664,750080,750080
8794b0e7847ffa0be57428f1cfc28e72d24758f9ce2255f769fce2f98f53e09f,-1,-1,294912,466944,716800,712704,757760
7a51006c047dd839db23964952d4d817c2ba220787eb2f2ffac8243871c05880,-1,-1,-1,-1,623616,741376,749568
70d9311354b3c037dfb4eeb8f21c830d63490e37178cd3fb21b931dc6f159d63,-1,-1,-1,724992,581632,753664,745472
c00228e37a4ae75395bffcca7f420ae7dbf8c902eb06b76bdf102e91986e2edb,-1,-1,-1,-1,729600,715776,749568
ffd249ff972620c6955b1d63383be8cd96ef5e8bbaedec7f94ace7f456af0f7d,-1,-1,299008,663552,573440,753664,765952
4b0448441243a601a3c73b3edb947cc4d9c6e88dc0ce7f3b37ead7e04abf88d4,-1,-1,-1,749568,745472,677888,749568
5fc8367772f59d999bca4ee2c16f6492e75aa8768c9a0e14a5c04f89b58d5da0,-1,-1,-1,765952,655360,765952,671744
f4fae5959fa2d47301d30df63744c159766c835fd47097e172d6381fc9fc559d,-1,-1,-1,753664,726528,747008,714752
e87de1159d60a3cdf27f734579e7f96f0675ca0ef3d5bed63b626a983b4343a1,-1,-1,-1,737280,573440,430080,765952
80fe09e0bf8f8b454b38ad5505d71bc6086f40c0cf530445dc29ca58f6942564,-1,-1,-1,675840,761856,696320,741376
c684b992c60fdca8a2c25062b54b47d69e05195319697d601270829913e966a8,-1,-1,292864,709632,749568,749568,749568
bb67191e5a357955f6a0d90dca77a723775e7a990fbc53cad3e0995ad8f7b123,-1,-1,286720,708608,675840,761856,704512
9199a8b1e7e5cd26254b51bdfac8153996a9b07eeccc9e8e79b7f4191baca711,-1,-1,290816,765952,536576,720896,765952
74b34f4eaca85fe3cfd8bcb3737ad07223b45bf76d1c69531fbf24caea9b012c,-1,-1,-1,680960,753664,753664,707072
3b0eb86a3c2f46e0e8214accb6c07f217e6101c738e5d2cedfc6a0079b60dc83,-1,-1,292864,635392,747008,735744,749568
ea5b06be10f082aed2cbb57cc32c30b060facfd88f40355ecec55a22103d2a4e,-1,-1,-1,-1,-1,-1,-1
de50b38c1e8586092d5ab3191d6b1de2ae5f70ca9f2e87dc01083d2bf4550795,-1,-1,293312,664512,746944,644032,729024
da01d49c9c3d8859cee4c6745ad19d24cc166adfe13f163c7b979c7e379a101b,216,4096,287232,622592,668160,700928,748544
0250f40f836a00c51de24e4584a781b3100272d1f2103fa5784e734a4f07afe7,-1,-1,-1,-1,438272,-1,753664
d5902069021fe215ac4524aaaf43b3b3015808ee413152adbb37408eb2956b95,-1,-1,303104,602112,765952,729088,737280
f7c9bcea23bcadac5e8d9cf837efeb3d025254a5942d02d9eeca7f50c1b61ef7,-1,-1,-1,-1,748544,749568,-1
8318a2685a0788eb8059bf4b884fd502fabbdd508402dc51f212a723dde21890,-1,-1,247296,562176,706560,743936,747008
5422a7df168ea704a8f521474b960d3251117f9535f5502ce8123611f9891329,-1,-1,-1,743936,749568,749568,-1
7d3b9035638d8fffd74ed5315d109b07d8ee6c709b1022520b5a646a67c8aac0,-1,-1,270336,548864,696320,716800,765952
5c083c4a5e7b107a98e36276a14cc62f81e33939d92ce1f784b0c28b6dddbdb2,-1,-1,292864,749568,749568,749568,749568
3bd9cbe8893e51a4f354b7fe3bc8feecfbe230b1381298cb31a800f19cad3509,128,-1,17920,658944,740864,680960,461824
